/*--------------------------------*- C++ -*----------------------------------*\
  =========                 |
  \\      /  F ield         | OpenFOAM: The Open Source CFD Toolbox
   \\    /   O peration     | Website:  https://openfoam.org
    \\  /    A nd           | Version:  7
     \\/     M anipulation  |
\*---------------------------------------------------------------------------*/
FoamFile
{
    version     2.0;
    format      ascii;
    class       vectorField;
    location    "constant/polyMesh";
    object      points;
}
// * * * * * * * * * * * * * * * * * * * * * * * * * * * * * * * * * * * * * //


1054
(
(8.575 0 -0.05)
(8.65 0 -0.05)
(8.725 0 -0.05)
(8.8 0 -0.05)
(8.574915226 0.02997836337 -0.05)
(8.649919688 0.02995122754 -0.05)
(8.72492415 0.0299240917 -0.05)
(8.799928612 0.02989695586 -0.05)
(8.574660996 0.05995117931 -0.05)
(8.649678838 0.05989719961 -0.05)
(8.724696681 0.05984321991 -0.05)
(8.799714523 0.05978924021 -0.05)
(8.574237582 0.08991290632 -0.05)
(8.649277709 0.08983266638 -0.05)
(8.724317836 0.08975242644 -0.05)
(8.799357963 0.0896721865 -0.05)
(8.573645436 0.1198580148 -0.05)
(8.648716729 0.1197523893 -0.05)
(8.723788022 0.1196467638 -0.05)
(8.798859315 0.1195411382 -0.05)
(8.572885194 0.1497809929 -0.05)
(8.6479965 0.1496511466 -0.05)
(8.723107805 0.1495213002 -0.05)
(8.798219111 0.1493914539 -0.05)
(8.571957669 0.1796763525 -0.05)
(8.647117792 0.179523739 -0.05)
(8.722277914 0.1793711254 -0.05)
(8.797438037 0.1792185118 -0.05)
(8.570863855 0.2095386351 -0.05)
(8.646081547 0.2093649952 -0.05)
(8.721299238 0.2091913553 -0.05)
(8.79651693 0.2090177155 -0.05)
(8.569604922 0.2393624175 -0.05)
(8.644888874 0.2391697776 -0.05)
(8.720172825 0.2389771378 -0.05)
(8.795456777 0.2387844979 -0.05)
(8.568182219 0.2691423178 -0.05)
(8.64354105 0.2689329876 -0.05)
(8.718899881 0.2687236573 -0.05)
(8.794258711 0.268514327 -0.05)
(8.56659727 0.2988730012 -0.05)
(8.642039519 0.2986495709 -0.05)
(8.717481768 0.2984261405 -0.05)
(8.792924017 0.2982027102 -0.05)
(8.564851771 0.3285491854 -0.05)
(8.640385889 0.3283145234 -0.05)
(8.715920006 0.3280798614 -0.05)
(8.791454123 0.3278451994 -0.05)
(8.562947592 0.3581656465 -0.05)
(8.638581929 0.3579228961 -0.05)
(8.714216267 0.3576801458 -0.05)
(8.789850604 0.3574373955 -0.05)
(8.560886772 0.3877172247 -0.05)
(8.636629573 0.3874698009 -0.05)
(8.712372375 0.3872223771 -0.05)
(8.788115176 0.3869749533 -0.05)
(8.558671517 0.4171988295 -0.05)
(8.634530911 0.416950415 -0.05)
(8.710390305 0.4167020006 -0.05)
(8.786249698 0.4164535862 -0.05)
(8.5563042 0.4466054455 -0.05)
(8.632288189 0.4463599872 -0.05)
(8.708272179 0.4461145288 -0.05)
(8.784256168 0.4458690705 -0.05)
(8.553787355 0.4759321374 -0.05)
(8.62990381 0.4756938417 -0.05)
(8.706020265 0.4754555461 -0.05)
(8.78213672 0.4752172504 -0.05)
(8.551123678 0.5051740557 -0.05)
(8.627380327 0.5049473845 -0.05)
(8.703636975 0.5047207132 -0.05)
(8.779893624 0.504494042 -0.05)
(8.548316022 0.5343264415 -0.05)
(8.624720441 0.5341161069 -0.05)
(8.701124861 0.5339057724 -0.05)
(8.777529281 0.5336954378 -0.05)
(8.545367391 0.5633846319 -0.05)
(8.621927002 0.5631955917 -0.05)
(8.698486613 0.5630065514 -0.05)
(8.775046224 0.5628175112 -0.05)
(8.542280945 0.5923440648 -0.05)
(8.619003001 0.5921815166 -0.05)
(8.695725056 0.5920189685 -0.05)
(8.772447112 0.5918564203 -0.05)
(8.849169167 0.5916938722 -0.05)
(8.539059988 0.6212002838 -0.05)
(8.615951568 0.62106966 -0.05)
(8.692843147 0.6209390363 -0.05)
(8.769734727 0.6208084125 -0.05)
(8.846626306 0.6206777888 -0.05)
(8.535707969 0.6499489431 -0.05)
(8.612775971 0.6498559048 -0.05)
(8.689843972 0.6497628665 -0.05)
(8.766911974 0.6496698282 -0.05)
(8.843979976 0.6495767898 -0.05)
(8.532228478 0.6785858122 -0.05)
(8.609479611 0.678536243 -0.05)
(8.686730743 0.6784866738 -0.05)
(8.763981876 0.6784371046 -0.05)
(8.841233009 0.6783875354 -0.05)
(8.606066017 0.70710678 -0.05)
(8.683506794 0.70710678 -0.05)
(8.760947571 0.70710678 -0.05)
(8.838388348 0.70710678 -0.05)
(8.575 0 0.05)
(8.65 0 0.05)
(8.725 0 0.05)
(8.8 0 0.05)
(8.574915226 0.02997836337 0.05)
(8.649919688 0.02995122754 0.05)
(8.72492415 0.0299240917 0.05)
(8.799928612 0.02989695586 0.05)
(8.574660996 0.05995117931 0.05)
(8.649678838 0.05989719961 0.05)
(8.724696681 0.05984321991 0.05)
(8.799714523 0.05978924021 0.05)
(8.574237582 0.08991290632 0.05)
(8.649277709 0.08983266638 0.05)
(8.724317836 0.08975242644 0.05)
(8.799357963 0.0896721865 0.05)
(8.573645436 0.1198580148 0.05)
(8.648716729 0.1197523893 0.05)
(8.723788022 0.1196467638 0.05)
(8.798859315 0.1195411382 0.05)
(8.572885194 0.1497809929 0.05)
(8.6479965 0.1496511466 0.05)
(8.723107805 0.1495213002 0.05)
(8.798219111 0.1493914539 0.05)
(8.571957669 0.1796763525 0.05)
(8.647117792 0.179523739 0.05)
(8.722277914 0.1793711254 0.05)
(8.797438037 0.1792185118 0.05)
(8.570863855 0.2095386351 0.05)
(8.646081547 0.2093649952 0.05)
(8.721299238 0.2091913553 0.05)
(8.79651693 0.2090177155 0.05)
(8.569604922 0.2393624175 0.05)
(8.644888874 0.2391697776 0.05)
(8.720172825 0.2389771378 0.05)
(8.795456777 0.2387844979 0.05)
(8.568182219 0.2691423178 0.05)
(8.64354105 0.2689329876 0.05)
(8.718899881 0.2687236573 0.05)
(8.794258711 0.268514327 0.05)
(8.56659727 0.2988730012 0.05)
(8.642039519 0.2986495709 0.05)
(8.717481768 0.2984261405 0.05)
(8.792924017 0.2982027102 0.05)
(8.564851771 0.3285491854 0.05)
(8.640385889 0.3283145234 0.05)
(8.715920006 0.3280798614 0.05)
(8.791454123 0.3278451994 0.05)
(8.562947592 0.3581656465 0.05)
(8.638581929 0.3579228961 0.05)
(8.714216267 0.3576801458 0.05)
(8.789850604 0.3574373955 0.05)
(8.560886772 0.3877172247 0.05)
(8.636629573 0.3874698009 0.05)
(8.712372375 0.3872223771 0.05)
(8.788115176 0.3869749533 0.05)
(8.558671517 0.4171988295 0.05)
(8.634530911 0.416950415 0.05)
(8.710390305 0.4167020006 0.05)
(8.786249698 0.4164535862 0.05)
(8.5563042 0.4466054455 0.05)
(8.632288189 0.4463599872 0.05)
(8.708272179 0.4461145288 0.05)
(8.784256168 0.4458690705 0.05)
(8.553787355 0.4759321374 0.05)
(8.62990381 0.4756938417 0.05)
(8.706020265 0.4754555461 0.05)
(8.78213672 0.4752172504 0.05)
(8.551123678 0.5051740557 0.05)
(8.627380327 0.5049473845 0.05)
(8.703636975 0.5047207132 0.05)
(8.779893624 0.504494042 0.05)
(8.548316022 0.5343264415 0.05)
(8.624720441 0.5341161069 0.05)
(8.701124861 0.5339057724 0.05)
(8.777529281 0.5336954378 0.05)
(8.545367391 0.5633846319 0.05)
(8.621927002 0.5631955917 0.05)
(8.698486613 0.5630065514 0.05)
(8.775046224 0.5628175112 0.05)
(8.542280945 0.5923440648 0.05)
(8.619003001 0.5921815166 0.05)
(8.695725056 0.5920189685 0.05)
(8.772447112 0.5918564203 0.05)
(8.849169167 0.5916938722 0.05)
(8.539059988 0.6212002838 0.05)
(8.615951568 0.62106966 0.05)
(8.692843147 0.6209390363 0.05)
(8.769734727 0.6208084125 0.05)
(8.846626306 0.6206777888 0.05)
(8.535707969 0.6499489431 0.05)
(8.612775971 0.6498559048 0.05)
(8.689843972 0.6497628665 0.05)
(8.766911974 0.6496698282 0.05)
(8.843979976 0.6495767898 0.05)
(8.532228478 0.6785858122 0.05)
(8.609479611 0.678536243 0.05)
(8.686730743 0.6784866738 0.05)
(8.763981876 0.6784371046 0.05)
(8.841233009 0.6783875354 0.05)
(8.606066017 0.70710678 0.05)
(8.683506794 0.70710678 0.05)
(8.760947571 0.70710678 0.05)
(8.838388348 0.70710678 0.05)
(8.606066017 0.7894291105 -0.05)
(8.683506794 0.7894291105 -0.05)
(8.760947571 0.7894291105 -0.05)
(8.838388347 0.7894291105 -0.05)
(8.606066017 0.871751441 -0.05)
(8.683506794 0.871751441 -0.05)
(8.760947571 0.871751441 -0.05)
(8.838388348 0.871751441 -0.05)
(8.606066017 0.9540737715 -0.05)
(8.683506794 0.9540737715 -0.05)
(8.760947571 0.9540737715 -0.05)
(8.838388348 0.9540737715 -0.05)
(8.606066017 1.036396102 -0.05)
(8.683506794 1.036396102 -0.05)
(8.760947571 1.036396102 -0.05)
(8.838388348 1.036396102 -0.05)
(8.606066017 1.118718432 -0.05)
(8.683506794 1.118718432 -0.05)
(8.760947571 1.118718432 -0.05)
(8.838388348 1.118718433 -0.05)
(8.606066017 1.201040763 -0.05)
(8.683506794 1.201040763 -0.05)
(8.760947571 1.201040763 -0.05)
(8.838388347 1.201040763 -0.05)
(8.606066017 1.283363094 -0.05)
(8.683506794 1.283363093 -0.05)
(8.760947571 1.283363093 -0.05)
(8.838388348 1.283363093 -0.05)
(8.606066017 1.365685424 -0.05)
(8.683506794 1.365685424 -0.05)
(8.760947571 1.365685424 -0.05)
(8.838388348 1.365685424 -0.05)
(8.606066017 1.448007754 -0.05)
(8.683506794 1.448007755 -0.05)
(8.760947571 1.448007755 -0.05)
(8.838388348 1.448007754 -0.05)
(8.606066017 1.530330085 -0.05)
(8.683506794 1.530330085 -0.05)
(8.760947571 1.530330085 -0.05)
(8.838388348 1.530330085 -0.05)
(8.606066017 1.612652416 -0.05)
(8.683506794 1.612652416 -0.05)
(8.760947571 1.612652416 -0.05)
(8.838388348 1.612652416 -0.05)
(8.606066017 1.694974746 -0.05)
(8.683506794 1.694974746 -0.05)
(8.760947571 1.694974746 -0.05)
(8.838388348 1.694974746 -0.05)
(8.606066017 1.777297077 -0.05)
(8.683506794 1.777297077 -0.05)
(8.760947571 1.777297077 -0.05)
(8.838388348 1.777297077 -0.05)
(8.606066017 1.859619407 -0.05)
(8.683506794 1.859619407 -0.05)
(8.760947571 1.859619407 -0.05)
(8.838388348 1.859619407 -0.05)
(8.606066017 1.941941737 -0.05)
(8.683506794 1.941941738 -0.05)
(8.760947571 1.941941737 -0.05)
(8.838388348 1.941941737 -0.05)
(8.606066017 2.024264068 -0.05)
(8.683506794 2.024264068 -0.05)
(8.760947571 2.024264068 -0.05)
(8.838388348 2.024264068 -0.05)
(8.606066017 2.106586399 -0.05)
(8.683506794 2.106586398 -0.05)
(8.760947571 2.106586398 -0.05)
(8.838388348 2.106586399 -0.05)
(8.606066017 2.188908729 -0.05)
(8.683506794 2.188908729 -0.05)
(8.760947571 2.188908729 -0.05)
(8.838388348 2.188908729 -0.05)
(8.606066017 2.27123106 -0.05)
(8.683506794 2.27123106 -0.05)
(8.760947571 2.271231059 -0.05)
(8.838388348 2.271231059 -0.05)
(8.606066017 2.35355339 -0.05)
(8.683506794 2.35355339 -0.05)
(8.760947571 2.35355339 -0.05)
(8.838388348 2.35355339 -0.05)
(8.606066017 2.43587572 -0.05)
(8.683506794 2.43587572 -0.05)
(8.760947571 2.43587572 -0.05)
(8.838388348 2.43587572 -0.05)
(8.606066017 2.518198051 -0.05)
(8.683506794 2.518198051 -0.05)
(8.760947571 2.518198051 -0.05)
(8.838388348 2.518198051 -0.05)
(8.606066017 2.600520381 -0.05)
(8.683506794 2.600520381 -0.05)
(8.760947571 2.600520381 -0.05)
(8.838388348 2.600520381 -0.05)
(8.606066017 2.682842712 -0.05)
(8.683506794 2.682842712 -0.05)
(8.760947571 2.682842712 -0.05)
(8.838388348 2.682842712 -0.05)
(8.606066017 2.765165043 -0.05)
(8.683506794 2.765165042 -0.05)
(8.760947571 2.765165043 -0.05)
(8.838388348 2.765165043 -0.05)
(8.606066017 2.847487373 -0.05)
(8.683506794 2.847487373 -0.05)
(8.760947571 2.847487373 -0.05)
(8.838388348 2.847487373 -0.05)
(8.606066017 2.929809704 -0.05)
(8.683506794 2.929809704 -0.05)
(8.760947571 2.929809704 -0.05)
(8.838388348 2.929809704 -0.05)
(8.606066017 3.012132034 -0.05)
(8.683506794 3.012132034 -0.05)
(8.760947571 3.012132034 -0.05)
(8.838388348 3.012132034 -0.05)
(8.606066017 3.094454365 -0.05)
(8.683506794 3.094454364 -0.05)
(8.760947571 3.094454365 -0.05)
(8.838388348 3.094454365 -0.05)
(8.606066017 3.176776695 -0.05)
(8.683506794 3.176776695 -0.05)
(8.760947571 3.176776695 -0.05)
(8.838388348 3.176776695 -0.05)
(8.606066017 3.259099025 -0.05)
(8.683506794 3.259099025 -0.05)
(8.760947571 3.259099026 -0.05)
(8.838388348 3.259099025 -0.05)
(8.606066017 3.341421356 -0.05)
(8.683506794 3.341421356 -0.05)
(8.760947571 3.341421356 -0.05)
(8.838388348 3.341421356 -0.05)
(8.606066017 3.423743686 -0.05)
(8.683506794 3.423743686 -0.05)
(8.760947571 3.423743686 -0.05)
(8.838388348 3.423743686 -0.05)
(8.606066017 3.506066017 -0.05)
(8.683506794 3.506066017 -0.05)
(8.760947571 3.506066017 -0.05)
(8.838388347 3.506066017 -0.05)
(8.606066017 3.588388348 -0.05)
(8.683506794 3.588388348 -0.05)
(8.760947571 3.588388348 -0.05)
(8.838388348 3.588388348 -0.05)
(8.606066017 3.670710678 -0.05)
(8.683506794 3.670710678 -0.05)
(8.760947571 3.670710678 -0.05)
(8.838388348 3.670710678 -0.05)
(8.606066017 3.753033008 -0.05)
(8.683506794 3.753033008 -0.05)
(8.760947571 3.753033009 -0.05)
(8.838388348 3.753033009 -0.05)
(8.606066017 3.835355339 -0.05)
(8.683506794 3.835355339 -0.05)
(8.760947571 3.835355339 -0.05)
(8.838388348 3.835355339 -0.05)
(8.606066017 3.91767767 -0.05)
(8.683506794 3.917677669 -0.05)
(8.760947571 3.917677669 -0.05)
(8.838388347 3.91767767 -0.05)
(8.606066017 4 -0.05)
(8.683506794 4 -0.05)
(8.760947571 4 -0.05)
(8.838388348 4 -0.05)
(8.606066017 0.7894291105 0.05)
(8.683506794 0.7894291105 0.05)
(8.760947571 0.7894291105 0.05)
(8.838388347 0.7894291105 0.05)
(8.606066017 0.871751441 0.05)
(8.683506794 0.871751441 0.05)
(8.760947571 0.871751441 0.05)
(8.838388348 0.871751441 0.05)
(8.606066017 0.9540737715 0.05)
(8.683506794 0.9540737715 0.05)
(8.760947571 0.9540737715 0.05)
(8.838388348 0.9540737715 0.05)
(8.606066017 1.036396102 0.05)
(8.683506794 1.036396102 0.05)
(8.760947571 1.036396102 0.05)
(8.838388348 1.036396102 0.05)
(8.606066017 1.118718432 0.05)
(8.683506794 1.118718432 0.05)
(8.760947571 1.118718432 0.05)
(8.838388348 1.118718433 0.05)
(8.606066017 1.201040763 0.05)
(8.683506794 1.201040763 0.05)
(8.760947571 1.201040763 0.05)
(8.838388347 1.201040763 0.05)
(8.606066017 1.283363094 0.05)
(8.683506794 1.283363093 0.05)
(8.760947571 1.283363093 0.05)
(8.838388348 1.283363093 0.05)
(8.606066017 1.365685424 0.05)
(8.683506794 1.365685424 0.05)
(8.760947571 1.365685424 0.05)
(8.838388348 1.365685424 0.05)
(8.606066017 1.448007754 0.05)
(8.683506794 1.448007755 0.05)
(8.760947571 1.448007755 0.05)
(8.838388348 1.448007754 0.05)
(8.606066017 1.530330085 0.05)
(8.683506794 1.530330085 0.05)
(8.760947571 1.530330085 0.05)
(8.838388348 1.530330085 0.05)
(8.606066017 1.612652416 0.05)
(8.683506794 1.612652416 0.05)
(8.760947571 1.612652416 0.05)
(8.838388348 1.612652416 0.05)
(8.606066017 1.694974746 0.05)
(8.683506794 1.694974746 0.05)
(8.760947571 1.694974746 0.05)
(8.838388348 1.694974746 0.05)
(8.606066017 1.777297077 0.05)
(8.683506794 1.777297077 0.05)
(8.760947571 1.777297077 0.05)
(8.838388348 1.777297077 0.05)
(8.606066017 1.859619407 0.05)
(8.683506794 1.859619407 0.05)
(8.760947571 1.859619407 0.05)
(8.838388348 1.859619407 0.05)
(8.606066017 1.941941737 0.05)
(8.683506794 1.941941738 0.05)
(8.760947571 1.941941737 0.05)
(8.838388348 1.941941737 0.05)
(8.606066017 2.024264068 0.05)
(8.683506794 2.024264068 0.05)
(8.760947571 2.024264068 0.05)
(8.838388348 2.024264068 0.05)
(8.606066017 2.106586398 0.05)
(8.683506794 2.106586398 0.05)
(8.760947571 2.106586398 0.05)
(8.838388348 2.106586399 0.05)
(8.606066017 2.188908729 0.05)
(8.683506794 2.188908729 0.05)
(8.760947571 2.188908729 0.05)
(8.838388348 2.188908729 0.05)
(8.606066017 2.27123106 0.05)
(8.683506794 2.27123106 0.05)
(8.760947571 2.271231059 0.05)
(8.838388348 2.271231059 0.05)
(8.606066017 2.35355339 0.05)
(8.683506794 2.35355339 0.05)
(8.760947571 2.35355339 0.05)
(8.838388348 2.35355339 0.05)
(8.606066017 2.43587572 0.05)
(8.683506794 2.43587572 0.05)
(8.760947571 2.43587572 0.05)
(8.838388348 2.43587572 0.05)
(8.606066017 2.518198051 0.05)
(8.683506794 2.518198051 0.05)
(8.760947571 2.518198051 0.05)
(8.838388348 2.518198051 0.05)
(8.606066017 2.600520381 0.05)
(8.683506794 2.600520381 0.05)
(8.760947571 2.600520381 0.05)
(8.838388348 2.600520381 0.05)
(8.606066017 2.682842712 0.05)
(8.683506794 2.682842712 0.05)
(8.760947571 2.682842712 0.05)
(8.838388348 2.682842712 0.05)
(8.606066017 2.765165043 0.05)
(8.683506794 2.765165042 0.05)
(8.760947571 2.765165043 0.05)
(8.838388348 2.765165043 0.05)
(8.606066017 2.847487373 0.05)
(8.683506794 2.847487373 0.05)
(8.760947571 2.847487373 0.05)
(8.838388348 2.847487373 0.05)
(8.606066017 2.929809704 0.05)
(8.683506794 2.929809704 0.05)
(8.760947571 2.929809704 0.05)
(8.838388348 2.929809704 0.05)
(8.606066017 3.012132034 0.05)
(8.683506794 3.012132034 0.05)
(8.760947571 3.012132034 0.05)
(8.838388348 3.012132034 0.05)
(8.606066017 3.094454365 0.05)
(8.683506794 3.094454364 0.05)
(8.760947571 3.094454365 0.05)
(8.838388348 3.094454365 0.05)
(8.606066017 3.176776695 0.05)
(8.683506794 3.176776695 0.05)
(8.760947571 3.176776695 0.05)
(8.838388348 3.176776695 0.05)
(8.606066017 3.259099025 0.05)
(8.683506794 3.259099025 0.05)
(8.760947571 3.259099026 0.05)
(8.838388348 3.259099025 0.05)
(8.606066017 3.341421356 0.05)
(8.683506794 3.341421356 0.05)
(8.760947571 3.341421356 0.05)
(8.838388348 3.341421356 0.05)
(8.606066017 3.423743686 0.05)
(8.683506794 3.423743686 0.05)
(8.760947571 3.423743686 0.05)
(8.838388348 3.423743686 0.05)
(8.606066017 3.506066017 0.05)
(8.683506794 3.506066017 0.05)
(8.760947571 3.506066017 0.05)
(8.838388347 3.506066017 0.05)
(8.606066017 3.588388348 0.05)
(8.683506794 3.588388348 0.05)
(8.760947571 3.588388348 0.05)
(8.838388348 3.588388348 0.05)
(8.606066017 3.670710678 0.05)
(8.683506794 3.670710678 0.05)
(8.760947571 3.670710678 0.05)
(8.838388348 3.670710678 0.05)
(8.606066017 3.753033008 0.05)
(8.683506794 3.753033008 0.05)
(8.760947571 3.753033009 0.05)
(8.838388348 3.753033009 0.05)
(8.606066017 3.835355339 0.05)
(8.683506794 3.835355339 0.05)
(8.760947571 3.835355339 0.05)
(8.838388348 3.835355339 0.05)
(8.606066017 3.91767767 0.05)
(8.683506794 3.917677669 0.05)
(8.760947571 3.917677669 0.05)
(8.838388347 3.91767767 0.05)
(8.606066017 4 0.05)
(8.683506794 4 0.05)
(8.760947571 4 0.05)
(8.838388348 4 0.05)
(8.52862524 -3.835355339 -0.05)
(8.52862524 -3.917677669 -0.05)
(8.52862524 -4 -0.05)
(8.606066017 -0.70710678 -0.05)
(8.606066017 -0.7894291105 -0.05)
(8.606066017 -0.871751441 -0.05)
(8.606066017 -0.9540737715 -0.05)
(8.606066017 -1.036396102 -0.05)
(8.606066017 -1.118718432 -0.05)
(8.606066017 -1.201040763 -0.05)
(8.606066017 -1.283363093 -0.05)
(8.606066017 -1.365685424 -0.05)
(8.606066017 -1.448007755 -0.05)
(8.606066017 -1.530330085 -0.05)
(8.606066017 -1.612652416 -0.05)
(8.606066017 -1.694974746 -0.05)
(8.606066017 -1.777297077 -0.05)
(8.606066017 -1.859619407 -0.05)
(8.606066017 -1.941941737 -0.05)
(8.606066017 -2.024264068 -0.05)
(8.606066017 -2.106586398 -0.05)
(8.606066017 -2.188908729 -0.05)
(8.606066017 -2.27123106 -0.05)
(8.606066017 -2.35355339 -0.05)
(8.606066017 -2.43587572 -0.05)
(8.606066017 -2.518198051 -0.05)
(8.606066017 -2.600520381 -0.05)
(8.606066017 -2.682842712 -0.05)
(8.606066017 -2.765165043 -0.05)
(8.606066017 -2.847487373 -0.05)
(8.606066017 -2.929809704 -0.05)
(8.606066017 -3.012132034 -0.05)
(8.606066017 -3.094454365 -0.05)
(8.606066017 -3.176776695 -0.05)
(8.606066017 -3.259099025 -0.05)
(8.606066017 -3.341421356 -0.05)
(8.606066017 -3.423743686 -0.05)
(8.606066017 -3.506066017 -0.05)
(8.606066017 -3.588388348 -0.05)
(8.606066017 -3.670710678 -0.05)
(8.606066017 -3.753033008 -0.05)
(8.606066017 -3.835355339 -0.05)
(8.606066017 -3.917677669 -0.05)
(8.606066017 -4 -0.05)
(8.683506794 -0.70710678 -0.05)
(8.683506794 -0.7894291105 -0.05)
(8.683506794 -0.871751441 -0.05)
(8.683506794 -0.9540737715 -0.05)
(8.683506794 -1.036396102 -0.05)
(8.683506794 -1.118718432 -0.05)
(8.683506794 -1.201040763 -0.05)
(8.683506794 -1.283363093 -0.05)
(8.683506794 -1.365685424 -0.05)
(8.683506794 -1.448007755 -0.05)
(8.683506794 -1.530330085 -0.05)
(8.683506794 -1.612652416 -0.05)
(8.683506794 -1.694974746 -0.05)
(8.683506794 -1.777297077 -0.05)
(8.683506794 -1.859619407 -0.05)
(8.683506794 -1.941941737 -0.05)
(8.683506794 -2.024264068 -0.05)
(8.683506794 -2.106586398 -0.05)
(8.683506794 -2.188908729 -0.05)
(8.683506794 -2.27123106 -0.05)
(8.683506794 -2.35355339 -0.05)
(8.683506794 -2.43587572 -0.05)
(8.683506794 -2.518198051 -0.05)
(8.683506794 -2.600520381 -0.05)
(8.683506794 -2.682842712 -0.05)
(8.683506794 -2.765165043 -0.05)
(8.683506794 -2.847487373 -0.05)
(8.683506794 -2.929809704 -0.05)
(8.683506794 -3.012132034 -0.05)
(8.683506794 -3.094454365 -0.05)
(8.683506794 -3.176776695 -0.05)
(8.683506794 -3.259099026 -0.05)
(8.683506794 -3.341421356 -0.05)
(8.683506794 -3.423743686 -0.05)
(8.683506794 -3.506066017 -0.05)
(8.683506794 -3.588388348 -0.05)
(8.683506794 -3.670710678 -0.05)
(8.683506794 -3.753033009 -0.05)
(8.683506794 -3.835355339 -0.05)
(8.683506794 -3.917677669 -0.05)
(8.683506794 -4 -0.05)
(8.760947571 -0.70710678 -0.05)
(8.760947571 -0.7894291105 -0.05)
(8.760947571 -0.871751441 -0.05)
(8.760947571 -0.9540737715 -0.05)
(8.760947571 -1.036396102 -0.05)
(8.760947571 -1.118718433 -0.05)
(8.760947571 -1.201040763 -0.05)
(8.760947571 -1.283363093 -0.05)
(8.760947571 -1.365685424 -0.05)
(8.760947571 -1.448007755 -0.05)
(8.760947571 -1.530330085 -0.05)
(8.760947571 -1.612652416 -0.05)
(8.760947571 -1.694974746 -0.05)
(8.760947571 -1.777297077 -0.05)
(8.760947571 -1.859619407 -0.05)
(8.760947571 -1.941941737 -0.05)
(8.760947571 -2.024264068 -0.05)
(8.760947571 -2.106586398 -0.05)
(8.760947571 -2.188908729 -0.05)
(8.760947571 -2.271231059 -0.05)
(8.760947571 -2.35355339 -0.05)
(8.760947571 -2.43587572 -0.05)
(8.760947571 -2.518198051 -0.05)
(8.760947571 -2.600520381 -0.05)
(8.760947571 -2.682842712 -0.05)
(8.760947571 -2.765165043 -0.05)
(8.760947571 -2.847487373 -0.05)
(8.760947571 -2.929809704 -0.05)
(8.760947571 -3.012132034 -0.05)
(8.760947571 -3.094454365 -0.05)
(8.760947571 -3.176776695 -0.05)
(8.760947571 -3.259099025 -0.05)
(8.760947571 -3.341421356 -0.05)
(8.760947571 -3.423743686 -0.05)
(8.760947571 -3.506066017 -0.05)
(8.760947571 -3.588388348 -0.05)
(8.760947571 -3.670710678 -0.05)
(8.760947571 -3.753033009 -0.05)
(8.760947571 -3.835355339 -0.05)
(8.760947571 -3.917677669 -0.05)
(8.760947571 -4 -0.05)
(8.838388348 -0.70710678 -0.05)
(8.838388347 -0.7894291105 -0.05)
(8.838388348 -0.871751441 -0.05)
(8.838388348 -0.9540737715 -0.05)
(8.838388348 -1.036396102 -0.05)
(8.838388348 -1.118718433 -0.05)
(8.838388347 -1.201040763 -0.05)
(8.838388348 -1.283363093 -0.05)
(8.838388348 -1.365685424 -0.05)
(8.838388348 -1.448007754 -0.05)
(8.838388348 -1.530330085 -0.05)
(8.838388348 -1.612652416 -0.05)
(8.838388348 -1.694974746 -0.05)
(8.838388348 -1.777297077 -0.05)
(8.838388348 -1.859619407 -0.05)
(8.838388348 -1.941941737 -0.05)
(8.838388348 -2.024264068 -0.05)
(8.838388348 -2.106586398 -0.05)
(8.838388348 -2.188908729 -0.05)
(8.838388348 -2.271231059 -0.05)
(8.838388348 -2.35355339 -0.05)
(8.838388348 -2.43587572 -0.05)
(8.838388348 -2.518198051 -0.05)
(8.838388348 -2.600520381 -0.05)
(8.838388348 -2.682842712 -0.05)
(8.838388348 -2.765165042 -0.05)
(8.838388348 -2.847487373 -0.05)
(8.838388348 -2.929809704 -0.05)
(8.838388348 -3.012132034 -0.05)
(8.838388348 -3.094454364 -0.05)
(8.838388348 -3.176776695 -0.05)
(8.838388348 -3.259099025 -0.05)
(8.838388348 -3.341421356 -0.05)
(8.838388348 -3.423743686 -0.05)
(8.838388347 -3.506066017 -0.05)
(8.838388348 -3.588388348 -0.05)
(8.838388348 -3.670710678 -0.05)
(8.838388348 -3.753033009 -0.05)
(8.838388348 -3.835355339 -0.05)
(8.838388347 -3.91767767 -0.05)
(8.838388348 -4 -0.05)
(8.52862524 -3.835355339 0.05)
(8.52862524 -3.917677669 0.05)
(8.52862524 -4 0.05)
(8.606066017 -0.70710678 0.05)
(8.606066017 -0.7894291105 0.05)
(8.606066017 -0.871751441 0.05)
(8.606066017 -0.9540737715 0.05)
(8.606066017 -1.036396102 0.05)
(8.606066017 -1.118718432 0.05)
(8.606066017 -1.201040763 0.05)
(8.606066017 -1.283363093 0.05)
(8.606066017 -1.365685424 0.05)
(8.606066017 -1.448007755 0.05)
(8.606066017 -1.530330085 0.05)
(8.606066017 -1.612652416 0.05)
(8.606066017 -1.694974746 0.05)
(8.606066017 -1.777297077 0.05)
(8.606066017 -1.859619407 0.05)
(8.606066017 -1.941941737 0.05)
(8.606066017 -2.024264068 0.05)
(8.606066017 -2.106586398 0.05)
(8.606066017 -2.188908729 0.05)
(8.606066017 -2.27123106 0.05)
(8.606066017 -2.35355339 0.05)
(8.606066017 -2.43587572 0.05)
(8.606066017 -2.518198051 0.05)
(8.606066017 -2.600520381 0.05)
(8.606066017 -2.682842712 0.05)
(8.606066017 -2.765165042 0.05)
(8.606066017 -2.847487373 0.05)
(8.606066017 -2.929809704 0.05)
(8.606066017 -3.012132034 0.05)
(8.606066017 -3.094454365 0.05)
(8.606066017 -3.176776695 0.05)
(8.606066017 -3.259099025 0.05)
(8.606066017 -3.341421356 0.05)
(8.606066017 -3.423743686 0.05)
(8.606066017 -3.506066017 0.05)
(8.606066017 -3.588388348 0.05)
(8.606066017 -3.670710678 0.05)
(8.606066017 -3.753033008 0.05)
(8.606066017 -3.835355339 0.05)
(8.606066017 -3.91767767 0.05)
(8.606066017 -4 0.05)
(8.683506794 -0.70710678 0.05)
(8.683506794 -0.7894291105 0.05)
(8.683506794 -0.871751441 0.05)
(8.683506794 -0.9540737715 0.05)
(8.683506794 -1.036396102 0.05)
(8.683506794 -1.118718432 0.05)
(8.683506794 -1.201040763 0.05)
(8.683506794 -1.283363093 0.05)
(8.683506794 -1.365685424 0.05)
(8.683506794 -1.448007755 0.05)
(8.683506794 -1.530330085 0.05)
(8.683506794 -1.612652416 0.05)
(8.683506794 -1.694974746 0.05)
(8.683506794 -1.777297077 0.05)
(8.683506794 -1.859619407 0.05)
(8.683506794 -1.941941737 0.05)
(8.683506794 -2.024264068 0.05)
(8.683506794 -2.106586398 0.05)
(8.683506794 -2.188908729 0.05)
(8.683506794 -2.27123106 0.05)
(8.683506794 -2.35355339 0.05)
(8.683506794 -2.43587572 0.05)
(8.683506794 -2.518198051 0.05)
(8.683506794 -2.600520381 0.05)
(8.683506794 -2.682842712 0.05)
(8.683506794 -2.765165043 0.05)
(8.683506794 -2.847487373 0.05)
(8.683506794 -2.929809704 0.05)
(8.683506794 -3.012132034 0.05)
(8.683506794 -3.094454365 0.05)
(8.683506794 -3.176776695 0.05)
(8.683506794 -3.259099025 0.05)
(8.683506794 -3.341421356 0.05)
(8.683506794 -3.423743686 0.05)
(8.683506794 -3.506066017 0.05)
(8.683506794 -3.588388348 0.05)
(8.683506794 -3.670710678 0.05)
(8.683506794 -3.753033009 0.05)
(8.683506794 -3.835355339 0.05)
(8.683506794 -3.917677669 0.05)
(8.683506794 -4 0.05)
(8.760947571 -0.70710678 0.05)
(8.760947571 -0.7894291105 0.05)
(8.760947571 -0.871751441 0.05)
(8.760947571 -0.9540737715 0.05)
(8.760947571 -1.036396102 0.05)
(8.760947571 -1.118718433 0.05)
(8.760947571 -1.201040763 0.05)
(8.760947571 -1.283363093 0.05)
(8.760947571 -1.365685424 0.05)
(8.760947571 -1.448007755 0.05)
(8.760947571 -1.530330085 0.05)
(8.760947571 -1.612652415 0.05)
(8.760947571 -1.694974746 0.05)
(8.760947571 -1.777297077 0.05)
(8.760947571 -1.859619407 0.05)
(8.760947571 -1.941941737 0.05)
(8.760947571 -2.024264068 0.05)
(8.760947571 -2.106586398 0.05)
(8.760947571 -2.188908729 0.05)
(8.760947571 -2.271231059 0.05)
(8.760947571 -2.35355339 0.05)
(8.760947571 -2.43587572 0.05)
(8.760947571 -2.518198051 0.05)
(8.760947571 -2.600520381 0.05)
(8.760947571 -2.682842712 0.05)
(8.760947571 -2.765165042 0.05)
(8.760947571 -2.847487373 0.05)
(8.760947571 -2.929809704 0.05)
(8.760947571 -3.012132034 0.05)
(8.760947571 -3.094454365 0.05)
(8.760947571 -3.176776695 0.05)
(8.760947571 -3.259099025 0.05)
(8.760947571 -3.341421356 0.05)
(8.760947571 -3.423743686 0.05)
(8.760947571 -3.506066017 0.05)
(8.760947571 -3.588388348 0.05)
(8.760947571 -3.670710678 0.05)
(8.760947571 -3.753033009 0.05)
(8.760947571 -3.835355339 0.05)
(8.760947571 -3.917677669 0.05)
(8.760947571 -4 0.05)
(8.838388348 -0.70710678 0.05)
(8.838388347 -0.7894291105 0.05)
(8.838388348 -0.871751441 0.05)
(8.838388348 -0.9540737715 0.05)
(8.838388348 -1.036396102 0.05)
(8.838388348 -1.118718433 0.05)
(8.838388347 -1.201040763 0.05)
(8.838388348 -1.283363093 0.05)
(8.838388348 -1.365685424 0.05)
(8.838388348 -1.448007754 0.05)
(8.838388348 -1.530330085 0.05)
(8.838388348 -1.612652416 0.05)
(8.838388348 -1.694974746 0.05)
(8.838388348 -1.777297077 0.05)
(8.838388348 -1.859619407 0.05)
(8.838388348 -1.941941737 0.05)
(8.838388348 -2.024264068 0.05)
(8.838388348 -2.106586398 0.05)
(8.838388348 -2.188908729 0.05)
(8.838388348 -2.271231059 0.05)
(8.838388348 -2.35355339 0.05)
(8.838388348 -2.43587572 0.05)
(8.838388348 -2.518198051 0.05)
(8.838388348 -2.600520381 0.05)
(8.838388348 -2.682842712 0.05)
(8.838388348 -2.765165042 0.05)
(8.838388348 -2.847487373 0.05)
(8.838388348 -2.929809704 0.05)
(8.838388348 -3.012132034 0.05)
(8.838388348 -3.094454364 0.05)
(8.838388348 -3.176776695 0.05)
(8.838388348 -3.259099025 0.05)
(8.838388348 -3.341421356 0.05)
(8.838388348 -3.423743686 0.05)
(8.838388347 -3.506066017 0.05)
(8.838388348 -3.588388348 0.05)
(8.838388348 -3.670710678 0.05)
(8.838388348 -3.753033009 0.05)
(8.838388348 -3.835355339 0.05)
(8.838388347 -3.91767767 0.05)
(8.838388348 -4 0.05)
(8.532228478 -0.6785858122 -0.05)
(8.609479611 -0.678536243 -0.05)
(8.686730743 -0.6784866738 -0.05)
(8.763981876 -0.6784371046 -0.05)
(8.841233009 -0.6783875354 -0.05)
(8.535707969 -0.6499489431 -0.05)
(8.612775971 -0.6498559048 -0.05)
(8.689843972 -0.6497628665 -0.05)
(8.766911974 -0.6496698282 -0.05)
(8.843979976 -0.6495767898 -0.05)
(8.539059988 -0.6212002838 -0.05)
(8.615951568 -0.62106966 -0.05)
(8.692843147 -0.6209390363 -0.05)
(8.769734727 -0.6208084125 -0.05)
(8.846626306 -0.6206777888 -0.05)
(8.542280945 -0.5923440648 -0.05)
(8.619003001 -0.5921815166 -0.05)
(8.695725056 -0.5920189685 -0.05)
(8.772447112 -0.5918564203 -0.05)
(8.849169167 -0.5916938722 -0.05)
(8.545367391 -0.5633846319 -0.05)
(8.621927002 -0.5631955917 -0.05)
(8.698486613 -0.5630065514 -0.05)
(8.775046224 -0.5628175112 -0.05)
(8.548316022 -0.5343264415 -0.05)
(8.624720441 -0.5341161069 -0.05)
(8.701124861 -0.5339057724 -0.05)
(8.777529281 -0.5336954378 -0.05)
(8.551123678 -0.5051740557 -0.05)
(8.627380327 -0.5049473845 -0.05)
(8.703636975 -0.5047207132 -0.05)
(8.779893624 -0.504494042 -0.05)
(8.553787355 -0.4759321374 -0.05)
(8.62990381 -0.4756938417 -0.05)
(8.706020265 -0.4754555461 -0.05)
(8.78213672 -0.4752172504 -0.05)
(8.5563042 -0.4466054455 -0.05)
(8.632288189 -0.4463599872 -0.05)
(8.708272179 -0.4461145288 -0.05)
(8.784256168 -0.4458690705 -0.05)
(8.558671517 -0.4171988295 -0.05)
(8.634530911 -0.416950415 -0.05)
(8.710390305 -0.4167020006 -0.05)
(8.786249698 -0.4164535862 -0.05)
(8.560886772 -0.3877172247 -0.05)
(8.636629573 -0.3874698009 -0.05)
(8.712372375 -0.3872223771 -0.05)
(8.788115176 -0.3869749533 -0.05)
(8.562947592 -0.3581656465 -0.05)
(8.638581929 -0.3579228961 -0.05)
(8.714216267 -0.3576801458 -0.05)
(8.789850604 -0.3574373955 -0.05)
(8.564851771 -0.3285491854 -0.05)
(8.640385889 -0.3283145234 -0.05)
(8.715920006 -0.3280798614 -0.05)
(8.791454123 -0.3278451994 -0.05)
(8.56659727 -0.2988730012 -0.05)
(8.642039519 -0.2986495709 -0.05)
(8.717481768 -0.2984261405 -0.05)
(8.792924017 -0.2982027102 -0.05)
(8.568182219 -0.2691423178 -0.05)
(8.64354105 -0.2689329876 -0.05)
(8.718899881 -0.2687236573 -0.05)
(8.794258711 -0.268514327 -0.05)
(8.569604922 -0.2393624175 -0.05)
(8.644888874 -0.2391697776 -0.05)
(8.720172825 -0.2389771378 -0.05)
(8.795456777 -0.2387844979 -0.05)
(8.570863855 -0.2095386351 -0.05)
(8.646081547 -0.2093649952 -0.05)
(8.721299238 -0.2091913553 -0.05)
(8.79651693 -0.2090177155 -0.05)
(8.571957669 -0.1796763525 -0.05)
(8.647117792 -0.179523739 -0.05)
(8.722277914 -0.1793711254 -0.05)
(8.797438037 -0.1792185118 -0.05)
(8.572885194 -0.1497809929 -0.05)
(8.6479965 -0.1496511466 -0.05)
(8.723107805 -0.1495213002 -0.05)
(8.798219111 -0.1493914539 -0.05)
(8.573645436 -0.1198580148 -0.05)
(8.648716729 -0.1197523893 -0.05)
(8.723788022 -0.1196467638 -0.05)
(8.798859315 -0.1195411382 -0.05)
(8.574237582 -0.08991290632 -0.05)
(8.649277709 -0.08983266638 -0.05)
(8.724317836 -0.08975242644 -0.05)
(8.799357963 -0.0896721865 -0.05)
(8.574660996 -0.05995117931 -0.05)
(8.649678838 -0.05989719961 -0.05)
(8.724696681 -0.05984321991 -0.05)
(8.799714523 -0.05978924021 -0.05)
(8.574915226 -0.02997836337 -0.05)
(8.649919688 -0.02995122754 -0.05)
(8.72492415 -0.0299240917 -0.05)
(8.799928612 -0.02989695586 -0.05)
(8.532228478 -0.6785858122 0.05)
(8.609479611 -0.678536243 0.05)
(8.686730743 -0.6784866738 0.05)
(8.763981876 -0.6784371046 0.05)
(8.841233009 -0.6783875354 0.05)
(8.535707969 -0.6499489431 0.05)
(8.612775971 -0.6498559048 0.05)
(8.689843972 -0.6497628665 0.05)
(8.766911974 -0.6496698282 0.05)
(8.843979976 -0.6495767898 0.05)
(8.539059988 -0.6212002838 0.05)
(8.615951568 -0.62106966 0.05)
(8.692843147 -0.6209390363 0.05)
(8.769734727 -0.6208084125 0.05)
(8.846626306 -0.6206777888 0.05)
(8.542280945 -0.5923440648 0.05)
(8.619003001 -0.5921815166 0.05)
(8.695725056 -0.5920189685 0.05)
(8.772447112 -0.5918564203 0.05)
(8.849169167 -0.5916938722 0.05)
(8.545367391 -0.5633846319 0.05)
(8.621927002 -0.5631955917 0.05)
(8.698486613 -0.5630065514 0.05)
(8.775046224 -0.5628175112 0.05)
(8.548316022 -0.5343264415 0.05)
(8.624720441 -0.5341161069 0.05)
(8.701124861 -0.5339057724 0.05)
(8.777529281 -0.5336954378 0.05)
(8.551123678 -0.5051740557 0.05)
(8.627380327 -0.5049473845 0.05)
(8.703636975 -0.5047207132 0.05)
(8.779893624 -0.504494042 0.05)
(8.553787355 -0.4759321374 0.05)
(8.62990381 -0.4756938417 0.05)
(8.706020265 -0.4754555461 0.05)
(8.78213672 -0.4752172504 0.05)
(8.5563042 -0.4466054455 0.05)
(8.632288189 -0.4463599872 0.05)
(8.708272179 -0.4461145288 0.05)
(8.784256168 -0.4458690705 0.05)
(8.558671517 -0.4171988295 0.05)
(8.634530911 -0.416950415 0.05)
(8.710390305 -0.4167020006 0.05)
(8.786249698 -0.4164535862 0.05)
(8.560886772 -0.3877172247 0.05)
(8.636629573 -0.3874698009 0.05)
(8.712372375 -0.3872223771 0.05)
(8.788115176 -0.3869749533 0.05)
(8.562947592 -0.3581656465 0.05)
(8.638581929 -0.3579228961 0.05)
(8.714216267 -0.3576801458 0.05)
(8.789850604 -0.3574373955 0.05)
(8.564851771 -0.3285491854 0.05)
(8.640385889 -0.3283145234 0.05)
(8.715920006 -0.3280798614 0.05)
(8.791454123 -0.3278451994 0.05)
(8.56659727 -0.2988730012 0.05)
(8.642039519 -0.2986495709 0.05)
(8.717481768 -0.2984261405 0.05)
(8.792924017 -0.2982027102 0.05)
(8.568182219 -0.2691423178 0.05)
(8.64354105 -0.2689329876 0.05)
(8.718899881 -0.2687236573 0.05)
(8.794258711 -0.268514327 0.05)
(8.569604922 -0.2393624175 0.05)
(8.644888874 -0.2391697776 0.05)
(8.720172825 -0.2389771378 0.05)
(8.795456777 -0.2387844979 0.05)
(8.570863855 -0.2095386351 0.05)
(8.646081547 -0.2093649952 0.05)
(8.721299238 -0.2091913553 0.05)
(8.79651693 -0.2090177155 0.05)
(8.571957669 -0.1796763525 0.05)
(8.647117792 -0.179523739 0.05)
(8.722277914 -0.1793711254 0.05)
(8.797438037 -0.1792185118 0.05)
(8.572885194 -0.1497809929 0.05)
(8.6479965 -0.1496511466 0.05)
(8.723107805 -0.1495213002 0.05)
(8.798219111 -0.1493914539 0.05)
(8.573645436 -0.1198580148 0.05)
(8.648716729 -0.1197523893 0.05)
(8.723788022 -0.1196467638 0.05)
(8.798859315 -0.1195411382 0.05)
(8.574237582 -0.08991290632 0.05)
(8.649277709 -0.08983266638 0.05)
(8.724317836 -0.08975242644 0.05)
(8.799357963 -0.0896721865 0.05)
(8.574660996 -0.05995117931 0.05)
(8.649678838 -0.05989719961 0.05)
(8.724696681 -0.05984321991 0.05)
(8.799714523 -0.05978924021 0.05)
(8.574915226 -0.02997836337 0.05)
(8.649919688 -0.02995122754 0.05)
(8.72492415 -0.0299240917 0.05)
(8.799928612 -0.02989695586 0.05)
)


// ************************************************************************* //
