/*--------------------------------*- C++ -*----------------------------------*\
  =========                 |
  \\      /  F ield         | OpenFOAM: The Open Source CFD Toolbox
   \\    /   O peration     | Website:  https://openfoam.org
    \\  /    A nd           | Version:  7
     \\/     M anipulation  |
\*---------------------------------------------------------------------------*/
FoamFile
{
    version     2.0;
    format      ascii;
    class       volScalarField;
    location    "45";
    object      p;
}
// * * * * * * * * * * * * * * * * * * * * * * * * * * * * * * * * * * * * * //

dimensions      [0 2 -2 0 0 0 0];

internalField   nonuniform List<scalar> 
183
(
-0.241415
-0.211189
-0.254664
-0.216175
-0.266666
-0.220424
-0.277427
-0.224005
-0.286956
-0.226974
-0.295272
-0.229385
-0.302392
-0.231283
-0.308341
-0.232711
-0.313147
-0.233712
-0.316852
-0.234323
-0.319506
-0.234583
-0.321167
-0.234529
-0.3219
-0.234194
-0.321774
-0.233616
-0.320857
-0.232838
-0.319209
-0.23188
-0.316858
-0.230685
-0.13819
-0.313821
-0.229259
-0.137228
-0.310287
-0.228166
-0.137097
-0.3064
-0.228008
-0.138364
-0.301436
-0.225594
-0.137141
-0.207487
-0.120627
-0.169039
-0.0948716
-0.14102
-0.0784099
-0.117633
-0.0647437
-0.100458
-0.0566616
-0.0877545
-0.0508256
-0.0780894
-0.0468506
-0.0708913
-0.0443174
-0.065447
-0.0426914
-0.0612841
-0.0416943
-0.0580753
-0.0411105
-0.055581
-0.0407858
-0.0536279
-0.040618
-0.0520897
-0.040541
-0.0508757
-0.0405138
-0.0499207
-0.0405117
-0.0491786
-0.0405204
-0.0486172
-0.040532
-0.0482132
-0.040542
-0.0479521
-0.0405498
-0.0478241
-0.0405544
-0.0510489
-0.051103
-0.0510846
-0.0510339
-0.0509854
-0.0509564
0.114352
0.0890821
0.0643443
0.0391622
0.0185344
0.00226664
-0.0105766
-0.0204649
-0.0278556
-0.0332924
-0.0372315
-0.0400396
-0.0420026
-0.0433525
-0.0442565
-0.0448406
-0.0451928
-0.045407
-0.0455278
-0.0455913
-0.0456178
0.00257072
-0.00364469
-0.00971699
-0.0126353
-0.0151719
-0.0187492
-0.0229826
-0.0268783
-0.0301679
-0.0328267
-0.034913
-0.0365223
-0.0377252
-0.0386107
-0.0392499
-0.0397
-0.0400057
-0.0402077
-0.0403353
-0.0404095
-0.0404433
0.0613046
0.0832498
-0.0232885
0.0580894
0.0731584
-0.0344881
0.0548757
0.0613787
-0.0461736
0.0487699
0.047667
-0.0579648
0.0404146
0.0321507
0.0301616
0.0150404
0.0180843
-0.00337386
0.00433877
-0.0227163
-0.0108515
-0.0425457
-0.0272528
-0.0623891
-0.0446416
-0.0817824
-0.0628099
-0.100313
-0.0815622
-0.117652
-0.100701
-0.133579
-0.120016
-0.147983
-0.139288
-0.160849
-0.158282
-0.172236
-0.176748
-0.182252
-0.194473
-0.191028
-0.211251
-0.198702
-0.226928
-0.205391
)
;

boundaryField
{
    inlet
    {
        type            zeroGradient;
    }
    outlet
    {
        type            fixedValue;
        value           nonuniform 0();
    }
    cylinder
    {
        type            zeroGradient;
    }
    top
    {
        type            symmetryPlane;
    }
    bottom
    {
        type            symmetryPlane;
    }
    defaultFaces
    {
        type            empty;
    }
    procBoundary36to35
    {
        type            processor;
        value           nonuniform List<scalar> 
87
(
-0.237871
-0.250934
-0.263459
-0.275273
-0.286215
-0.296131
-0.304895
-0.312409
-0.318617
-0.3235
-0.327075
-0.329392
-0.330523
-0.330574
-0.329718
-0.328211
-0.325859
-0.316937
-0.311822
-0.305541
-0.298031
-0.285888
-0.285888
-0.235749
-0.194057
-0.161026
-0.135835
-0.117308
-0.103174
-0.0923482
-0.0839816
-0.0774321
-0.0722537
-0.0681272
-0.0648216
-0.0621642
-0.0600299
-0.0583262
-0.0569868
-0.0559645
-0.0552238
-0.0547428
-0.0545055
-0.0578279
-0.0573369
-0.0569084
-0.0565653
-0.0563279
-0.0562066
0.0841496
0.0841496
0.0689681
0.047202
0.0205848
0.00174418
-0.012855
-0.0242741
-0.0327553
-0.0389337
-0.043315
-0.0463366
-0.0483481
-0.0496065
-0.0504153
-0.0508523
-0.0508523
-0.0467748
-0.045367
-0.042554
-0.042619
-0.0445759
-0.0479972
-0.053047
-0.0597777
-0.0680912
-0.0778268
-0.0887874
-0.100752
-0.113501
-0.126834
-0.140478
-0.154388
-0.168444
-0.182549
-0.19663
-0.210606
-0.224388
)
;
    }
    procBoundary36to37
    {
        type            processor;
        value           nonuniform List<scalar> 
86
(
-0.16543
-0.164767
-0.163698
-0.162277
-0.160562
-0.15861
-0.156485
-0.154251
-0.151975
-0.14972
-0.147543
-0.145494
-0.143611
-0.141933
-0.140494
-0.139283
-0.139283
-0.0620928
-0.0605437
-0.0599281
-0.0606472
-0.0595623
-0.0462361
-0.0304872
-0.0216588
-0.0154642
-0.0141468
-0.0140948
-0.0154886
-0.0174509
-0.0196318
-0.0218435
-0.0239426
-0.0258432
-0.0275077
-0.0289274
-0.0301119
-0.0310784
-0.0318461
-0.0324343
-0.0328592
-0.0331353
-0.0332718
-0.149703
-0.138087
-0.115067
-0.08929
-0.0690841
-0.0559309
-0.0479389
-0.0430016
-0.0399803
-0.0381138
-0.0369535
-0.036395
-0.035998
-0.0357614
-0.035627
-0.0355555
-0.0355193
-0.0355032
-0.0354967
-0.0354948
-0.0354943
-0.15279
-0.157497
-0.161636
-0.165064
-0.0697122
-0.0697122
-0.0812362
-0.0923611
-0.102925
-0.112792
-0.121859
-0.130059
-0.137359
-0.14375
-0.149245
-0.15387
-0.157659
-0.160652
-0.16289
-0.164425
-0.165318
-0.165632
)
;
    }
}


// ************************************************************************* //
