/*--------------------------------*- C++ -*----------------------------------*\
  =========                 |
  \\      /  F ield         | OpenFOAM: The Open Source CFD Toolbox
   \\    /   O peration     | Website:  https://openfoam.org
    \\  /    A nd           | Version:  7
     \\/     M anipulation  |
\*---------------------------------------------------------------------------*/
FoamFile
{
    version     2.0;
    format      ascii;
    class       surfaceScalarField;
    location    "5";
    object      phi;
}
// * * * * * * * * * * * * * * * * * * * * * * * * * * * * * * * * * * * * * //

dimensions      [0 3 -1 0 0 0 0];

internalField   nonuniform List<scalar> 
1666
(
0.00238007
-1.10751e-06
1.69362e-09
0.00238109
-1.02459e-06
1.66656e-09
0.00238204
-9.45096e-07
1.64098e-09
0.0023829
-8.6891e-07
1.61436e-09
-7.95885e-07
1.58826e-09
0.00237952
-2.21943e-06
0.00238055
-2.05369e-06
0.0023815
-1.89481e-06
0.00238237
-1.74253e-06
-1.59656e-06
0.00237842
-3.34358e-06
0.00237946
-3.09517e-06
0.00238042
-2.85704e-06
0.00238131
-2.62879e-06
-2.41001e-06
0.00237676
-4.48608e-06
0.00237782
-4.15522e-06
0.0023788
-3.83804e-06
0.00237971
-3.53402e-06
-3.2426e-06
0.00237456
-5.65305e-06
0.00237565
-5.24003e-06
0.00237665
-4.8441e-06
0.00237758
-4.46454e-06
-4.10072e-06
0.00237181
-6.85063e-06
0.00237293
-6.35582e-06
0.00237396
-5.88144e-06
0.00237492
-5.42669e-06
-4.99076e-06
0.00236851
-8.08497e-06
0.00236966
-7.50881e-06
0.00237074
-6.9564e-06
0.00237174
-6.42681e-06
-5.91912e-06
0.00236467
-9.36224e-06
0.00236586
-8.70521e-06
0.00236698
-8.07523e-06
0.00236803
-7.47124e-06
-6.89217e-06
0.00236028
-1.06886e-05
0.00236152
-9.95126e-06
0.00236269
-9.24424e-06
0.00236379
-8.56631e-06
-7.91634e-06
0.00235535
-1.20703e-05
0.00235665
-1.12532e-05
0.00235788
-1.04697e-05
0.00235903
-9.71839e-06
-8.998e-06
0.00234988
-1.35134e-05
0.00235124
-1.26173e-05
0.00235253
-1.17579e-05
0.00235375
-1.09338e-05
-1.01436e-05
0.00234387
-1.50243e-05
0.00234531
-1.40498e-05
0.00234666
-1.31152e-05
0.00234795
-1.22189e-05
-1.13594e-05
0.00233734
-1.66091e-05
0.00233884
-1.5557e-05
0.00234028
-1.45479e-05
0.00234164
-1.35801e-05
0.00234293
-1.26519e-05
-1.17617e-05
0.00233027
0.00233186
-1.71451e-05
0.00233337
-1.60622e-05
0.00233481
-1.50236e-05
0.00233619
-1.40274e-05
-1.30719e-05
0.00232435
-1.88205e-05
0.00232595
-1.76646e-05
0.00232748
-1.65558e-05
0.00232895
-1.54923e-05
-1.44722e-05
0.00231633
-2.05894e-05
0.00231802
-1.93613e-05
0.00231965
-1.81832e-05
0.00232121
-1.7053e-05
-1.59689e-05
0.00230779
-2.24581e-05
0.00230959
-2.11586e-05
0.00231132
-1.99119e-05
0.00231298
-1.87159e-05
-1.75684e-05
0.00229875
-2.44329e-05
0.00230066
-2.30629e-05
0.00230249
-2.17484e-05
0.00230426
-2.04872e-05
-1.92771e-05
0.00228921
-2.652e-05
0.00229123
-2.50805e-05
0.00229318
-2.3699e-05
0.00229506
-2.23733e-05
-2.11013e-05
0.00227917
-2.87257e-05
0.00228131
-2.72174e-05
0.00228338
-2.57698e-05
0.00228538
-2.43805e-05
-2.30473e-05
0.00226864
-3.10563e-05
0.0022709
-2.94801e-05
0.0022731
-2.79672e-05
0.00227523
-2.6515e-05
-2.51213e-05
0.00225763
-3.3518e-05
0.00226002
-3.18747e-05
0.00226235
-3.02973e-05
0.00226462
-2.8783e-05
-2.73296e-05
0.00224613
0.00224867
-3.44074e-05
0.00225114
-3.27663e-05
0.00225354
-3.11907e-05
-2.96783e-05
0.00223685
-3.70843e-05
0.00223946
-3.53803e-05
0.00224201
-3.37442e-05
0.00224451
-3.21735e-05
-3.06655e-05
0.00222457
-3.99115e-05
0.00222733
-3.81454e-05
0.00223004
-3.64496e-05
0.00223269
-3.48212e-05
-3.32578e-05
0.00221184
-4.28949e-05
0.00221476
-4.10676e-05
0.00221763
-3.93127e-05
0.00222043
-3.76276e-05
-3.60094e-05
0.00219867
-4.60406e-05
0.00220176
-4.41528e-05
0.00220478
-4.23396e-05
0.00220775
-4.05983e-05
-3.8926e-05
0.00218506
-4.93544e-05
0.00218832
-4.74069e-05
0.00219152
-4.55362e-05
0.00219466
-4.37393e-05
-4.20136e-05
0.00217103
-5.28422e-05
0.00217446
-5.08357e-05
0.00217783
-4.89081e-05
0.00218115
-4.70565e-05
-4.52779e-05
0.00215659
-5.65092e-05
0.0021602
-5.44445e-05
0.00216375
-5.24608e-05
0.00216725
-5.0555e-05
-4.87242e-05
0.00539218
-5.95646e-05
0.00539515
-5.74051e-05
0.00539801
-5.53293e-05
0.00540079
-5.33343e-05
-5.14169e-05
0.00539627
-6.24505e-05
0.00539907
-6.0204e-05
0.00540179
-5.80437e-05
0.00540442
-5.59665e-05
-5.39693e-05
0.00540044
-6.51646e-05
0.00540307
-6.28391e-05
0.00540563
-6.06018e-05
0.00540812
-5.84496e-05
-5.63794e-05
0.00540469
-6.77046e-05
0.00540715
-6.53082e-05
0.00540955
-6.30015e-05
0.00541189
-6.07815e-05
-5.86451e-05
0.00540902
-7.00684e-05
0.00541132
-6.7609e-05
0.00541356
-6.52406e-05
0.00541573
-6.296e-05
-6.07644e-05
0.00541343
-7.22542e-05
0.00541556
-6.97398e-05
0.00541764
-6.73172e-05
0.00541966
-6.49834e-05
-6.27352e-05
0.00541793
-7.42603e-05
0.00541989
-7.16989e-05
0.0054218
-6.92297e-05
0.00542366
-6.68497e-05
-6.4556e-05
0.00542251
-7.60855e-05
0.00542429
-7.34849e-05
0.00542604
-7.09766e-05
0.00542775
-6.85576e-05
-6.6225e-05
0.00542717
-7.7729e-05
0.00542878
-7.50969e-05
0.00543036
-7.25568e-05
0.00543191
-7.01058e-05
-6.77412e-05
0.00543191
-7.91906e-05
0.00543335
-7.65345e-05
0.00543476
-7.39698e-05
0.00543615
-7.14937e-05
-6.91034e-05
0.00543672
-8.04704e-05
0.00543798
-7.77976e-05
0.00543922
-7.52153e-05
0.00544045
-7.27207e-05
-7.03113e-05
0.00544159
-8.15692e-05
0.00544267
-7.88868e-05
0.00544375
-7.62936e-05
0.00544482
-7.37871e-05
-7.13647e-05
0.00544651
-8.24884e-05
0.00544742
-7.9803e-05
0.00544834
-7.72055e-05
0.00544924
-7.46933e-05
-7.22641e-05
0.00545147
-8.32298e-05
0.00545222
-8.0548e-05
0.00545296
-7.79523e-05
0.00545371
-7.54404e-05
-7.30101e-05
0.00545647
-8.37958e-05
0.00545704
-8.11237e-05
0.00545763
-7.85358e-05
0.00545822
-7.603e-05
-7.36041e-05
0.00546149
-8.41896e-05
0.00546189
-8.15328e-05
0.00546232
-7.89583e-05
0.00546275
-7.6464e-05
-7.40477e-05
0.00546651
-8.44143e-05
0.00546676
-8.17784e-05
0.00546702
-7.92226e-05
0.0054673
-7.67448e-05
-7.43432e-05
0.00547153
-8.4474e-05
0.00547162
-8.1864e-05
0.00547173
-7.93317e-05
0.00547186
-7.68753e-05
-7.44931e-05
0.00547654
-8.43728e-05
0.00547646
-8.17933e-05
0.00547642
-7.92892e-05
0.00547641
-7.68587e-05
-7.45003e-05
0.00548151
-8.41153e-05
0.00548129
-8.15707e-05
0.0054811
-7.9099e-05
0.00548094
-7.66986e-05
-7.4368e-05
0.00548645
-8.37062e-05
0.00548608
-8.12005e-05
0.00548574
-7.87651e-05
0.00548545
-7.63986e-05
-7.40997e-05
0.00549134
-8.31507e-05
0.00549082
-8.06874e-05
0.00549035
-7.8292e-05
0.00548991
-7.5963e-05
-7.36992e-05
0.00549616
-8.24538e-05
0.00549551
-8.00364e-05
0.0054949
-7.76841e-05
0.00549434
-7.53958e-05
-7.31704e-05
0.00550092
-8.16209e-05
0.00550014
-7.92522e-05
0.0054994
-7.69461e-05
0.0054987
-7.47016e-05
-7.25176e-05
0.0055056
-8.06574e-05
0.00550469
-7.83401e-05
0.00550382
-7.60829e-05
0.00550301
-7.38848e-05
-7.17448e-05
0.00551019
-7.95686e-05
0.00550915
-7.73052e-05
0.00550817
-7.50993e-05
0.00550724
-7.295e-05
-7.08566e-05
0.00551469
-7.83598e-05
0.00551353
-7.61524e-05
0.00551243
-7.4e-05
0.00551139
-7.19018e-05
-6.98571e-05
0.00551908
-7.70365e-05
0.00551782
-7.4887e-05
0.00551661
-7.279e-05
0.00551545
-7.07449e-05
-6.87509e-05
0.00552337
-7.56038e-05
0.005522
-7.35139e-05
0.00552068
-7.14741e-05
0.00551942
-6.94838e-05
-6.75423e-05
0.00552755
-7.4067e-05
0.00552608
-7.20381e-05
0.00552466
-7.0057e-05
0.0055233
-6.81231e-05
-6.62358e-05
0.00553162
-7.2431e-05
0.00553004
-7.04645e-05
0.00552853
-6.85434e-05
0.00552707
-6.66673e-05
0.00552567
-6.48357e-05
-6.3048e-05
0.00553556
-7.07009e-05
0.00553389
-6.87979e-05
0.00553229
-6.6938e-05
0.00553074
-6.5121e-05
0.00552925
-6.33462e-05
-6.16133e-05
0.00553938
-6.88815e-05
0.00553762
-6.70429e-05
0.00553593
-6.52453e-05
0.0055343
-6.34883e-05
0.00553272
-6.17716e-05
-6.00947e-05
0.00554307
-6.69774e-05
0.00554123
-6.5204e-05
0.00553946
-6.34696e-05
0.00553774
-6.17737e-05
0.00553609
-6.01159e-05
-5.84961e-05
0.00554663
-6.49931e-05
0.00554472
-6.32857e-05
0.00554286
-6.16152e-05
0.00554107
-5.99812e-05
0.00553934
-5.83834e-05
-5.68215e-05
0.00555007
-6.29331e-05
0.00554807
-6.12923e-05
0.00554615
-5.96863e-05
0.00554428
-5.81149e-05
0.00554247
-5.65777e-05
-5.50746e-05
0.00555337
-6.08015e-05
0.0055513
-5.92278e-05
0.00554931
-5.7687e-05
0.00554737
-5.61787e-05
0.00554549
-5.4703e-05
-5.32594e-05
0.00555654
-5.86026e-05
0.0055544
-5.70964e-05
0.00555234
-5.56211e-05
0.00555034
-5.41766e-05
0.0055484
-5.27628e-05
-5.13793e-05
0.00555957
-5.63402e-05
0.00555737
-5.49018e-05
0.00555525
-5.34925e-05
0.00555318
-5.21122e-05
0.00555118
-5.07608e-05
-4.9438e-05
0.00556246
-5.40182e-05
0.00556021
-5.26479e-05
0.00555802
-5.13049e-05
0.0055559
-4.99892e-05
0.00555384
-4.87006e-05
-4.7439e-05
0.00556522
-5.16403e-05
0.00556291
-5.03383e-05
0.00556067
-4.90619e-05
0.00555849
-4.78111e-05
0.00555638
-4.65857e-05
-4.53857e-05
0.00556785
-4.92101e-05
0.00556548
-4.79765e-05
0.00556319
-4.67669e-05
0.00556096
-4.55812e-05
0.00555879
-4.44194e-05
-4.32812e-05
0.00557033
-4.67309e-05
0.00556792
-4.55659e-05
0.00556558
-4.44233e-05
0.0055633
-4.3303e-05
0.00556108
-4.22049e-05
-4.1129e-05
0.00557268
-4.42062e-05
0.00557022
-4.31099e-05
0.00556783
-4.20343e-05
0.00556551
-4.09795e-05
0.00556325
-3.99455e-05
-3.8932e-05
0.00557488
-4.16393e-05
0.00557239
-4.06116e-05
0.00556996
-3.96032e-05
0.00556759
-3.86141e-05
0.00556529
-3.76442e-05
-3.66935e-05
0.00557695
-3.90331e-05
0.00557442
-3.80741e-05
0.00557195
-3.7133e-05
0.00556954
-3.62096e-05
0.0055672
-3.53041e-05
-3.44162e-05
0.00557889
-3.63908e-05
0.00557631
-3.55005e-05
0.00557381
-3.46267e-05
0.00557137
-3.37692e-05
0.00556899
-3.2928e-05
-3.21032e-05
0.00558068
-3.37153e-05
0.00557807
-3.28937e-05
0.00557553
-3.20872e-05
0.00557306
-3.12956e-05
0.00557065
-3.05189e-05
-2.97572e-05
0.00558233
-3.10094e-05
0.0055797
-3.02565e-05
0.00557713
-2.95173e-05
0.00557462
-2.87917e-05
0.00557218
-2.80796e-05
-2.73811e-05
0.00558385
-2.8276e-05
0.00558118
-2.75918e-05
0.00557859
-2.69198e-05
0.00557606
-2.62602e-05
0.00557359
-2.56128e-05
-2.49776e-05
0.00558523
-2.55178e-05
0.00558254
-2.49022e-05
0.00557991
-2.42975e-05
0.00557736
-2.37038e-05
0.00557487
-2.31211e-05
-2.25494e-05
0.00558647
-2.27374e-05
0.00558375
-2.21904e-05
0.00558111
-2.1653e-05
0.00557853
-2.11253e-05
0.00557602
-2.06073e-05
-2.00989e-05
0.00558757
0.00558484
-1.94589e-05
0.00558217
-1.89888e-05
0.00557957
-1.85271e-05
0.00557704
-1.80738e-05
-1.76289e-05
0.00558578
-1.67104e-05
0.0055831
-1.63075e-05
0.00558049
-1.59118e-05
0.00557794
-1.55233e-05
-1.51419e-05
0.00558659
-1.39474e-05
0.0055839
-1.36117e-05
0.00558127
-1.32819e-05
0.0055787
-1.29581e-05
-1.26403e-05
0.00558727
-1.11723e-05
0.00558456
-1.09038e-05
0.00558192
-1.064e-05
0.00557934
-1.0381e-05
-1.01267e-05
0.00558781
-8.38762e-06
0.00558509
-8.18623e-06
0.00558244
-7.9884e-06
0.00557985
-7.79413e-06
-7.60342e-06
0.00558822
-5.59573e-06
0.00558549
-5.46148e-06
0.00558283
-5.3296e-06
0.00558024
-5.20008e-06
-5.07294e-06
0.00558849
-2.79906e-06
0.00558576
-2.73194e-06
0.00558309
-2.666e-06
0.00558049
-2.60124e-06
-2.53767e-06
0.00558862
0.00558589
0.00558322
0.00558062
-5.95614e-05
0.00539218
5.65059e-05
-6.24473e-05
0.00539627
-6.51615e-05
0.00540044
-6.77015e-05
0.00540468
-7.00654e-05
0.00540901
-7.22512e-05
0.00541343
-7.42573e-05
0.00541792
-7.60826e-05
0.00542251
-7.77262e-05
0.00542717
-7.91878e-05
0.00543191
-8.04676e-05
0.00543671
-8.15665e-05
0.00544158
-8.24857e-05
0.0054465
-8.32272e-05
0.00545147
-8.37933e-05
0.00545647
-8.41871e-05
0.00546148
-8.44119e-05
0.00546651
-8.44716e-05
0.00547153
-8.43705e-05
0.00547653
-8.4113e-05
0.00548151
-8.3704e-05
0.00548645
-8.31486e-05
0.00549133
-8.24518e-05
0.00549616
-8.16189e-05
0.00550092
-8.06555e-05
0.00550559
-7.95667e-05
0.00551019
-7.8358e-05
0.00551468
-7.70347e-05
0.00551908
-7.56021e-05
0.00552337
-7.40653e-05
0.00552755
-7.24295e-05
0.00553161
-7.06994e-05
0.00553555
-6.888e-05
0.00553937
-6.6976e-05
0.00554307
-6.49918e-05
0.00554663
-6.29318e-05
0.00555006
-6.08003e-05
0.00555337
-5.86014e-05
0.00555653
-5.63391e-05
0.00555956
-5.40171e-05
0.00556246
-5.16393e-05
0.00556522
-4.92091e-05
0.00556784
-4.673e-05
0.00557033
-4.42054e-05
0.00557267
-4.16385e-05
0.00557488
-3.90324e-05
0.00557695
-3.63901e-05
0.00557888
-3.37146e-05
0.00558067
-3.10088e-05
0.00558233
-2.82755e-05
0.00558384
-2.55173e-05
0.00558522
-2.2737e-05
0.00558646
-1.99371e-05
0.00558756
-1.71202e-05
0.00558853
-1.42888e-05
0.00558935
-1.14454e-05
0.00559004
-8.59241e-06
0.00559059
-5.73224e-06
0.005591
-2.86731e-06
0.00559128
0.00559142
-5.74019e-05
0.00539514
5.44412e-05
-6.02009e-05
0.00539907
-6.28361e-05
0.00540307
-6.53051e-05
0.00540715
-6.7606e-05
0.00541131
-6.97369e-05
0.00541556
-7.1696e-05
0.00541988
-7.34821e-05
0.00542429
-7.50941e-05
0.00542878
-7.65318e-05
0.00543334
-7.77949e-05
0.00543798
-7.88841e-05
0.00544267
-7.98004e-05
0.00544742
-8.05454e-05
0.00545221
-8.11212e-05
0.00545704
-8.15304e-05
0.00546189
-8.17761e-05
0.00546675
-8.18617e-05
0.00547161
-8.17911e-05
0.00547646
-8.15685e-05
0.00548129
-8.11984e-05
0.00548608
-8.06853e-05
0.00549082
-8.00343e-05
0.00549551
-7.92503e-05
0.00550013
-7.83382e-05
0.00550468
-7.73033e-05
0.00550915
-7.61506e-05
0.00551353
-7.48852e-05
0.00551781
-7.35122e-05
0.005522
-7.20365e-05
0.00552607
-7.0463e-05
0.00553004
-6.87964e-05
0.00553389
-6.70414e-05
0.00553762
-6.52026e-05
0.00554123
-6.32844e-05
0.00554471
-6.1291e-05
0.00554807
-5.92266e-05
0.0055513
-5.70952e-05
0.0055544
-5.49007e-05
0.00555737
-5.26468e-05
0.00556021
-5.03373e-05
0.00556291
-4.79755e-05
0.00556548
-4.5565e-05
0.00556792
-4.31091e-05
0.00557022
-4.06108e-05
0.00557238
-3.80734e-05
0.00557441
-3.54999e-05
0.00557631
-3.28931e-05
0.00557807
-3.0256e-05
0.00557969
-2.75913e-05
0.00558118
-2.49017e-05
0.00558253
-2.21899e-05
0.00558375
-1.94586e-05
0.00558483
-1.67101e-05
0.00558578
-1.39472e-05
0.00558659
-1.11721e-05
0.00558727
-8.38747e-06
0.00558781
-5.59563e-06
0.00558821
-2.79901e-06
0.00558848
0.00558862
-5.53262e-05
0.00539801
5.24576e-05
-5.80406e-05
0.00540179
-6.05988e-05
0.00540563
-6.29985e-05
0.00540955
-6.52376e-05
0.00541355
-6.73143e-05
0.00541763
-6.92268e-05
0.0054218
-7.09738e-05
0.00542604
-7.25541e-05
0.00543036
-7.39671e-05
0.00543476
-7.52126e-05
0.00543922
-7.62909e-05
0.00544375
-7.72029e-05
0.00544833
-7.79498e-05
0.00545296
-7.85333e-05
0.00545763
-7.89559e-05
0.00546231
-7.92202e-05
0.00546702
-7.93294e-05
0.00547172
-7.9287e-05
0.00547642
-7.90968e-05
0.0054811
-7.8763e-05
0.00548574
-7.82899e-05
0.00549035
-7.76821e-05
0.0054949
-7.69442e-05
0.00549939
-7.6081e-05
0.00550382
-7.50974e-05
0.00550817
-7.39982e-05
0.00551243
-7.27883e-05
0.0055166
-7.14724e-05
0.00552068
-7.00554e-05
0.00552466
-6.85419e-05
0.00552852
-6.69365e-05
0.00553228
-6.52438e-05
0.00553593
-6.34682e-05
0.00553945
-6.16139e-05
0.00554286
-5.9685e-05
0.00554614
-5.76857e-05
0.0055493
-5.56199e-05
0.00555234
-5.34914e-05
0.00555524
-5.13039e-05
0.00555802
-4.90609e-05
0.00556067
-4.67659e-05
0.00556319
-4.44224e-05
0.00556557
-4.20335e-05
0.00556783
-3.96024e-05
0.00556995
-3.71323e-05
0.00557194
-3.4626e-05
0.0055738
-3.20865e-05
0.00557553
-2.95167e-05
0.00557712
-2.69193e-05
0.00557858
-2.42971e-05
0.00557991
-2.16526e-05
0.00558111
-1.89884e-05
0.00558217
-1.63072e-05
0.0055831
-1.36114e-05
0.00558389
-1.09036e-05
0.00558456
-8.18608e-06
0.00558509
-5.46138e-06
0.00558549
-2.73189e-06
0.00558575
0.00558589
-5.33312e-05
0.00540079
5.05518e-05
-5.59634e-05
0.00540442
-5.84466e-05
0.00540811
-6.07785e-05
0.00541188
-6.29571e-05
0.00541573
-6.49805e-05
0.00541966
-6.68469e-05
0.00542366
-6.85548e-05
0.00542775
-7.01031e-05
0.00543191
-7.1491e-05
0.00543614
-7.27181e-05
0.00544045
-7.37845e-05
0.00544482
-7.46907e-05
0.00544924
-7.54379e-05
0.00545371
-7.60275e-05
0.00545821
-7.64616e-05
0.00546275
-7.67425e-05
0.0054673
-7.68731e-05
0.00547185
-7.68565e-05
0.0054764
-7.66964e-05
0.00548094
-7.63965e-05
0.00548544
-7.59609e-05
0.00548991
-7.53939e-05
0.00549433
-7.46997e-05
0.0054987
-7.3883e-05
0.005503
-7.29482e-05
0.00550723
-7.19001e-05
0.00551138
-7.07432e-05
0.00551545
-6.94821e-05
0.00551942
-6.81215e-05
0.0055233
-6.66658e-05
0.00552707
-6.51195e-05
0.00553074
-6.34869e-05
0.00553429
-6.17723e-05
0.00553774
-5.99798e-05
0.00554107
-5.81136e-05
0.00554428
-5.61775e-05
0.00554737
-5.41755e-05
0.00555033
-5.21112e-05
0.00555318
-4.99882e-05
0.0055559
-4.78101e-05
0.00555849
-4.55803e-05
0.00556096
-4.33021e-05
0.00556329
-4.09787e-05
0.0055655
-3.86133e-05
0.00556759
-3.62089e-05
0.00556954
-3.37685e-05
0.00557136
-3.1295e-05
0.00557305
-2.87911e-05
0.00557462
-2.62597e-05
0.00557605
-2.37034e-05
0.00557735
-2.11249e-05
0.00557853
-1.85267e-05
0.00557957
-1.59115e-05
0.00558048
-1.32817e-05
0.00558126
-1.06398e-05
0.00558192
-7.98825e-06
0.00558244
-5.3295e-06
0.00558283
-2.66595e-06
0.00558309
0.00558322
-5.14139e-05
4.87211e-05
-5.39663e-05
-5.63765e-05
-5.86422e-05
-6.07615e-05
-6.27324e-05
-6.45532e-05
-6.62223e-05
-6.77385e-05
-6.91008e-05
-7.03087e-05
-7.13622e-05
-7.22616e-05
-7.30076e-05
-7.36017e-05
-7.40454e-05
-7.4341e-05
-7.44909e-05
-7.44981e-05
-7.43658e-05
-7.40976e-05
-7.36972e-05
-7.31685e-05
-7.25157e-05
-7.1743e-05
-7.08548e-05
-6.98554e-05
-6.87492e-05
-6.75407e-05
-6.62343e-05
-6.48342e-05
-6.33447e-05
-6.17702e-05
-6.01146e-05
-5.83821e-05
-5.65765e-05
-5.47018e-05
-5.27616e-05
-5.07597e-05
-4.86996e-05
-4.65847e-05
-4.44184e-05
-4.2204e-05
-3.99447e-05
-3.76434e-05
-3.53033e-05
-3.29274e-05
-3.05183e-05
-2.8079e-05
-2.56123e-05
-2.31207e-05
-2.06069e-05
-1.80734e-05
-1.55229e-05
-1.29579e-05
-1.03808e-05
-7.79398e-06
-5.19998e-06
-2.60119e-06
0.00215659
5.28389e-05
0.0021602
5.08324e-05
0.00216375
4.89049e-05
0.00216725
4.70533e-05
4.52748e-05
0.00217103
4.93511e-05
0.00217446
4.74036e-05
0.00217783
4.5533e-05
0.00218115
4.37362e-05
4.20105e-05
0.00218506
4.60372e-05
0.00218832
4.41495e-05
0.00219152
4.23364e-05
0.00219466
4.05952e-05
3.8923e-05
0.00219867
4.28916e-05
0.00220176
4.10643e-05
0.00220478
3.93095e-05
0.00220775
3.76244e-05
3.60063e-05
0.00221184
3.99081e-05
0.00221476
3.81421e-05
0.00221763
3.64464e-05
0.00222043
3.48181e-05
3.32548e-05
0.00222457
3.7081e-05
0.00222733
3.5377e-05
0.00223004
3.37411e-05
0.00223269
3.21704e-05
3.06624e-05
0.00223417
3.61134e-05
0.00223685
3.44041e-05
0.00223946
3.2763e-05
0.00224201
3.11876e-05
0.00224451
2.96752e-05
0.00224613
3.35146e-05
0.00224867
3.18714e-05
0.00225114
3.02941e-05
0.00225354
2.87799e-05
2.73265e-05
0.00225763
3.1053e-05
0.00226002
2.94768e-05
0.00226235
2.79639e-05
0.00226462
2.65118e-05
2.51182e-05
0.00226864
2.87224e-05
0.0022709
2.72141e-05
0.0022731
2.57666e-05
0.00227523
2.43773e-05
2.30441e-05
0.00227917
2.65167e-05
0.00228131
2.50772e-05
0.00228338
2.36957e-05
0.00228538
2.23701e-05
2.10982e-05
0.00228921
2.44296e-05
0.00229123
2.30596e-05
0.00229318
2.17452e-05
0.00229506
2.0484e-05
1.9274e-05
0.00229875
2.24548e-05
0.00230066
2.11554e-05
0.00230249
1.99087e-05
0.00230426
1.87127e-05
1.75653e-05
0.00230779
2.0586e-05
0.00230959
1.9358e-05
0.00231132
1.818e-05
0.00231298
1.70498e-05
1.59658e-05
0.00231633
1.88171e-05
0.00231802
1.76613e-05
0.00231965
1.65526e-05
0.00232121
1.54891e-05
1.44691e-05
0.00232435
1.71418e-05
0.00232595
1.6059e-05
0.00232748
1.50204e-05
0.00232895
1.40242e-05
1.30688e-05
0.00233027
1.66057e-05
0.00233186
1.55536e-05
0.00233337
1.45446e-05
0.00233481
1.35769e-05
0.00233619
1.26487e-05
1.17586e-05
0.00233734
1.50209e-05
0.00233884
1.40465e-05
0.00234028
1.3112e-05
0.00234164
1.22157e-05
0.00234293
1.13562e-05
0.00234387
1.351e-05
0.00234531
1.2614e-05
0.00234666
1.17547e-05
0.00234795
1.09306e-05
1.01404e-05
0.00234988
1.20669e-05
0.00235124
1.12499e-05
0.00235253
1.04664e-05
0.00235375
9.71517e-06
8.99482e-06
0.00235535
1.06852e-05
0.00235665
9.94793e-06
0.00235788
9.24096e-06
0.00235903
8.56308e-06
7.91316e-06
0.00236028
9.35886e-06
0.00236152
8.70188e-06
0.00236269
8.07196e-06
0.00236379
7.46801e-06
6.88899e-06
0.00236467
8.08158e-06
0.00236586
7.50548e-06
0.00236698
6.95312e-06
0.00236803
6.42358e-06
5.91595e-06
0.00236851
6.84724e-06
0.00236966
6.35249e-06
0.00237074
5.87816e-06
0.00237174
5.42347e-06
4.98759e-06
0.00237181
5.64966e-06
0.00237293
5.2367e-06
0.00237396
4.84082e-06
0.00237492
4.46131e-06
4.09755e-06
0.00237456
4.48269e-06
0.00237565
4.15188e-06
0.00237665
3.83476e-06
0.00237758
3.53079e-06
3.23942e-06
0.00237676
3.3402e-06
0.00237782
3.09183e-06
0.0023788
2.85376e-06
0.00237971
2.62556e-06
2.40683e-06
0.00237842
2.21605e-06
0.00237946
2.05036e-06
0.00238042
1.89153e-06
0.00238131
1.7393e-06
1.59339e-06
0.00237952
1.10412e-06
0.00238055
1.02125e-06
0.0023815
9.41816e-07
0.00238237
8.65682e-07
7.92711e-07
0.00238007
0.00238109
0.00238204
0.0023829
)
;

boundaryField
{
    inlet
    {
        type            calculated;
        value           nonuniform 0();
    }
    outlet
    {
        type            calculated;
        value           nonuniform 0();
    }
    cylinder
    {
        type            calculated;
        value           nonuniform 0();
    }
    top
    {
        type            symmetryPlane;
        value           uniform 0;
    }
    bottom
    {
        type            symmetryPlane;
        value           uniform 0;
    }
    defaultFaces
    {
        type            empty;
        value           nonuniform 0();
    }
    procBoundary49to48
    {
        type            processor;
        value           nonuniform List<scalar> 
185
(
-0.00237896
-0.00237841
-0.00237729
-0.00237562
-0.00237339
-0.00237061
-0.00236728
-0.00236339
-0.00235895
-0.00235397
-0.00234844
-0.00234236
-0.00233575
-0.0023286
-1.8274e-05
-0.00232267
-0.00231456
-0.00230592
-0.00229678
-0.00228712
-0.00227696
-0.00226631
-0.00225516
-0.00224353
-3.61168e-05
-0.00223417
-0.00222174
-0.00220886
-0.00219553
-0.00218175
-0.00216754
-0.00215292
-0.00538913
-0.00539339
-0.00539773
-0.00540215
-0.00540665
-0.00541124
-0.00541592
-0.00542068
-0.00542553
-0.00543045
-0.00543544
-0.00544049
-0.00544559
-0.00545073
-0.0054559
-0.00546109
-0.00546629
-0.00547147
-0.00547664
-0.00548177
-0.00548686
-0.00549189
-0.00549686
-0.00550175
-0.00550656
-0.00551128
-0.0055159
-0.00552041
-0.00552481
-0.00552909
-0.00553325
-0.00553729
-0.0055412
-0.00554497
-0.00554862
-0.00555213
-0.0055555
-0.00555874
-0.00556183
-0.00556479
-0.0055676
-0.00557028
-0.00557281
-0.0055752
-0.00557745
-0.00557956
-0.00558153
-0.00558335
-0.00558504
-0.00558658
-0.00558799
-0.00558925
-0.00559037
-1.99375e-05
-0.00558853
-0.00558936
-0.00559005
-0.0055906
-0.00559101
-0.00559128
-0.00559142
-0.00538913
-0.00539339
-0.00539772
-0.00540214
-0.00540665
-0.00541124
-0.00541592
-0.00542068
-0.00542552
-0.00543044
-0.00543543
-0.00544048
-0.00544559
-0.00545073
-0.0054559
-0.00546109
-0.00546628
-0.00547147
-0.00547663
-0.00548177
-0.00548685
-0.00549189
-0.00549686
-0.00550175
-0.00550656
-0.00551127
-0.00551589
-0.0055204
-0.0055248
-0.00552909
-0.00553325
-0.00553728
-0.00554119
-0.00554497
-0.00554861
-0.00555212
-0.0055555
-0.00555873
-0.00556183
-0.00556478
-0.0055676
-0.00557027
-0.00557281
-0.0055752
-0.00557745
-0.00557956
-0.00558152
-0.00558335
-0.00558503
-0.00558658
-0.00558798
-0.00558924
-0.00559036
-0.00559134
-0.00559218
-0.00559288
-0.00559344
-0.00559386
-0.00559414
-0.00559428
-0.00215292
-0.00216754
-0.00218175
-0.00219553
-0.00220886
-0.00222174
-3.88556e-05
-0.00223143
-0.00224353
-0.00225516
-0.00226631
-0.00227696
-0.00228712
-0.00229678
-0.00230592
-0.00231456
-0.00232267
-1.82706e-05
-0.0023286
-0.00233575
-0.00234236
-0.00234844
-0.00235397
-0.00235895
-0.00236339
-0.00236728
-0.00237061
-0.00237339
-0.00237562
-0.00237729
-0.00237841
-0.00237896
)
;
    }
    procBoundary49to50
    {
        type            processor;
        value           nonuniform List<scalar> 
185
(
0.0023837
0.00238317
0.00238212
0.00238054
0.00237844
0.00237581
0.00237267
0.002369
0.00236481
0.00236011
0.00235489
0.00234917
1.05351e-05
0.00234416
0.0023375
0.00233035
0.00232271
0.00231458
0.00230597
0.00229689
0.00228733
0.00227731
0.00226683
0.00225589
2.82264e-05
0.00224695
0.00223528
0.00222319
0.00221067
0.00219774
0.00218441
0.0021707
0.00540349
0.00540697
0.00541053
0.00541415
0.00541785
0.00542163
0.00542549
0.00542942
0.00543343
0.00543751
0.00544166
0.00544587
0.00545014
0.00545446
0.00545881
0.00546319
0.0054676
0.00547201
0.00547641
0.00548081
0.00548518
0.00548951
0.00549381
0.00549805
0.00550223
0.00550635
0.00551039
0.00551434
0.00551822
0.00552199
6.43946e-05
0.00552433
0.00552782
0.0055312
0.00553449
0.00553766
0.00554073
0.00554368
0.00554652
0.00554924
0.00555184
0.00555432
0.00555669
0.00555893
0.00556105
0.00556305
0.00556492
0.00556668
0.0055683
0.00556981
0.00557118
0.00557244
0.00557357
0.00557457
0.00557545
0.0055762
0.00557683
0.00557733
0.00557771
0.00557796
0.00557808
0.00540348
0.00540697
0.00541052
0.00541415
0.00541785
0.00542163
0.00542548
0.00542942
0.00543342
0.00543751
0.00544166
0.00544587
0.00545014
0.00545445
0.00545881
0.00546319
0.00546759
0.005472
0.00547641
0.0054808
0.00548517
0.00548951
0.0054938
0.00549805
0.00550223
0.00550634
0.00551038
0.00551434
0.00551821
0.00552199
0.00552567
0.00552925
0.00553272
0.00553608
0.00553933
0.00554247
0.00554549
0.00554839
0.00555118
0.00555384
0.00555637
0.00555879
0.00556108
0.00556324
0.00556528
0.0055672
0.00556899
0.00557065
0.00557218
0.00557358
0.00557486
0.00557601
0.00557704
0.00557793
0.0055787
0.00557934
0.00557985
0.00558023
0.00558049
0.00558062
0.0021707
0.00218441
0.00219774
0.00221067
0.00222318
0.00223528
0.00224695
2.82233e-05
0.00225589
0.00226683
0.00227731
0.00228733
0.00229689
0.00230597
0.00231458
0.00232271
0.00233035
0.0023375
0.00234416
1.0532e-05
0.00234917
0.00235489
0.00236011
0.00236481
0.002369
0.00237267
0.00237581
0.00237844
0.00238054
0.00238212
0.00238317
0.0023837
)
;
    }
}


// ************************************************************************* //
