/*--------------------------------*- C++ -*----------------------------------*\
  =========                 |
  \\      /  F ield         | OpenFOAM: The Open Source CFD Toolbox
   \\    /   O peration     | Website:  https://openfoam.org
    \\  /    A nd           | Version:  7
     \\/     M anipulation  |
\*---------------------------------------------------------------------------*/
FoamFile
{
    version     2.0;
    format      ascii;
    class       labelList;
    location    "constant/polyMesh";
    object      pointProcAddressing;
}
// * * * * * * * * * * * * * * * * * * * * * * * * * * * * * * * * * * * * * //


1130
(
2923
2924
2947
2948
2949
2971
2972
2973
2974
2995
2996
2997
2998
2999
3019
3020
3021
3022
3023
3043
3044
3045
3046
3047
3523
3524
3547
3548
3549
3571
3572
3573
3574
3595
3596
3597
3598
3599
3619
3620
3621
3622
3623
3643
3644
3645
3646
3647
3667
3668
3669
3670
3671
3691
3692
3693
3694
3695
3715
3716
3717
3718
3719
3739
3740
3741
3742
3743
3763
3764
3765
3766
3767
3788
3789
3790
3791
3792
3812
3813
3814
3815
3816
3836
3837
3838
3839
3840
3861
3862
3863
3864
3865
3885
3886
3887
3888
3889
3909
3910
3911
3912
3913
3914
3934
3935
3936
3937
3938
3958
3959
3960
3961
3962
3963
3983
3984
3985
3986
3987
4008
4009
4010
4011
4012
4032
4033
4034
4035
4036
4057
4058
4059
4060
4061
4082
4083
4084
4085
4086
4107
4108
4109
4110
4111
4131
4132
4133
4134
4135
4156
4157
4158
4159
4160
4181
4182
4183
4184
4185
4206
4207
4208
4209
4210
4231
4232
4233
4234
4235
4267
4268
4269
4270
4271
4291
4292
4293
4294
4295
4315
4316
4317
4318
4319
4339
4340
4341
4342
4343
4363
4364
4365
4366
4367
4388
4389
4390
4391
4392
4412
4413
4414
4415
4416
4436
4437
4438
4439
4440
4461
4462
4463
4464
4465
4485
4486
4487
4488
4489
4509
4510
4511
4512
4513
4514
4534
4535
4536
4537
4538
4558
4559
4560
4561
4562
4563
4583
4584
4585
4586
4587
4608
4609
4610
4611
4612
4632
4633
4634
4635
4636
4657
4658
4659
4660
4661
4682
4683
4684
4685
4686
4707
4708
4709
4710
4711
4731
4732
4733
4734
4735
4756
4757
4758
4759
4760
4781
4782
4783
4784
4785
4806
4807
4808
4809
4810
4831
4832
4833
4834
4835
4856
4857
4858
4859
4860
4881
4882
4883
4884
4885
4906
4907
4908
4909
4910
4931
4932
4933
4934
4935
4957
4958
4959
4960
4961
4982
4983
4984
4985
4986
5007
5008
5009
5010
5011
5032
5033
5034
5035
5036
5058
5059
5060
5061
5062
5083
5084
5085
5086
5087
5109
5110
5111
5112
5113
5134
5135
5136
5137
5138
5159
5160
5161
5162
5163
5164
5185
5186
5187
5188
5189
5211
5212
5213
5214
5215
5236
5237
5238
5239
5240
5262
5263
5264
5265
5266
5288
5289
5290
5291
5292
5313
5314
5315
5316
5317
5339
5340
5341
5342
5343
5365
5366
5367
5368
5369
5391
5392
5393
5394
5395
5417
5418
5419
5420
5421
5443
5444
5445
5446
5447
5456
5457
5458
5459
5460
5481
5482
5483
5484
5485
5506
5507
5508
5509
5510
5531
5532
5533
5534
5535
5557
5558
5559
5560
5561
5582
5583
5584
5585
5586
5607
5608
5609
5610
5611
5632
5633
5634
5635
5636
5658
5659
5660
5661
5662
5683
5684
5685
5686
5687
5709
5710
5711
5712
5713
5734
5735
5736
5737
5738
5759
5760
5761
5762
5763
5764
5785
5786
5787
5788
5789
5811
5812
5813
5814
5815
5836
5837
5838
5839
5840
5862
5863
5864
5865
5866
5888
5889
5890
5891
5892
5913
5914
5915
5916
5917
5939
5940
5941
5942
5943
5965
5966
5967
5968
5969
5991
5992
5993
5994
5995
6017
6018
6019
6020
6021
6043
6044
6045
6046
6047
6069
6070
6071
6072
6073
6095
6096
6097
6098
6099
6121
6122
6123
6124
6147
6148
6149
6173
6174
6669
6670
6671
6672
6673
6695
6696
6697
6698
6699
6721
6722
6723
6724
6747
6748
6749
6773
6774
27920
27921
27922
27923
27924
27925
27926
27927
27928
27929
27930
27931
27932
27933
27934
27935
27936
27937
27938
27939
27940
27941
27942
27943
27944
27945
27946
27947
27948
27949
27950
27951
27952
27953
27954
27960
27961
27962
27963
27964
27965
27966
27967
27968
27969
27970
27971
27972
27973
27974
27975
27976
27977
27978
27979
27980
27981
27982
27983
27984
27985
27986
27987
27988
27989
27990
27991
27992
27993
27994
27995
27996
27997
27998
27999
28000
28001
28002
28003
28004
28005
28006
28007
28008
28009
28010
28011
28012
28013
28014
28015
28016
28017
28018
28019
28020
28021
28022
28023
28024
28025
28026
28027
28028
28029
28030
28031
28032
28033
28034
28035
28036
28037
28038
28039
28055
28056
28057
28058
28059
28060
28061
28062
28063
28064
28065
28066
28067
28068
28069
28070
28071
28072
28073
28074
28075
28076
28077
28078
28079
28880
28881
28882
28883
28884
28885
28886
28887
28888
28889
28890
28891
28892
28893
28894
28895
28896
28897
28898
28899
28900
28901
28902
28903
28904
28905
28906
28907
28908
28909
28910
28911
28912
28913
28914
28920
28921
28922
28923
28924
28925
28926
28927
28928
28929
28930
28931
28932
28933
28934
28935
28936
28937
28938
28939
28940
28941
28942
28943
28944
28945
28946
28947
28948
28949
28950
28951
28952
28953
28954
28955
28956
28957
28958
28959
28960
28961
28962
28963
28964
28965
28966
28967
28968
28969
28970
28971
28972
28973
28974
28975
28976
28977
28978
28979
28980
28981
28982
28983
28984
28985
28986
28987
28988
28989
28990
28991
28992
28993
28994
28995
28996
28997
28998
28999
29015
29016
29017
29018
29019
29020
29021
29022
29023
29024
29025
29026
29027
29028
29029
29030
29031
29032
29033
29034
29035
29036
29037
29038
29039
31825
31826
31827
31828
31829
31830
31831
31832
31833
31834
31835
31836
31837
31838
31839
31840
31841
31842
31843
31844
31845
31846
31847
31848
31849
31850
31851
31852
31853
31854
31855
31856
31857
31858
31859
31860
31861
31862
31863
31864
31865
31866
31867
31868
31869
31870
31871
31872
31873
31874
31875
31876
31877
31878
31879
31880
31881
31882
31883
31884
31885
31886
31887
31888
31889
31890
31891
31892
31893
31894
31895
31896
31897
31898
31899
31900
31901
31902
31903
31904
31905
31906
31907
31908
31909
31910
31911
31912
31913
31914
31915
31916
31917
31918
31919
31920
31921
31922
31923
31924
31925
31926
31927
31928
31929
31930
31931
31932
31933
31934
31935
31936
31937
31938
31939
31940
31941
31942
31943
31944
31945
31946
31947
31948
31949
31950
31951
31952
31953
31954
31955
31956
31957
31958
31959
31960
31961
31962
31963
32785
32786
32787
32788
32789
32790
32791
32792
32793
32794
32795
32796
32797
32798
32799
32800
32801
32802
32803
32804
32805
32806
32807
32808
32809
32810
32811
32812
32813
32814
32815
32816
32817
32818
32819
32820
32821
32822
32823
32824
32825
32826
32827
32828
32829
32830
32831
32832
32833
32834
32835
32836
32837
32838
32839
32840
32841
32842
32843
32844
32845
32846
32847
32848
32849
32850
32851
32852
32853
32854
32855
32856
32857
32858
32859
32860
32861
32862
32863
32864
32865
32866
32867
32868
32869
32870
32871
32872
32873
32874
32875
32876
32877
32878
32879
32880
32881
32882
32883
32884
32885
32886
32887
32888
32889
32890
32891
32892
32893
32894
32895
32896
32897
32898
32899
32900
32901
32902
32903
32904
32905
32906
32907
32908
32909
32910
32911
32912
32913
32914
32915
32916
32917
32918
32919
32920
32921
32922
32923
)


// ************************************************************************* //
