/*--------------------------------*- C++ -*----------------------------------*\
  =========                 |
  \\      /  F ield         | OpenFOAM: The Open Source CFD Toolbox
   \\    /   O peration     | Website:  https://openfoam.org
    \\  /    A nd           | Version:  7
     \\/     M anipulation  |
\*---------------------------------------------------------------------------*/
FoamFile
{
    version     2.0;
    format      ascii;
    class       vectorField;
    location    "constant/polyMesh";
    object      points;
}
// * * * * * * * * * * * * * * * * * * * * * * * * * * * * * * * * * * * * * //


1130
(
(-0.5625657275 0.7850595635 -0.05)
(-0.5824776952 0.8128466822 -0.05)
(-0.5681111373 0.7403768488 -0.05)
(-0.5879509517 0.7662325982 -0.05)
(-0.6087614274 0.7933533381 -0.05)
(-0.5723205968 0.697374665 -0.05)
(-0.592031415 0.7213923665 -0.05)
(-0.6127065833 0.7465851319 -0.05)
(-0.6343932826 0.7730104514 -0.05)
(-0.5753010582 0.6560051296 -0.05)
(-0.5948316287 0.6782754769 -0.05)
(-0.6153177306 0.7016353991 -0.05)
(-0.6368061135 0.7261382036 -0.05)
(-0.6593458136 0.7518398058 -0.05)
(-0.5771526043 0.616219564 -0.05)
(-0.596456921 0.6368305733 -0.05)
(-0.6167056999 0.6584499745 -0.05)
(-0.6379451486 0.681127103 -0.05)
(-0.6602237356 0.7049137083 -0.05)
(-0.5779687564 0.5779687564 -0.05)
(-0.5970057285 0.5970057285 -0.05)
(-0.6169740828 0.6169740828 -0.05)
(-0.6379193873 0.6379193873 -0.05)
(-0.659889439 0.659889439 -0.05)
(-0.5625657275 0.7850595635 0.05)
(-0.5824776952 0.8128466822 0.05)
(-0.5681111373 0.7403768488 0.05)
(-0.5879509517 0.7662325982 0.05)
(-0.6087614274 0.7933533381 0.05)
(-0.5723205968 0.697374665 0.05)
(-0.592031415 0.7213923665 0.05)
(-0.6127065833 0.7465851319 0.05)
(-0.6343932826 0.7730104514 0.05)
(-0.5753010582 0.6560051296 0.05)
(-0.5948316287 0.6782754769 0.05)
(-0.6153177306 0.7016353991 0.05)
(-0.6368061135 0.7261382036 0.05)
(-0.6593458136 0.7518398058 0.05)
(-0.5771526043 0.616219564 0.05)
(-0.596456921 0.6368305733 0.05)
(-0.6167056999 0.6584499745 0.05)
(-0.6379451486 0.681127103 0.05)
(-0.6602237356 0.7049137083 0.05)
(-0.5779687564 0.5779687564 0.05)
(-0.5970057285 0.5970057285 0.05)
(-0.6169740828 0.6169740828 0.05)
(-0.6379193873 0.6379193873 0.05)
(-0.659889439 0.659889439 0.05)
(-0.5778367778 0.5412032019 -0.05)
(-0.5965699124 0.5587486971 -0.05)
(-0.616219564 0.5771526043 -0.05)
(-0.6368305733 0.596456921 -0.05)
(-0.6584499745 0.6167056999 -0.05)
(-0.5768379688 0.5058733215 -0.05)
(-0.5952350693 0.5220071456 -0.05)
(-0.6145322464 0.5389303158 -0.05)
(-0.6347735363 0.5566814506 -0.05)
(-0.6560051296 0.5753010582 -0.05)
(-0.5750479566 0.4719296615 -0.05)
(-0.5930808338 0.4867288614 -0.05)
(-0.6119959682 0.502252111 -0.05)
(-0.6318365239 0.5185348343 -0.05)
(-0.6526477771 0.5356141885 -0.05)
(-0.572536977 0.4393230739 -0.05)
(-0.5901811746 0.4528619429 -0.05)
(-0.608688613 0.4670631999 -0.05)
(-0.6281015264 0.4819592523 -0.05)
(-0.648464215 0.4975840928 -0.05)
(-0.5693701499 0.4080048792 -0.05)
(-0.5866046818 0.4203549702 -0.05)
(-0.6046824118 0.4333092883 -0.05)
(-0.6236445932 0.4468973954 -0.05)
(-0.6435344978 0.4611502995 -0.05)
(-0.5824148476 0.3891571593 -0.05)
(-0.6000442356 0.4009367398 -0.05)
(-0.6185361399 0.4132926353 -0.05)
(-0.6379327591 0.4262530419 -0.05)
(-0.6582783563 0.4398475353 -0.05)
(-0.5776703377 0.3592184995 -0.05)
(-0.5948358809 0.3698927202 -0.05)
(-0.6128412469 0.3810891763 -0.05)
(-0.631727524 0.3928334181 -0.05)
(-0.6515378106 0.405152246 -0.05)
(-0.5724252549 0.3304898747 -0.05)
(-0.5891143458 0.3401253259 -0.05)
(-0.606619949 0.3502321907 -0.05)
(-0.6249820125 0.360833533 -0.05)
(-0.6442424385 0.3719535451 -0.05)
(-0.582932097 0.3115836971 -0.05)
(-0.5999275154 0.3206679375 -0.05)
(-0.6177544333 0.3301966237 -0.05)
(-0.6364535317 0.3401915 -0.05)
(-0.6560674819 0.3506753748 -0.05)
(-0.5763373289 0.2842181174 -0.05)
(-0.5928147207 0.2923438678 -0.05)
(-0.6100982676 0.3008671699 -0.05)
(-0.6282274106 0.3098074739 -0.05)
(-0.6472435205 0.3191851815 -0.05)
(-0.569374213 0.2579800995 -0.05)
(-0.5853281069 0.2652087147 -0.05)
(-0.6020625436 0.2727909894 -0.05)
(-0.6196157113 0.2807442262 -0.05)
(-0.6380276663 0.2890865745 -0.05)
(-0.6573404247 0.2978370714 -0.05)
(-0.5775102353 0.2392125717 -0.05)
(-0.5936921008 0.2459153199 -0.05)
(-0.6106656628 0.2529459995 -0.05)
(-0.6284696549 0.2603206545 -0.05)
(-0.6471447059 0.2680561139 -0.05)
(-0.5693999301 0.2143069585 -0.05)
(-0.585027845 0.2201888892 -0.05)
(-0.6014203544 0.2263585928 -0.05)
(-0.6186148659 0.2328301487 -0.05)
(-0.6366506175 0.2396183249 -0.05)
(-0.6555687667 0.2467386121 -0.05)
(-0.5761069933 0.1955619724 -0.05)
(-0.5919189922 0.2009294228 -0.05)
(-0.6085045919 0.2065594752 -0.05)
(-0.6259016406 0.2124649775 -0.05)
(-0.6441498386 0.218659406 -0.05)
(-0.5821971467 0.1766075737 -0.05)
(-0.5981762977 0.1814547961 -0.05)
(-0.6149372274 0.1865391686 -0.05)
(-0.6325181842 0.1918722935 -0.05)
(-0.6509592879 0.1974663411 -0.05)
(-0.572286989 0.1533438366 -0.05)
(-0.5876638687 0.1574640591 -0.05)
(-0.603793061 0.1617858631 -0.05)
(-0.6207113727 0.1663191111 -0.05)
(-0.6384574114 0.1710741478 -0.05)
(-0.5769978489 0.134537029 -0.05)
(-0.5925013055 0.1381519281 -0.05)
(-0.6087632675 0.1419436858 -0.05)
(-0.6258208447 0.1459209549 -0.05)
(-0.6437129624 0.1500928116 -0.05)
(-0.5810908449 0.1155861557 -0.05)
(-0.5967042771 0.1186918605 -0.05)
(-0.613081595 0.1219495116 -0.05)
(-0.630260172 0.1253665429 -0.05)
(-0.6482792094 0.1289507523 -0.05)
(-0.5845615943 0.09651150995 -0.05)
(-0.6002682826 0.09910469468 -0.05)
(-0.6167434194 0.1018247507 -0.05)
(-0.6340246009 0.1046778853 -0.05)
(-0.6521512627 0.1076706093 -0.05)
(-0.572359426 0.0753525481 -0.05)
(-0.5874063804 0.07733351722 -0.05)
(-0.6031895059 0.07941140509 -0.05)
(-0.6197448194 0.08159095345 -0.05)
(-0.6371101003 0.08387713603 -0.05)
(-0.5745184434 0.05658512789 -0.05)
(-0.589622157 0.05807271382 -0.05)
(-0.6054648186 0.05963307978 -0.05)
(-0.622082581 0.06126978651 -0.05)
(-0.6395133662 0.06298656899 -0.05)
(-0.576062252 0.03775711491 -0.05)
(-0.5912065514 0.03874972472 -0.05)
(-0.6070917844 0.03979089789 -0.05)
(-0.6237542011 0.04088301037 -0.05)
(-0.6412318251 0.04202855436 -0.05)
(-0.5769891987 0.01888867067 -0.05)
(-0.592157867 0.01938524145 -0.05)
(-0.608068661 0.01990610691 -0.05)
(-0.6247578894 0.02045245568 -0.05)
(-0.6422636369 0.02102553451 -0.05)
(-0.5772982908 0 -0.05)
(-0.592475085 0 -0.05)
(-0.6083944025 0 -0.05)
(-0.6250925713 0 -0.05)
(-0.6426076967 0 -0.05)
(-0.5778367778 0.5412032019 0.05)
(-0.5965699124 0.5587486971 0.05)
(-0.616219564 0.5771526043 0.05)
(-0.6368305733 0.596456921 0.05)
(-0.6584499745 0.6167056999 0.05)
(-0.5768379688 0.5058733215 0.05)
(-0.5952350693 0.5220071456 0.05)
(-0.6145322464 0.5389303158 0.05)
(-0.6347735363 0.5566814506 0.05)
(-0.6560051296 0.5753010582 0.05)
(-0.5750479566 0.4719296615 0.05)
(-0.5930808338 0.4867288614 0.05)
(-0.6119959682 0.502252111 0.05)
(-0.6318365239 0.5185348343 0.05)
(-0.6526477771 0.5356141885 0.05)
(-0.572536977 0.4393230739 0.05)
(-0.5901811746 0.4528619429 0.05)
(-0.608688613 0.4670631999 0.05)
(-0.6281015264 0.4819592523 0.05)
(-0.648464215 0.4975840928 0.05)
(-0.5693701499 0.4080048792 0.05)
(-0.5866046818 0.4203549702 0.05)
(-0.6046824118 0.4333092883 0.05)
(-0.6236445932 0.4468973954 0.05)
(-0.6435344978 0.4611502995 0.05)
(-0.5824148476 0.3891571593 0.05)
(-0.6000442356 0.4009367398 0.05)
(-0.6185361399 0.4132926353 0.05)
(-0.6379327591 0.4262530419 0.05)
(-0.6582783563 0.4398475353 0.05)
(-0.5776703377 0.3592184995 0.05)
(-0.5948358809 0.3698927202 0.05)
(-0.6128412469 0.3810891763 0.05)
(-0.631727524 0.3928334181 0.05)
(-0.6515378106 0.405152246 0.05)
(-0.5724252549 0.3304898747 0.05)
(-0.5891143458 0.3401253259 0.05)
(-0.606619949 0.3502321907 0.05)
(-0.6249820125 0.360833533 0.05)
(-0.6442424385 0.3719535451 0.05)
(-0.582932097 0.3115836971 0.05)
(-0.5999275154 0.3206679375 0.05)
(-0.6177544333 0.3301966237 0.05)
(-0.6364535317 0.3401915 0.05)
(-0.6560674819 0.3506753748 0.05)
(-0.5763373289 0.2842181174 0.05)
(-0.5928147207 0.2923438678 0.05)
(-0.6100982676 0.3008671699 0.05)
(-0.6282274106 0.3098074739 0.05)
(-0.6472435205 0.3191851815 0.05)
(-0.569374213 0.2579800995 0.05)
(-0.5853281069 0.2652087147 0.05)
(-0.6020625436 0.2727909894 0.05)
(-0.6196157113 0.2807442262 0.05)
(-0.6380276663 0.2890865745 0.05)
(-0.6573404247 0.2978370714 0.05)
(-0.5775102353 0.2392125717 0.05)
(-0.5936921008 0.2459153199 0.05)
(-0.6106656628 0.2529459995 0.05)
(-0.6284696549 0.2603206545 0.05)
(-0.6471447059 0.2680561139 0.05)
(-0.5693999301 0.2143069585 0.05)
(-0.585027845 0.2201888892 0.05)
(-0.6014203544 0.2263585928 0.05)
(-0.6186148659 0.2328301487 0.05)
(-0.6366506175 0.2396183249 0.05)
(-0.6555687667 0.2467386121 0.05)
(-0.5761069933 0.1955619724 0.05)
(-0.5919189922 0.2009294228 0.05)
(-0.6085045919 0.2065594752 0.05)
(-0.6259016406 0.2124649775 0.05)
(-0.6441498386 0.218659406 0.05)
(-0.5821971467 0.1766075737 0.05)
(-0.5981762977 0.1814547961 0.05)
(-0.6149372274 0.1865391686 0.05)
(-0.6325181842 0.1918722935 0.05)
(-0.6509592879 0.1974663411 0.05)
(-0.572286989 0.1533438366 0.05)
(-0.5876638687 0.1574640591 0.05)
(-0.603793061 0.1617858631 0.05)
(-0.6207113727 0.1663191111 0.05)
(-0.6384574114 0.1710741478 0.05)
(-0.5769978489 0.134537029 0.05)
(-0.5925013055 0.1381519281 0.05)
(-0.6087632675 0.1419436858 0.05)
(-0.6258208447 0.1459209549 0.05)
(-0.6437129624 0.1500928116 0.05)
(-0.5810908449 0.1155861557 0.05)
(-0.5967042771 0.1186918605 0.05)
(-0.613081595 0.1219495116 0.05)
(-0.630260172 0.1253665429 0.05)
(-0.6482792094 0.1289507523 0.05)
(-0.5845615943 0.09651150995 0.05)
(-0.6002682826 0.09910469468 0.05)
(-0.6167434194 0.1018247507 0.05)
(-0.6340246009 0.1046778853 0.05)
(-0.6521512627 0.1076706093 0.05)
(-0.572359426 0.0753525481 0.05)
(-0.5874063804 0.07733351722 0.05)
(-0.6031895059 0.07941140509 0.05)
(-0.6197448194 0.08159095345 0.05)
(-0.6371101003 0.08387713603 0.05)
(-0.5745184434 0.05658512789 0.05)
(-0.589622157 0.05807271382 0.05)
(-0.6054648186 0.05963307978 0.05)
(-0.622082581 0.06126978651 0.05)
(-0.6395133662 0.06298656899 0.05)
(-0.576062252 0.03775711491 0.05)
(-0.5912065514 0.03874972472 0.05)
(-0.6070917844 0.03979089789 0.05)
(-0.6237542011 0.04088301037 0.05)
(-0.6412318251 0.04202855436 0.05)
(-0.5769891987 0.01888867067 0.05)
(-0.592157867 0.01938524145 0.05)
(-0.608068661 0.01990610691 0.05)
(-0.6247578894 0.02045245568 0.05)
(-0.6422636369 0.02102553451 0.05)
(-0.5772982908 0 0.05)
(-0.592475085 0 0.05)
(-0.6083944025 0 0.05)
(-0.6250925713 0 0.05)
(-0.6426076967 0 0.05)
(-0.5769891987 -0.01888867067 -0.05)
(-0.592157867 -0.01938524145 -0.05)
(-0.608068661 -0.01990610691 -0.05)
(-0.6247578894 -0.02045245568 -0.05)
(-0.6422636369 -0.02102553451 -0.05)
(-0.576062252 -0.03775711491 -0.05)
(-0.5912065514 -0.03874972472 -0.05)
(-0.6070917844 -0.03979089789 -0.05)
(-0.6237542011 -0.04088301037 -0.05)
(-0.6412318251 -0.04202855436 -0.05)
(-0.5745184434 -0.05658512789 -0.05)
(-0.589622157 -0.05807271382 -0.05)
(-0.6054648186 -0.05963307978 -0.05)
(-0.622082581 -0.06126978651 -0.05)
(-0.6395133662 -0.06298656899 -0.05)
(-0.572359426 -0.0753525481 -0.05)
(-0.5874063804 -0.07733351722 -0.05)
(-0.6031895059 -0.07941140509 -0.05)
(-0.6197448194 -0.08159095345 -0.05)
(-0.6371101003 -0.08387713603 -0.05)
(-0.5845615943 -0.09651150995 -0.05)
(-0.6002682826 -0.09910469468 -0.05)
(-0.6167434194 -0.1018247507 -0.05)
(-0.6340246009 -0.1046778853 -0.05)
(-0.6521512627 -0.1076706093 -0.05)
(-0.5810908449 -0.1155861557 -0.05)
(-0.5967042771 -0.1186918605 -0.05)
(-0.613081595 -0.1219495116 -0.05)
(-0.630260172 -0.1253665429 -0.05)
(-0.6482792094 -0.1289507523 -0.05)
(-0.5769978489 -0.134537029 -0.05)
(-0.5925013055 -0.1381519281 -0.05)
(-0.6087632675 -0.1419436858 -0.05)
(-0.6258208447 -0.1459209549 -0.05)
(-0.6437129624 -0.1500928116 -0.05)
(-0.572286989 -0.1533438366 -0.05)
(-0.5876638687 -0.1574640591 -0.05)
(-0.603793061 -0.1617858631 -0.05)
(-0.6207113727 -0.1663191111 -0.05)
(-0.6384574114 -0.1710741478 -0.05)
(-0.5821971467 -0.1766075737 -0.05)
(-0.5981762977 -0.1814547961 -0.05)
(-0.6149372274 -0.1865391686 -0.05)
(-0.6325181842 -0.1918722935 -0.05)
(-0.6509592879 -0.1974663411 -0.05)
(-0.5761069933 -0.1955619724 -0.05)
(-0.5919189922 -0.2009294228 -0.05)
(-0.6085045919 -0.2065594752 -0.05)
(-0.6259016406 -0.2124649775 -0.05)
(-0.6441498386 -0.218659406 -0.05)
(-0.585027845 -0.2201888892 -0.05)
(-0.6014203544 -0.2263585928 -0.05)
(-0.6186148659 -0.2328301487 -0.05)
(-0.6366506175 -0.2396183249 -0.05)
(-0.6555687667 -0.2467386121 -0.05)
(-0.5775102353 -0.2392125717 -0.05)
(-0.5936921008 -0.2459153199 -0.05)
(-0.6106656628 -0.2529459995 -0.05)
(-0.6284696549 -0.2603206545 -0.05)
(-0.6471447059 -0.2680561139 -0.05)
(-0.569374213 -0.2579800995 -0.05)
(-0.5853281069 -0.2652087147 -0.05)
(-0.6020625436 -0.2727909894 -0.05)
(-0.6196157113 -0.2807442262 -0.05)
(-0.6380276663 -0.2890865745 -0.05)
(-0.6573404247 -0.2978370714 -0.05)
(-0.5763373289 -0.2842181174 -0.05)
(-0.5928147207 -0.2923438678 -0.05)
(-0.6100982676 -0.3008671699 -0.05)
(-0.6282274106 -0.3098074739 -0.05)
(-0.6472435205 -0.3191851815 -0.05)
(-0.582932097 -0.3115836971 -0.05)
(-0.5999275154 -0.3206679375 -0.05)
(-0.6177544333 -0.3301966237 -0.05)
(-0.6364535317 -0.3401915 -0.05)
(-0.6560674819 -0.3506753748 -0.05)
(-0.5724252549 -0.3304898747 -0.05)
(-0.5891143458 -0.3401253259 -0.05)
(-0.606619949 -0.3502321907 -0.05)
(-0.6249820125 -0.360833533 -0.05)
(-0.6442424385 -0.3719535451 -0.05)
(-0.5776703377 -0.3592184995 -0.05)
(-0.5948358809 -0.3698927202 -0.05)
(-0.6128412469 -0.3810891763 -0.05)
(-0.631727524 -0.3928334181 -0.05)
(-0.6515378106 -0.405152246 -0.05)
(-0.5824148476 -0.3891571593 -0.05)
(-0.6000442356 -0.4009367398 -0.05)
(-0.6185361399 -0.4132926353 -0.05)
(-0.6379327591 -0.4262530419 -0.05)
(-0.6582783563 -0.4398475353 -0.05)
(-0.5693701499 -0.4080048792 -0.05)
(-0.5866046818 -0.4203549702 -0.05)
(-0.6046824118 -0.4333092883 -0.05)
(-0.6236445932 -0.4468973954 -0.05)
(-0.6435344978 -0.4611502995 -0.05)
(-0.572536977 -0.4393230739 -0.05)
(-0.5901811746 -0.4528619429 -0.05)
(-0.608688613 -0.4670631999 -0.05)
(-0.6281015264 -0.4819592523 -0.05)
(-0.648464215 -0.4975840928 -0.05)
(-0.5750479566 -0.4719296615 -0.05)
(-0.5930808338 -0.4867288614 -0.05)
(-0.6119959682 -0.502252111 -0.05)
(-0.6318365239 -0.5185348343 -0.05)
(-0.6526477771 -0.5356141885 -0.05)
(-0.5768379688 -0.5058733215 -0.05)
(-0.5952350693 -0.5220071456 -0.05)
(-0.6145322464 -0.5389303158 -0.05)
(-0.6347735363 -0.5566814506 -0.05)
(-0.6560051296 -0.5753010582 -0.05)
(-0.5778367778 -0.5412032019 -0.05)
(-0.5965699124 -0.5587486971 -0.05)
(-0.616219564 -0.5771526043 -0.05)
(-0.6368305733 -0.596456921 -0.05)
(-0.6584499745 -0.6167056999 -0.05)
(-0.5779687564 -0.5779687564 -0.05)
(-0.5970057285 -0.5970057285 -0.05)
(-0.6169740828 -0.6169740828 -0.05)
(-0.6379193873 -0.6379193873 -0.05)
(-0.659889439 -0.659889439 -0.05)
(-0.5769891987 -0.01888867067 0.05)
(-0.592157867 -0.01938524145 0.05)
(-0.608068661 -0.01990610691 0.05)
(-0.6247578894 -0.02045245568 0.05)
(-0.6422636369 -0.02102553451 0.05)
(-0.576062252 -0.03775711491 0.05)
(-0.5912065514 -0.03874972472 0.05)
(-0.6070917844 -0.03979089789 0.05)
(-0.6237542011 -0.04088301037 0.05)
(-0.6412318251 -0.04202855436 0.05)
(-0.5745184434 -0.05658512789 0.05)
(-0.589622157 -0.05807271382 0.05)
(-0.6054648186 -0.05963307978 0.05)
(-0.622082581 -0.06126978651 0.05)
(-0.6395133662 -0.06298656899 0.05)
(-0.572359426 -0.0753525481 0.05)
(-0.5874063804 -0.07733351722 0.05)
(-0.6031895059 -0.07941140509 0.05)
(-0.6197448194 -0.08159095345 0.05)
(-0.6371101003 -0.08387713603 0.05)
(-0.5845615943 -0.09651150995 0.05)
(-0.6002682826 -0.09910469468 0.05)
(-0.6167434194 -0.1018247507 0.05)
(-0.6340246009 -0.1046778853 0.05)
(-0.6521512627 -0.1076706093 0.05)
(-0.5810908449 -0.1155861557 0.05)
(-0.5967042771 -0.1186918605 0.05)
(-0.613081595 -0.1219495116 0.05)
(-0.630260172 -0.1253665429 0.05)
(-0.6482792094 -0.1289507523 0.05)
(-0.5769978489 -0.134537029 0.05)
(-0.5925013055 -0.1381519281 0.05)
(-0.6087632675 -0.1419436858 0.05)
(-0.6258208447 -0.1459209549 0.05)
(-0.6437129624 -0.1500928116 0.05)
(-0.572286989 -0.1533438366 0.05)
(-0.5876638687 -0.1574640591 0.05)
(-0.603793061 -0.1617858631 0.05)
(-0.6207113727 -0.1663191111 0.05)
(-0.6384574114 -0.1710741478 0.05)
(-0.5821971467 -0.1766075737 0.05)
(-0.5981762977 -0.1814547961 0.05)
(-0.6149372274 -0.1865391686 0.05)
(-0.6325181842 -0.1918722935 0.05)
(-0.6509592879 -0.1974663411 0.05)
(-0.5761069933 -0.1955619724 0.05)
(-0.5919189922 -0.2009294228 0.05)
(-0.6085045919 -0.2065594752 0.05)
(-0.6259016406 -0.2124649775 0.05)
(-0.6441498386 -0.218659406 0.05)
(-0.585027845 -0.2201888892 0.05)
(-0.6014203544 -0.2263585928 0.05)
(-0.6186148659 -0.2328301487 0.05)
(-0.6366506175 -0.2396183249 0.05)
(-0.6555687667 -0.2467386121 0.05)
(-0.5775102353 -0.2392125717 0.05)
(-0.5936921008 -0.2459153199 0.05)
(-0.6106656628 -0.2529459995 0.05)
(-0.6284696549 -0.2603206545 0.05)
(-0.6471447059 -0.2680561139 0.05)
(-0.569374213 -0.2579800995 0.05)
(-0.5853281069 -0.2652087147 0.05)
(-0.6020625436 -0.2727909894 0.05)
(-0.6196157113 -0.2807442262 0.05)
(-0.6380276663 -0.2890865745 0.05)
(-0.6573404247 -0.2978370714 0.05)
(-0.5763373289 -0.2842181174 0.05)
(-0.5928147207 -0.2923438678 0.05)
(-0.6100982676 -0.3008671699 0.05)
(-0.6282274106 -0.3098074739 0.05)
(-0.6472435205 -0.3191851815 0.05)
(-0.582932097 -0.3115836971 0.05)
(-0.5999275154 -0.3206679375 0.05)
(-0.6177544333 -0.3301966237 0.05)
(-0.6364535317 -0.3401915 0.05)
(-0.6560674819 -0.3506753748 0.05)
(-0.5724252549 -0.3304898747 0.05)
(-0.5891143458 -0.3401253259 0.05)
(-0.606619949 -0.3502321907 0.05)
(-0.6249820125 -0.360833533 0.05)
(-0.6442424385 -0.3719535451 0.05)
(-0.5776703377 -0.3592184995 0.05)
(-0.5948358809 -0.3698927202 0.05)
(-0.6128412469 -0.3810891763 0.05)
(-0.631727524 -0.3928334181 0.05)
(-0.6515378106 -0.405152246 0.05)
(-0.5824148476 -0.3891571593 0.05)
(-0.6000442356 -0.4009367398 0.05)
(-0.6185361399 -0.4132926353 0.05)
(-0.6379327591 -0.4262530419 0.05)
(-0.6582783563 -0.4398475353 0.05)
(-0.5693701499 -0.4080048792 0.05)
(-0.5866046818 -0.4203549702 0.05)
(-0.6046824118 -0.4333092883 0.05)
(-0.6236445932 -0.4468973954 0.05)
(-0.6435344978 -0.4611502995 0.05)
(-0.572536977 -0.4393230739 0.05)
(-0.5901811746 -0.4528619429 0.05)
(-0.608688613 -0.4670631999 0.05)
(-0.6281015264 -0.4819592523 0.05)
(-0.648464215 -0.4975840928 0.05)
(-0.5750479566 -0.4719296615 0.05)
(-0.5930808338 -0.4867288614 0.05)
(-0.6119959682 -0.502252111 0.05)
(-0.6318365239 -0.5185348343 0.05)
(-0.6526477771 -0.5356141885 0.05)
(-0.5768379688 -0.5058733215 0.05)
(-0.5952350693 -0.5220071456 0.05)
(-0.6145322464 -0.5389303158 0.05)
(-0.6347735363 -0.5566814506 0.05)
(-0.6560051296 -0.5753010582 0.05)
(-0.5778367778 -0.5412032019 0.05)
(-0.5965699124 -0.5587486971 0.05)
(-0.616219564 -0.5771526043 0.05)
(-0.6368305733 -0.596456921 0.05)
(-0.6584499745 -0.6167056999 0.05)
(-0.5779687564 -0.5779687564 0.05)
(-0.5970057285 -0.5970057285 0.05)
(-0.6169740828 -0.6169740828 0.05)
(-0.6379193873 -0.6379193873 0.05)
(-0.659889439 -0.659889439 0.05)
(-0.5771526043 -0.616219564 -0.05)
(-0.596456921 -0.6368305733 -0.05)
(-0.6167056999 -0.6584499745 -0.05)
(-0.6379451486 -0.681127103 -0.05)
(-0.6602237356 -0.7049137083 -0.05)
(-0.5753010582 -0.6560051296 -0.05)
(-0.5948316287 -0.6782754769 -0.05)
(-0.6153177306 -0.7016353991 -0.05)
(-0.6368061135 -0.7261382036 -0.05)
(-0.6593458136 -0.7518398058 -0.05)
(-0.5723205968 -0.697374665 -0.05)
(-0.592031415 -0.7213923665 -0.05)
(-0.6127065833 -0.7465851319 -0.05)
(-0.6343932826 -0.7730104514 -0.05)
(-0.5681111373 -0.7403768488 -0.05)
(-0.5879509517 -0.7662325982 -0.05)
(-0.6087614274 -0.7933533381 -0.05)
(-0.5625657275 -0.7850595635 -0.05)
(-0.5824776952 -0.8128466822 -0.05)
(-0.5771526043 -0.616219564 0.05)
(-0.596456921 -0.6368305733 0.05)
(-0.6167056999 -0.6584499745 0.05)
(-0.6379451486 -0.681127103 0.05)
(-0.6602237356 -0.7049137083 0.05)
(-0.5753010582 -0.6560051296 0.05)
(-0.5948316287 -0.6782754769 0.05)
(-0.6153177306 -0.7016353991 0.05)
(-0.6368061135 -0.7261382036 0.05)
(-0.6593458136 -0.7518398058 0.05)
(-0.5723205968 -0.697374665 0.05)
(-0.592031415 -0.7213923665 0.05)
(-0.6127065833 -0.7465851319 0.05)
(-0.6343932826 -0.7730104514 0.05)
(-0.5681111373 -0.7403768488 0.05)
(-0.5879509517 -0.7662325982 0.05)
(-0.6087614274 -0.7933533381 0.05)
(-0.5625657275 -0.7850595635 0.05)
(-0.5824776952 -0.8128466822 0.05)
(-0.5819105745 0.8925255152 -0.05)
(-0.5813434538 0.9722043481 -0.05)
(-0.5807763331 1.051883181 -0.05)
(-0.5802092124 1.131562014 -0.05)
(-0.5796420917 1.211240847 -0.05)
(-0.579074971 1.29091968 -0.05)
(-0.5785078503 1.370598513 -0.05)
(-0.5779407296 1.450277346 -0.05)
(-0.577373609 1.529956179 -0.05)
(-0.5768064883 1.609635012 -0.05)
(-0.5762393676 1.689313845 -0.05)
(-0.5756722469 1.768992678 -0.05)
(-0.5751051262 1.848671511 -0.05)
(-0.5745380055 1.928350343 -0.05)
(-0.5739708848 2.008029176 -0.05)
(-0.5734037641 2.087708009 -0.05)
(-0.5728366434 2.167386842 -0.05)
(-0.5722695227 2.247065675 -0.05)
(-0.571702402 2.326744508 -0.05)
(-0.5711352813 2.406423341 -0.05)
(-0.5705681607 2.486102174 -0.05)
(-0.57000104 2.565781007 -0.05)
(-0.5694339193 2.64545984 -0.05)
(-0.5688667986 2.725138673 -0.05)
(-0.5682996779 2.804817506 -0.05)
(-0.5677325572 2.884496339 -0.05)
(-0.5671654365 2.964175172 -0.05)
(-0.5665983158 3.043854005 -0.05)
(-0.5660311951 3.123532838 -0.05)
(-0.5654640744 3.203211671 -0.05)
(-0.5648969537 3.282890504 -0.05)
(-0.564329833 3.362569336 -0.05)
(-0.5637627123 3.442248169 -0.05)
(-0.5631955917 3.521927002 -0.05)
(-0.562628471 3.601605835 -0.05)
(-0.6082737829 0.8735195047 -0.05)
(-0.6077861385 0.9536856712 -0.05)
(-0.6072984941 1.033851838 -0.05)
(-0.6068108496 1.114018004 -0.05)
(-0.6063232052 1.194184171 -0.05)
(-0.6058355608 1.274350337 -0.05)
(-0.6053479163 1.354516504 -0.05)
(-0.6048602719 1.43468267 -0.05)
(-0.6043726275 1.514848837 -0.05)
(-0.603884983 1.595015004 -0.05)
(-0.6033973386 1.67518117 -0.05)
(-0.6029096942 1.755347337 -0.05)
(-0.6024220497 1.835513503 -0.05)
(-0.6019344053 1.91567967 -0.05)
(-0.6014467609 1.995845836 -0.05)
(-0.6009591164 2.076012003 -0.05)
(-0.600471472 2.156178169 -0.05)
(-0.5999838276 2.236344336 -0.05)
(-0.5994961831 2.316510503 -0.05)
(-0.5990085387 2.396676669 -0.05)
(-0.5985208943 2.476842836 -0.05)
(-0.5980332498 2.557009002 -0.05)
(-0.5975456054 2.637175169 -0.05)
(-0.5970579609 2.717341335 -0.05)
(-0.5965703165 2.797507502 -0.05)
(-0.5960826721 2.877673668 -0.05)
(-0.5955950276 2.957839835 -0.05)
(-0.5951073832 3.038006001 -0.05)
(-0.5946197388 3.118172168 -0.05)
(-0.5941320943 3.198338335 -0.05)
(-0.5936444499 3.278504501 -0.05)
(-0.5931568055 3.358670668 -0.05)
(-0.592669161 3.438836834 -0.05)
(-0.5921815166 3.519003001 -0.05)
(-0.5916938722 3.599169167 -0.05)
(-0.5912062277 3.679335334 -0.05)
(-0.5907185833 3.7595015 -0.05)
(-0.5902309389 3.839667667 -0.05)
(-0.5897432944 3.919833833 -0.05)
(-0.58925565 4 -0.05)
(-0.6340014113 0.8536851901 -0.05)
(-0.6336095401 0.9343599288 -0.05)
(-0.6332176688 1.015034668 -0.05)
(-0.6328257976 1.095709406 -0.05)
(-0.6324339263 1.176384145 -0.05)
(-0.6320420551 1.257058884 -0.05)
(-0.6316501838 1.337733622 -0.05)
(-0.6312583126 1.418408361 -0.05)
(-0.6308664413 1.4990831 -0.05)
(-0.6304745701 1.579757839 -0.05)
(-0.6300826988 1.660432577 -0.05)
(-0.6296908276 1.741107316 -0.05)
(-0.6292989563 1.821782055 -0.05)
(-0.6289070851 1.902456793 -0.05)
(-0.6285152138 1.983131532 -0.05)
(-0.6281233426 2.063806271 -0.05)
(-0.6277314713 2.14448101 -0.05)
(-0.6273396001 2.225155748 -0.05)
(-0.6269477288 2.305830487 -0.05)
(-0.6265558575 2.386505226 -0.05)
(-0.6261639863 2.467179964 -0.05)
(-0.625772115 2.547854703 -0.05)
(-0.6253802438 2.628529442 -0.05)
(-0.6249883725 2.709204181 -0.05)
(-0.6245965013 2.789878919 -0.05)
(-0.62420463 2.870553658 -0.05)
(-0.6238127588 2.951228397 -0.05)
(-0.6234208875 3.031903135 -0.05)
(-0.6230290163 3.112577874 -0.05)
(-0.622637145 3.193252613 -0.05)
(-0.6222452738 3.273927352 -0.05)
(-0.6218534025 3.35460209 -0.05)
(-0.6214615313 3.435276829 -0.05)
(-0.62106966 3.515951568 -0.05)
(-0.6206777888 3.596626306 -0.05)
(-0.6202859175 3.677301045 -0.05)
(-0.6198940463 3.757975784 -0.05)
(-0.619502175 3.838650523 -0.05)
(-0.6191103038 3.919325261 -0.05)
(-0.6187184325 4 -0.05)
(-0.6548799742 2.051103883 -0.05)
(-0.6546008592 2.132307888 -0.05)
(-0.6543217442 2.213511893 -0.05)
(-0.6540426293 2.294715898 -0.05)
(-0.6537635143 2.375919903 -0.05)
(-0.6534843993 2.457123908 -0.05)
(-0.6532052844 2.538327913 -0.05)
(-0.6529261694 2.619531917 -0.05)
(-0.6526470545 2.700735922 -0.05)
(-0.6523679395 2.781939927 -0.05)
(-0.6520888245 2.863143932 -0.05)
(-0.6518097096 2.944347937 -0.05)
(-0.6515305946 3.025551942 -0.05)
(-0.6512514796 3.106755947 -0.05)
(-0.6509723647 3.187959951 -0.05)
(-0.6506932497 3.269163956 -0.05)
(-0.6504141347 3.350367961 -0.05)
(-0.6501350198 3.431571966 -0.05)
(-0.6498559048 3.512775971 -0.05)
(-0.6495767898 3.593979976 -0.05)
(-0.6492976749 3.675183981 -0.05)
(-0.6490185599 3.756387985 -0.05)
(-0.6487394449 3.83759199 -0.05)
(-0.64846033 3.918795995 -0.05)
(-0.648181215 4 -0.05)
(-0.5819105745 0.8925255152 0.05)
(-0.5813434538 0.9722043481 0.05)
(-0.5807763331 1.051883181 0.05)
(-0.5802092124 1.131562014 0.05)
(-0.5796420917 1.211240847 0.05)
(-0.579074971 1.29091968 0.05)
(-0.5785078503 1.370598513 0.05)
(-0.5779407296 1.450277346 0.05)
(-0.577373609 1.529956179 0.05)
(-0.5768064883 1.609635012 0.05)
(-0.5762393676 1.689313845 0.05)
(-0.5756722469 1.768992678 0.05)
(-0.5751051262 1.848671511 0.05)
(-0.5745380055 1.928350343 0.05)
(-0.5739708848 2.008029176 0.05)
(-0.5734037641 2.087708009 0.05)
(-0.5728366434 2.167386842 0.05)
(-0.5722695227 2.247065675 0.05)
(-0.571702402 2.326744508 0.05)
(-0.5711352813 2.406423341 0.05)
(-0.5705681607 2.486102174 0.05)
(-0.57000104 2.565781007 0.05)
(-0.5694339193 2.64545984 0.05)
(-0.5688667986 2.725138673 0.05)
(-0.5682996779 2.804817506 0.05)
(-0.5677325572 2.884496339 0.05)
(-0.5671654365 2.964175172 0.05)
(-0.5665983158 3.043854005 0.05)
(-0.5660311951 3.123532838 0.05)
(-0.5654640744 3.203211671 0.05)
(-0.5648969537 3.282890504 0.05)
(-0.564329833 3.362569336 0.05)
(-0.5637627123 3.442248169 0.05)
(-0.5631955917 3.521927002 0.05)
(-0.562628471 3.601605835 0.05)
(-0.6082737829 0.8735195047 0.05)
(-0.6077861385 0.9536856712 0.05)
(-0.6072984941 1.033851838 0.05)
(-0.6068108496 1.114018004 0.05)
(-0.6063232052 1.194184171 0.05)
(-0.6058355608 1.274350337 0.05)
(-0.6053479163 1.354516504 0.05)
(-0.6048602719 1.43468267 0.05)
(-0.6043726275 1.514848837 0.05)
(-0.603884983 1.595015004 0.05)
(-0.6033973386 1.67518117 0.05)
(-0.6029096942 1.755347337 0.05)
(-0.6024220497 1.835513503 0.05)
(-0.6019344053 1.91567967 0.05)
(-0.6014467609 1.995845836 0.05)
(-0.6009591164 2.076012003 0.05)
(-0.600471472 2.156178169 0.05)
(-0.5999838276 2.236344336 0.05)
(-0.5994961831 2.316510503 0.05)
(-0.5990085387 2.396676669 0.05)
(-0.5985208943 2.476842836 0.05)
(-0.5980332498 2.557009002 0.05)
(-0.5975456054 2.637175169 0.05)
(-0.5970579609 2.717341335 0.05)
(-0.5965703165 2.797507502 0.05)
(-0.5960826721 2.877673668 0.05)
(-0.5955950276 2.957839835 0.05)
(-0.5951073832 3.038006001 0.05)
(-0.5946197388 3.118172168 0.05)
(-0.5941320943 3.198338335 0.05)
(-0.5936444499 3.278504501 0.05)
(-0.5931568055 3.358670668 0.05)
(-0.592669161 3.438836834 0.05)
(-0.5921815166 3.519003001 0.05)
(-0.5916938722 3.599169167 0.05)
(-0.5912062277 3.679335334 0.05)
(-0.5907185833 3.7595015 0.05)
(-0.5902309389 3.839667667 0.05)
(-0.5897432944 3.919833833 0.05)
(-0.58925565 4 0.05)
(-0.6340014113 0.8536851901 0.05)
(-0.6336095401 0.9343599288 0.05)
(-0.6332176688 1.015034668 0.05)
(-0.6328257976 1.095709406 0.05)
(-0.6324339263 1.176384145 0.05)
(-0.6320420551 1.257058884 0.05)
(-0.6316501838 1.337733622 0.05)
(-0.6312583126 1.418408361 0.05)
(-0.6308664413 1.4990831 0.05)
(-0.6304745701 1.579757839 0.05)
(-0.6300826988 1.660432577 0.05)
(-0.6296908276 1.741107316 0.05)
(-0.6292989563 1.821782055 0.05)
(-0.6289070851 1.902456793 0.05)
(-0.6285152138 1.983131532 0.05)
(-0.6281233426 2.063806271 0.05)
(-0.6277314713 2.14448101 0.05)
(-0.6273396001 2.225155748 0.05)
(-0.6269477288 2.305830487 0.05)
(-0.6265558575 2.386505226 0.05)
(-0.6261639863 2.467179964 0.05)
(-0.625772115 2.547854703 0.05)
(-0.6253802438 2.628529442 0.05)
(-0.6249883725 2.709204181 0.05)
(-0.6245965013 2.789878919 0.05)
(-0.62420463 2.870553658 0.05)
(-0.6238127588 2.951228397 0.05)
(-0.6234208875 3.031903135 0.05)
(-0.6230290163 3.112577874 0.05)
(-0.622637145 3.193252613 0.05)
(-0.6222452738 3.273927352 0.05)
(-0.6218534025 3.35460209 0.05)
(-0.6214615313 3.435276829 0.05)
(-0.62106966 3.515951568 0.05)
(-0.6206777888 3.596626306 0.05)
(-0.6202859175 3.677301045 0.05)
(-0.6198940463 3.757975784 0.05)
(-0.619502175 3.838650523 0.05)
(-0.6191103038 3.919325261 0.05)
(-0.6187184325 4 0.05)
(-0.6548799742 2.051103883 0.05)
(-0.6546008592 2.132307888 0.05)
(-0.6543217442 2.213511893 0.05)
(-0.6540426293 2.294715898 0.05)
(-0.6537635143 2.375919903 0.05)
(-0.6534843993 2.457123908 0.05)
(-0.6532052844 2.538327913 0.05)
(-0.6529261694 2.619531917 0.05)
(-0.6526470545 2.700735922 0.05)
(-0.6523679395 2.781939927 0.05)
(-0.6520888245 2.863143932 0.05)
(-0.6518097096 2.944347937 0.05)
(-0.6515305946 3.025551942 0.05)
(-0.6512514796 3.106755947 0.05)
(-0.6509723647 3.187959951 0.05)
(-0.6506932497 3.269163956 0.05)
(-0.6504141347 3.350367961 0.05)
(-0.6501350198 3.431571966 0.05)
(-0.6498559048 3.512775971 0.05)
(-0.6495767898 3.593979976 0.05)
(-0.6492976749 3.675183981 0.05)
(-0.6490185599 3.756387985 0.05)
(-0.6487394449 3.83759199 0.05)
(-0.64846033 3.918795995 0.05)
(-0.648181215 4 0.05)
(-0.6576711238 -1.239063835 -0.05)
(-0.6573920089 -1.32026784 -0.05)
(-0.6571128939 -1.401471845 -0.05)
(-0.6568337789 -1.482675849 -0.05)
(-0.656554664 -1.563879854 -0.05)
(-0.656275549 -1.645083859 -0.05)
(-0.655996434 -1.726287864 -0.05)
(-0.6557173191 -1.807491869 -0.05)
(-0.6554382041 -1.888695874 -0.05)
(-0.6551590891 -1.969899879 -0.05)
(-0.6548799742 -2.051103883 -0.05)
(-0.6546008592 -2.132307888 -0.05)
(-0.6543217442 -2.213511893 -0.05)
(-0.6540426293 -2.294715898 -0.05)
(-0.6537635143 -2.375919903 -0.05)
(-0.6534843993 -2.457123908 -0.05)
(-0.6532052844 -2.538327913 -0.05)
(-0.6529261694 -2.619531917 -0.05)
(-0.6526470545 -2.700735922 -0.05)
(-0.6523679395 -2.781939927 -0.05)
(-0.6520888245 -2.863143932 -0.05)
(-0.6518097096 -2.944347937 -0.05)
(-0.6515305946 -3.025551942 -0.05)
(-0.6512514796 -3.106755947 -0.05)
(-0.6509723647 -3.187959951 -0.05)
(-0.6506932497 -3.269163956 -0.05)
(-0.6504141347 -3.350367961 -0.05)
(-0.6501350198 -3.431571966 -0.05)
(-0.6498559048 -3.512775971 -0.05)
(-0.6495767898 -3.593979976 -0.05)
(-0.6492976749 -3.675183981 -0.05)
(-0.6490185599 -3.756387985 -0.05)
(-0.6487394449 -3.83759199 -0.05)
(-0.64846033 -3.918795995 -0.05)
(-0.648181215 -4 -0.05)
(-0.6340014113 -0.8536851901 -0.05)
(-0.6336095401 -0.9343599288 -0.05)
(-0.6332176688 -1.015034668 -0.05)
(-0.6328257976 -1.095709406 -0.05)
(-0.6324339263 -1.176384145 -0.05)
(-0.6320420551 -1.257058884 -0.05)
(-0.6316501838 -1.337733622 -0.05)
(-0.6312583126 -1.418408361 -0.05)
(-0.6308664413 -1.4990831 -0.05)
(-0.6304745701 -1.579757839 -0.05)
(-0.6300826988 -1.660432577 -0.05)
(-0.6296908276 -1.741107316 -0.05)
(-0.6292989563 -1.821782055 -0.05)
(-0.6289070851 -1.902456793 -0.05)
(-0.6285152138 -1.983131532 -0.05)
(-0.6281233426 -2.063806271 -0.05)
(-0.6277314713 -2.14448101 -0.05)
(-0.6273396001 -2.225155748 -0.05)
(-0.6269477288 -2.305830487 -0.05)
(-0.6265558575 -2.386505226 -0.05)
(-0.6261639863 -2.467179964 -0.05)
(-0.625772115 -2.547854703 -0.05)
(-0.6253802438 -2.628529442 -0.05)
(-0.6249883725 -2.709204181 -0.05)
(-0.6245965013 -2.789878919 -0.05)
(-0.62420463 -2.870553658 -0.05)
(-0.6238127588 -2.951228397 -0.05)
(-0.6234208875 -3.031903135 -0.05)
(-0.6230290163 -3.112577874 -0.05)
(-0.622637145 -3.193252613 -0.05)
(-0.6222452738 -3.273927352 -0.05)
(-0.6218534025 -3.35460209 -0.05)
(-0.6214615313 -3.435276829 -0.05)
(-0.62106966 -3.515951568 -0.05)
(-0.6206777888 -3.596626306 -0.05)
(-0.6202859175 -3.677301045 -0.05)
(-0.6198940463 -3.757975784 -0.05)
(-0.619502175 -3.838650523 -0.05)
(-0.6191103038 -3.919325261 -0.05)
(-0.6187184325 -4 -0.05)
(-0.6082737829 -0.8735195047 -0.05)
(-0.6077861385 -0.9536856712 -0.05)
(-0.6072984941 -1.033851838 -0.05)
(-0.6068108496 -1.114018004 -0.05)
(-0.6063232052 -1.194184171 -0.05)
(-0.6058355608 -1.274350337 -0.05)
(-0.6053479163 -1.354516504 -0.05)
(-0.6048602719 -1.43468267 -0.05)
(-0.6043726275 -1.514848837 -0.05)
(-0.603884983 -1.595015004 -0.05)
(-0.6033973386 -1.67518117 -0.05)
(-0.6029096942 -1.755347337 -0.05)
(-0.6024220497 -1.835513503 -0.05)
(-0.6019344053 -1.91567967 -0.05)
(-0.6014467609 -1.995845836 -0.05)
(-0.6009591164 -2.076012003 -0.05)
(-0.600471472 -2.156178169 -0.05)
(-0.5999838276 -2.236344336 -0.05)
(-0.5994961831 -2.316510503 -0.05)
(-0.5990085387 -2.396676669 -0.05)
(-0.5985208943 -2.476842836 -0.05)
(-0.5980332498 -2.557009002 -0.05)
(-0.5975456054 -2.637175169 -0.05)
(-0.5970579609 -2.717341335 -0.05)
(-0.5965703165 -2.797507502 -0.05)
(-0.5960826721 -2.877673668 -0.05)
(-0.5955950276 -2.957839835 -0.05)
(-0.5951073832 -3.038006001 -0.05)
(-0.5946197388 -3.118172168 -0.05)
(-0.5941320943 -3.198338335 -0.05)
(-0.5936444499 -3.278504501 -0.05)
(-0.5931568055 -3.358670668 -0.05)
(-0.592669161 -3.438836834 -0.05)
(-0.5921815166 -3.519003001 -0.05)
(-0.5916938722 -3.599169167 -0.05)
(-0.5912062277 -3.679335334 -0.05)
(-0.5907185833 -3.7595015 -0.05)
(-0.5902309389 -3.839667667 -0.05)
(-0.5897432944 -3.919833833 -0.05)
(-0.58925565 -4 -0.05)
(-0.5819105745 -0.8925255152 -0.05)
(-0.5813434538 -0.9722043481 -0.05)
(-0.5807763331 -1.051883181 -0.05)
(-0.5802092124 -1.131562014 -0.05)
(-0.5796420917 -1.211240847 -0.05)
(-0.579074971 -1.29091968 -0.05)
(-0.5785078503 -1.370598513 -0.05)
(-0.5779407296 -1.450277346 -0.05)
(-0.577373609 -1.529956179 -0.05)
(-0.5768064883 -1.609635012 -0.05)
(-0.5762393676 -1.689313845 -0.05)
(-0.5756722469 -1.768992678 -0.05)
(-0.5751051262 -1.848671511 -0.05)
(-0.5745380055 -1.928350343 -0.05)
(-0.5739708848 -2.008029176 -0.05)
(-0.5734037641 -2.087708009 -0.05)
(-0.5728366434 -2.167386842 -0.05)
(-0.5722695227 -2.247065675 -0.05)
(-0.571702402 -2.326744508 -0.05)
(-0.5711352813 -2.406423341 -0.05)
(-0.5705681607 -2.486102174 -0.05)
(-0.57000104 -2.565781007 -0.05)
(-0.5694339193 -2.64545984 -0.05)
(-0.5688667986 -2.725138673 -0.05)
(-0.6576711238 -1.239063835 0.05)
(-0.6573920089 -1.32026784 0.05)
(-0.6571128939 -1.401471845 0.05)
(-0.6568337789 -1.482675849 0.05)
(-0.656554664 -1.563879854 0.05)
(-0.656275549 -1.645083859 0.05)
(-0.655996434 -1.726287864 0.05)
(-0.6557173191 -1.807491869 0.05)
(-0.6554382041 -1.888695874 0.05)
(-0.6551590891 -1.969899879 0.05)
(-0.6548799742 -2.051103883 0.05)
(-0.6546008592 -2.132307888 0.05)
(-0.6543217442 -2.213511893 0.05)
(-0.6540426293 -2.294715898 0.05)
(-0.6537635143 -2.375919903 0.05)
(-0.6534843993 -2.457123908 0.05)
(-0.6532052844 -2.538327913 0.05)
(-0.6529261694 -2.619531917 0.05)
(-0.6526470545 -2.700735922 0.05)
(-0.6523679395 -2.781939927 0.05)
(-0.6520888245 -2.863143932 0.05)
(-0.6518097096 -2.944347937 0.05)
(-0.6515305946 -3.025551942 0.05)
(-0.6512514796 -3.106755947 0.05)
(-0.6509723647 -3.187959951 0.05)
(-0.6506932497 -3.269163956 0.05)
(-0.6504141347 -3.350367961 0.05)
(-0.6501350198 -3.431571966 0.05)
(-0.6498559048 -3.512775971 0.05)
(-0.6495767898 -3.593979976 0.05)
(-0.6492976749 -3.675183981 0.05)
(-0.6490185599 -3.756387985 0.05)
(-0.6487394449 -3.83759199 0.05)
(-0.64846033 -3.918795995 0.05)
(-0.648181215 -4 0.05)
(-0.6340014113 -0.8536851901 0.05)
(-0.6336095401 -0.9343599288 0.05)
(-0.6332176688 -1.015034668 0.05)
(-0.6328257976 -1.095709406 0.05)
(-0.6324339263 -1.176384145 0.05)
(-0.6320420551 -1.257058884 0.05)
(-0.6316501838 -1.337733622 0.05)
(-0.6312583126 -1.418408361 0.05)
(-0.6308664413 -1.4990831 0.05)
(-0.6304745701 -1.579757839 0.05)
(-0.6300826988 -1.660432577 0.05)
(-0.6296908276 -1.741107316 0.05)
(-0.6292989563 -1.821782055 0.05)
(-0.6289070851 -1.902456793 0.05)
(-0.6285152138 -1.983131532 0.05)
(-0.6281233426 -2.063806271 0.05)
(-0.6277314713 -2.14448101 0.05)
(-0.6273396001 -2.225155748 0.05)
(-0.6269477288 -2.305830487 0.05)
(-0.6265558575 -2.386505226 0.05)
(-0.6261639863 -2.467179964 0.05)
(-0.625772115 -2.547854703 0.05)
(-0.6253802438 -2.628529442 0.05)
(-0.6249883725 -2.709204181 0.05)
(-0.6245965013 -2.789878919 0.05)
(-0.62420463 -2.870553658 0.05)
(-0.6238127588 -2.951228397 0.05)
(-0.6234208875 -3.031903135 0.05)
(-0.6230290163 -3.112577874 0.05)
(-0.622637145 -3.193252613 0.05)
(-0.6222452738 -3.273927352 0.05)
(-0.6218534025 -3.35460209 0.05)
(-0.6214615313 -3.435276829 0.05)
(-0.62106966 -3.515951568 0.05)
(-0.6206777888 -3.596626306 0.05)
(-0.6202859175 -3.677301045 0.05)
(-0.6198940463 -3.757975784 0.05)
(-0.619502175 -3.838650523 0.05)
(-0.6191103038 -3.919325261 0.05)
(-0.6187184325 -4 0.05)
(-0.6082737829 -0.8735195047 0.05)
(-0.6077861385 -0.9536856712 0.05)
(-0.6072984941 -1.033851838 0.05)
(-0.6068108496 -1.114018004 0.05)
(-0.6063232052 -1.194184171 0.05)
(-0.6058355608 -1.274350337 0.05)
(-0.6053479163 -1.354516504 0.05)
(-0.6048602719 -1.43468267 0.05)
(-0.6043726275 -1.514848837 0.05)
(-0.603884983 -1.595015004 0.05)
(-0.6033973386 -1.67518117 0.05)
(-0.6029096942 -1.755347337 0.05)
(-0.6024220497 -1.835513503 0.05)
(-0.6019344053 -1.91567967 0.05)
(-0.6014467609 -1.995845836 0.05)
(-0.6009591164 -2.076012003 0.05)
(-0.600471472 -2.156178169 0.05)
(-0.5999838276 -2.236344336 0.05)
(-0.5994961831 -2.316510503 0.05)
(-0.5990085387 -2.396676669 0.05)
(-0.5985208943 -2.476842836 0.05)
(-0.5980332498 -2.557009002 0.05)
(-0.5975456054 -2.637175169 0.05)
(-0.5970579609 -2.717341335 0.05)
(-0.5965703165 -2.797507502 0.05)
(-0.5960826721 -2.877673668 0.05)
(-0.5955950276 -2.957839835 0.05)
(-0.5951073832 -3.038006001 0.05)
(-0.5946197388 -3.118172168 0.05)
(-0.5941320943 -3.198338335 0.05)
(-0.5936444499 -3.278504501 0.05)
(-0.5931568055 -3.358670668 0.05)
(-0.592669161 -3.438836834 0.05)
(-0.5921815166 -3.519003001 0.05)
(-0.5916938722 -3.599169167 0.05)
(-0.5912062277 -3.679335334 0.05)
(-0.5907185833 -3.7595015 0.05)
(-0.5902309389 -3.839667667 0.05)
(-0.5897432944 -3.919833833 0.05)
(-0.58925565 -4 0.05)
(-0.5819105745 -0.8925255152 0.05)
(-0.5813434538 -0.9722043481 0.05)
(-0.5807763331 -1.051883181 0.05)
(-0.5802092124 -1.131562014 0.05)
(-0.5796420917 -1.211240847 0.05)
(-0.579074971 -1.29091968 0.05)
(-0.5785078503 -1.370598513 0.05)
(-0.5779407296 -1.450277346 0.05)
(-0.577373609 -1.529956179 0.05)
(-0.5768064883 -1.609635012 0.05)
(-0.5762393676 -1.689313845 0.05)
(-0.5756722469 -1.768992678 0.05)
(-0.5751051262 -1.848671511 0.05)
(-0.5745380055 -1.928350343 0.05)
(-0.5739708848 -2.008029176 0.05)
(-0.5734037641 -2.087708009 0.05)
(-0.5728366434 -2.167386842 0.05)
(-0.5722695227 -2.247065675 0.05)
(-0.571702402 -2.326744508 0.05)
(-0.5711352813 -2.406423341 0.05)
(-0.5705681607 -2.486102174 0.05)
(-0.57000104 -2.565781007 0.05)
(-0.5694339193 -2.64545984 0.05)
(-0.5688667986 -2.725138673 0.05)
)


// ************************************************************************* //
