/*--------------------------------*- C++ -*----------------------------------*\
  =========                 |
  \\      /  F ield         | OpenFOAM: The Open Source CFD Toolbox
   \\    /   O peration     | Website:  https://openfoam.org
    \\  /    A nd           | Version:  7
     \\/     M anipulation  |
\*---------------------------------------------------------------------------*/
FoamFile
{
    version     2.0;
    format      ascii;
    class       vectorField;
    location    "constant/polyMesh";
    object      points;
}
// * * * * * * * * * * * * * * * * * * * * * * * * * * * * * * * * * * * * * //


1054
(
(7.675 0 -0.05)
(7.75 0 -0.05)
(7.825 0 -0.05)
(7.9 0 -0.05)
(7.674861685 0.03030399339 -0.05)
(7.749866147 0.03027685756 -0.05)
(7.824870609 0.03024972172 -0.05)
(7.89987507 0.03022258589 -0.05)
(7.674446888 0.06059893571 -0.05)
(7.749464731 0.06054495601 -0.05)
(7.824482573 0.06049097631 -0.05)
(7.899500415 0.06043699661 -0.05)
(7.673756054 0.09087578557 -0.05)
(7.748796181 0.09079554563 -0.05)
(7.823836309 0.0907153057 -0.05)
(7.898876436 0.09063506576 -0.05)
(7.672789922 0.121125521 -0.05)
(7.747861215 0.1210198955 -0.05)
(7.822932508 0.1209142699 -0.05)
(7.898003801 0.1208086444 -0.05)
(7.671549527 0.1513391489 -0.05)
(7.746660833 0.1512093026 -0.05)
(7.821772138 0.1510794563 -0.05)
(7.896883444 0.1509496099 -0.05)
(7.670036197 0.1815077151 -0.05)
(7.74519632 0.1813551016 -0.05)
(7.820356442 0.181202488 -0.05)
(7.895516565 0.1810498745 -0.05)
(7.668251552 0.2116223136 -0.05)
(7.743469244 0.2114486737 -0.05)
(7.818686936 0.2112750338 -0.05)
(7.893904628 0.2111013939 -0.05)
(7.666197504 0.2416740959 -0.05)
(7.741481456 0.241481456 -0.05)
(7.816765407 0.2412888162 -0.05)
(7.892049359 0.2410961763 -0.05)
(7.663876253 0.2716542812 -0.05)
(7.739235083 0.2714449509 -0.05)
(7.814593914 0.2712356206 -0.05)
(7.889952744 0.2710262904 -0.05)
(7.661290283 0.3015541651 -0.05)
(7.736732532 0.3013307348 -0.05)
(7.812174781 0.3011073045 -0.05)
(7.88761703 0.3008838741 -0.05)
(7.658442364 0.3313651293 -0.05)
(7.733976481 0.3311304673 -0.05)
(7.809510598 0.3308958053 -0.05)
(7.885044716 0.3306611433 -0.05)
(7.655335545 0.3610786506 -0.05)
(7.730969882 0.3608359002 -0.05)
(7.80660422 0.3605931499 -0.05)
(7.882238557 0.3603503996 -0.05)
(7.651973154 0.3906863103 -0.05)
(7.727715955 0.3904388865 -0.05)
(7.803458757 0.3901914627 -0.05)
(7.879201558 0.3899440389 -0.05)
(7.648358791 0.4201798029 -0.05)
(7.724218185 0.4199313884 -0.05)
(7.800077579 0.419682974 -0.05)
(7.875936972 0.4194345595 -0.05)
(7.644496326 0.4495509452 -0.05)
(7.720480315 0.4493054869 -0.05)
(7.796464305 0.4490600286 -0.05)
(7.872448294 0.4488145703 -0.05)
(7.640389895 0.4787916852 -0.05)
(7.71650635 0.4785533896 -0.05)
(7.792622805 0.4783150939 -0.05)
(7.86873926 0.4780767983 -0.05)
(7.636043896 0.5078941103 -0.05)
(7.712300545 0.5076674391 -0.05)
(7.788557193 0.5074407679 -0.05)
(7.864813842 0.5072140967 -0.05)
(7.631462983 0.5368504561 -0.05)
(7.707867402 0.5366401216 -0.05)
(7.784271822 0.536429787 -0.05)
(7.860676242 0.5362194525 -0.05)
(7.62665206 0.5656531147 -0.05)
(7.703211671 0.5654640744 -0.05)
(7.779771282 0.5652750342 -0.05)
(7.856330893 0.565085994 -0.05)
(7.621616279 0.5942946425 -0.05)
(7.698338335 0.5941320943 -0.05)
(7.77506039 0.5939695462 -0.05)
(7.851782446 0.5938069981 -0.05)
(7.616361033 0.6227677688 -0.05)
(7.693252613 0.622637145 -0.05)
(7.770144192 0.6225065213 -0.05)
(7.847035772 0.6223758975 -0.05)
(7.61089195 0.651065403 -0.05)
(7.687959951 0.6509723647 -0.05)
(7.765027953 0.6508793263 -0.05)
(7.842095955 0.650786288 -0.05)
(7.605214885 0.6791806425 -0.05)
(7.682466018 0.6791310733 -0.05)
(7.759717151 0.6790815041 -0.05)
(7.836968283 0.6790319349 -0.05)
(7.914219416 0.6789823657 -0.05)
(7.599335918 0.70710678 -0.05)
(7.676776695 0.70710678 -0.05)
(7.754217472 0.70710678 -0.05)
(7.831658249 0.70710678 -0.05)
(7.909099026 0.70710678 -0.05)
(7.675 0 0.05)
(7.75 0 0.05)
(7.825 0 0.05)
(7.9 0 0.05)
(7.674861685 0.03030399339 0.05)
(7.749866147 0.03027685756 0.05)
(7.824870609 0.03024972172 0.05)
(7.89987507 0.03022258589 0.05)
(7.674446888 0.06059893571 0.05)
(7.749464731 0.06054495601 0.05)
(7.824482573 0.06049097631 0.05)
(7.899500415 0.06043699661 0.05)
(7.673756054 0.09087578557 0.05)
(7.748796181 0.09079554563 0.05)
(7.823836309 0.0907153057 0.05)
(7.898876436 0.09063506576 0.05)
(7.672789922 0.121125521 0.05)
(7.747861215 0.1210198955 0.05)
(7.822932508 0.1209142699 0.05)
(7.898003801 0.1208086444 0.05)
(7.671549527 0.1513391489 0.05)
(7.746660833 0.1512093026 0.05)
(7.821772138 0.1510794563 0.05)
(7.896883444 0.1509496099 0.05)
(7.670036197 0.1815077151 0.05)
(7.74519632 0.1813551016 0.05)
(7.820356442 0.181202488 0.05)
(7.895516565 0.1810498745 0.05)
(7.668251552 0.2116223136 0.05)
(7.743469244 0.2114486737 0.05)
(7.818686936 0.2112750338 0.05)
(7.893904628 0.2111013939 0.05)
(7.666197504 0.2416740959 0.05)
(7.741481456 0.241481456 0.05)
(7.816765407 0.2412888162 0.05)
(7.892049359 0.2410961763 0.05)
(7.663876253 0.2716542812 0.05)
(7.739235083 0.2714449509 0.05)
(7.814593914 0.2712356206 0.05)
(7.889952744 0.2710262904 0.05)
(7.661290283 0.3015541651 0.05)
(7.736732532 0.3013307348 0.05)
(7.812174781 0.3011073045 0.05)
(7.88761703 0.3008838741 0.05)
(7.658442364 0.3313651293 0.05)
(7.733976481 0.3311304673 0.05)
(7.809510598 0.3308958053 0.05)
(7.885044716 0.3306611433 0.05)
(7.655335545 0.3610786506 0.05)
(7.730969882 0.3608359002 0.05)
(7.80660422 0.3605931499 0.05)
(7.882238557 0.3603503996 0.05)
(7.651973154 0.3906863103 0.05)
(7.727715955 0.3904388865 0.05)
(7.803458757 0.3901914627 0.05)
(7.879201558 0.3899440389 0.05)
(7.648358791 0.4201798029 0.05)
(7.724218185 0.4199313884 0.05)
(7.800077579 0.419682974 0.05)
(7.875936972 0.4194345595 0.05)
(7.644496326 0.4495509452 0.05)
(7.720480315 0.4493054869 0.05)
(7.796464305 0.4490600286 0.05)
(7.872448294 0.4488145703 0.05)
(7.640389895 0.4787916852 0.05)
(7.71650635 0.4785533896 0.05)
(7.792622805 0.4783150939 0.05)
(7.86873926 0.4780767983 0.05)
(7.636043896 0.5078941103 0.05)
(7.712300545 0.5076674391 0.05)
(7.788557193 0.5074407679 0.05)
(7.864813842 0.5072140967 0.05)
(7.631462983 0.5368504561 0.05)
(7.707867402 0.5366401216 0.05)
(7.784271822 0.536429787 0.05)
(7.860676242 0.5362194525 0.05)
(7.62665206 0.5656531147 0.05)
(7.703211671 0.5654640744 0.05)
(7.779771282 0.5652750342 0.05)
(7.856330893 0.565085994 0.05)
(7.621616279 0.5942946425 0.05)
(7.698338335 0.5941320943 0.05)
(7.77506039 0.5939695462 0.05)
(7.851782446 0.5938069981 0.05)
(7.616361033 0.6227677688 0.05)
(7.693252613 0.622637145 0.05)
(7.770144192 0.6225065213 0.05)
(7.847035772 0.6223758975 0.05)
(7.61089195 0.651065403 0.05)
(7.687959951 0.6509723647 0.05)
(7.765027953 0.6508793263 0.05)
(7.842095955 0.650786288 0.05)
(7.605214885 0.6791806425 0.05)
(7.682466018 0.6791310733 0.05)
(7.759717151 0.6790815041 0.05)
(7.836968283 0.6790319349 0.05)
(7.914219416 0.6789823657 0.05)
(7.599335918 0.70710678 0.05)
(7.676776695 0.70710678 0.05)
(7.754217472 0.70710678 0.05)
(7.831658249 0.70710678 0.05)
(7.909099026 0.70710678 0.05)
(7.676776695 0.7894291105 -0.05)
(7.754217472 0.7894291105 -0.05)
(7.831658249 0.7894291105 -0.05)
(7.909099026 0.7894291105 -0.05)
(7.676776695 0.871751441 -0.05)
(7.754217472 0.871751441 -0.05)
(7.831658249 0.871751441 -0.05)
(7.909099025 0.871751441 -0.05)
(7.676776695 0.9540737715 -0.05)
(7.754217472 0.9540737715 -0.05)
(7.831658249 0.9540737715 -0.05)
(7.909099026 0.9540737715 -0.05)
(7.676776695 1.036396102 -0.05)
(7.754217472 1.036396102 -0.05)
(7.831658249 1.036396102 -0.05)
(7.909099025 1.036396102 -0.05)
(7.676776695 1.118718433 -0.05)
(7.754217472 1.118718433 -0.05)
(7.831658249 1.118718433 -0.05)
(7.909099026 1.118718433 -0.05)
(7.676776695 1.201040763 -0.05)
(7.754217472 1.201040763 -0.05)
(7.831658249 1.201040763 -0.05)
(7.909099026 1.201040763 -0.05)
(7.676776695 1.283363093 -0.05)
(7.754217472 1.283363093 -0.05)
(7.831658249 1.283363093 -0.05)
(7.909099026 1.283363093 -0.05)
(7.676776695 1.365685424 -0.05)
(7.754217472 1.365685424 -0.05)
(7.831658249 1.365685424 -0.05)
(7.909099026 1.365685424 -0.05)
(7.676776695 1.448007754 -0.05)
(7.754217472 1.448007755 -0.05)
(7.831658249 1.448007755 -0.05)
(7.909099026 1.448007754 -0.05)
(7.676776695 1.530330085 -0.05)
(7.754217472 1.530330085 -0.05)
(7.831658249 1.530330085 -0.05)
(7.909099026 1.530330085 -0.05)
(7.676776695 1.612652416 -0.05)
(7.754217472 1.612652416 -0.05)
(7.831658249 1.612652416 -0.05)
(7.909099026 1.612652416 -0.05)
(7.676776695 1.694974746 -0.05)
(7.754217472 1.694974746 -0.05)
(7.831658249 1.694974746 -0.05)
(7.909099026 1.694974746 -0.05)
(7.676776695 1.777297077 -0.05)
(7.754217472 1.777297077 -0.05)
(7.831658249 1.777297077 -0.05)
(7.909099026 1.777297077 -0.05)
(7.676776695 1.859619407 -0.05)
(7.754217472 1.859619407 -0.05)
(7.831658249 1.859619407 -0.05)
(7.909099025 1.859619407 -0.05)
(7.676776695 1.941941738 -0.05)
(7.754217472 1.941941737 -0.05)
(7.831658249 1.941941737 -0.05)
(7.909099026 1.941941738 -0.05)
(7.676776695 2.024264068 -0.05)
(7.754217472 2.024264068 -0.05)
(7.831658249 2.024264068 -0.05)
(7.909099026 2.024264068 -0.05)
(7.676776695 2.106586398 -0.05)
(7.754217472 2.106586398 -0.05)
(7.831658249 2.106586398 -0.05)
(7.909099026 2.106586399 -0.05)
(7.676776695 2.188908729 -0.05)
(7.754217472 2.188908729 -0.05)
(7.831658249 2.188908729 -0.05)
(7.909099026 2.188908729 -0.05)
(7.676776695 2.271231059 -0.05)
(7.754217472 2.271231059 -0.05)
(7.831658249 2.27123106 -0.05)
(7.909099026 2.27123106 -0.05)
(7.676776695 2.35355339 -0.05)
(7.754217472 2.35355339 -0.05)
(7.831658249 2.35355339 -0.05)
(7.909099026 2.35355339 -0.05)
(7.676776695 2.43587572 -0.05)
(7.754217472 2.43587572 -0.05)
(7.831658249 2.43587572 -0.05)
(7.909099026 2.43587572 -0.05)
(7.676776695 2.518198051 -0.05)
(7.754217472 2.518198051 -0.05)
(7.831658249 2.518198051 -0.05)
(7.909099025 2.518198051 -0.05)
(7.676776695 2.600520381 -0.05)
(7.754217472 2.600520381 -0.05)
(7.831658249 2.600520381 -0.05)
(7.909099026 2.600520381 -0.05)
(7.676776695 2.682842712 -0.05)
(7.754217472 2.682842712 -0.05)
(7.831658249 2.682842712 -0.05)
(7.909099025 2.682842712 -0.05)
(7.676776695 2.765165043 -0.05)
(7.754217472 2.765165042 -0.05)
(7.831658249 2.765165043 -0.05)
(7.909099026 2.765165043 -0.05)
(7.676776695 2.847487373 -0.05)
(7.754217472 2.847487373 -0.05)
(7.831658249 2.847487373 -0.05)
(7.909099025 2.847487373 -0.05)
(7.676776695 2.929809704 -0.05)
(7.754217472 2.929809704 -0.05)
(7.831658249 2.929809703 -0.05)
(7.909099025 2.929809704 -0.05)
(7.676776695 3.012132034 -0.05)
(7.754217472 3.012132034 -0.05)
(7.831658249 3.012132034 -0.05)
(7.909099025 3.012132034 -0.05)
(7.676776695 3.094454364 -0.05)
(7.754217472 3.094454365 -0.05)
(7.831658249 3.094454365 -0.05)
(7.909099025 3.094454365 -0.05)
(7.676776695 3.176776695 -0.05)
(7.754217472 3.176776695 -0.05)
(7.831658249 3.176776695 -0.05)
(7.909099025 3.176776695 -0.05)
(7.676776695 3.259099025 -0.05)
(7.754217472 3.259099025 -0.05)
(7.831658249 3.259099025 -0.05)
(7.909099026 3.259099025 -0.05)
(7.676776695 3.341421356 -0.05)
(7.754217472 3.341421356 -0.05)
(7.831658249 3.341421356 -0.05)
(7.909099026 3.341421356 -0.05)
(7.676776695 3.423743686 -0.05)
(7.754217472 3.423743686 -0.05)
(7.831658249 3.423743686 -0.05)
(7.909099026 3.423743686 -0.05)
(7.676776695 3.506066017 -0.05)
(7.754217472 3.506066017 -0.05)
(7.831658249 3.506066017 -0.05)
(7.909099025 3.506066017 -0.05)
(7.676776695 3.588388348 -0.05)
(7.754217472 3.588388348 -0.05)
(7.831658249 3.588388348 -0.05)
(7.909099026 3.588388348 -0.05)
(7.676776695 3.670710678 -0.05)
(7.754217472 3.670710678 -0.05)
(7.831658249 3.670710678 -0.05)
(7.909099026 3.670710678 -0.05)
(7.676776695 3.753033009 -0.05)
(7.754217472 3.753033008 -0.05)
(7.831658249 3.753033008 -0.05)
(7.909099025 3.753033008 -0.05)
(7.676776695 3.835355339 -0.05)
(7.754217472 3.835355339 -0.05)
(7.831658249 3.835355339 -0.05)
(7.909099026 3.835355339 -0.05)
(7.676776695 3.917677669 -0.05)
(7.754217472 3.91767767 -0.05)
(7.831658249 3.917677669 -0.05)
(7.909099025 3.917677669 -0.05)
(7.676776695 4 -0.05)
(7.754217472 4 -0.05)
(7.831658249 4 -0.05)
(7.909099026 4 -0.05)
(7.676776695 0.7894291105 0.05)
(7.754217472 0.7894291105 0.05)
(7.831658249 0.7894291105 0.05)
(7.909099026 0.7894291105 0.05)
(7.676776695 0.871751441 0.05)
(7.754217472 0.871751441 0.05)
(7.831658249 0.871751441 0.05)
(7.909099025 0.871751441 0.05)
(7.676776695 0.9540737715 0.05)
(7.754217472 0.9540737715 0.05)
(7.831658249 0.9540737715 0.05)
(7.909099026 0.9540737715 0.05)
(7.676776695 1.036396102 0.05)
(7.754217472 1.036396102 0.05)
(7.831658249 1.036396102 0.05)
(7.909099025 1.036396102 0.05)
(7.676776695 1.118718433 0.05)
(7.754217472 1.118718433 0.05)
(7.831658249 1.118718433 0.05)
(7.909099026 1.118718433 0.05)
(7.676776695 1.201040763 0.05)
(7.754217472 1.201040763 0.05)
(7.831658249 1.201040763 0.05)
(7.909099026 1.201040763 0.05)
(7.676776695 1.283363093 0.05)
(7.754217472 1.283363093 0.05)
(7.831658249 1.283363093 0.05)
(7.909099026 1.283363093 0.05)
(7.676776695 1.365685424 0.05)
(7.754217472 1.365685424 0.05)
(7.831658249 1.365685424 0.05)
(7.909099026 1.365685424 0.05)
(7.676776695 1.448007754 0.05)
(7.754217472 1.448007755 0.05)
(7.831658249 1.448007755 0.05)
(7.909099026 1.448007754 0.05)
(7.676776695 1.530330085 0.05)
(7.754217472 1.530330085 0.05)
(7.831658249 1.530330085 0.05)
(7.909099026 1.530330085 0.05)
(7.676776695 1.612652416 0.05)
(7.754217472 1.612652416 0.05)
(7.831658249 1.612652416 0.05)
(7.909099026 1.612652416 0.05)
(7.676776695 1.694974746 0.05)
(7.754217472 1.694974746 0.05)
(7.831658249 1.694974746 0.05)
(7.909099026 1.694974746 0.05)
(7.676776695 1.777297077 0.05)
(7.754217472 1.777297077 0.05)
(7.831658249 1.777297077 0.05)
(7.909099026 1.777297077 0.05)
(7.676776695 1.859619407 0.05)
(7.754217472 1.859619407 0.05)
(7.831658249 1.859619407 0.05)
(7.909099025 1.859619407 0.05)
(7.676776695 1.941941738 0.05)
(7.754217472 1.941941737 0.05)
(7.831658249 1.941941737 0.05)
(7.909099026 1.941941738 0.05)
(7.676776695 2.024264068 0.05)
(7.754217472 2.024264068 0.05)
(7.831658249 2.024264068 0.05)
(7.909099026 2.024264068 0.05)
(7.676776695 2.106586398 0.05)
(7.754217472 2.106586398 0.05)
(7.831658249 2.106586398 0.05)
(7.909099026 2.106586398 0.05)
(7.676776695 2.188908729 0.05)
(7.754217472 2.188908729 0.05)
(7.831658249 2.188908729 0.05)
(7.909099026 2.188908729 0.05)
(7.676776695 2.271231059 0.05)
(7.754217472 2.271231059 0.05)
(7.831658249 2.27123106 0.05)
(7.909099026 2.27123106 0.05)
(7.676776695 2.35355339 0.05)
(7.754217472 2.35355339 0.05)
(7.831658249 2.35355339 0.05)
(7.909099026 2.35355339 0.05)
(7.676776695 2.43587572 0.05)
(7.754217472 2.43587572 0.05)
(7.831658249 2.43587572 0.05)
(7.909099026 2.43587572 0.05)
(7.676776695 2.518198051 0.05)
(7.754217472 2.518198051 0.05)
(7.831658249 2.518198051 0.05)
(7.909099025 2.518198051 0.05)
(7.676776695 2.600520381 0.05)
(7.754217472 2.600520381 0.05)
(7.831658249 2.600520381 0.05)
(7.909099026 2.600520381 0.05)
(7.676776695 2.682842712 0.05)
(7.754217472 2.682842712 0.05)
(7.831658249 2.682842712 0.05)
(7.909099025 2.682842712 0.05)
(7.676776695 2.765165043 0.05)
(7.754217472 2.765165042 0.05)
(7.831658249 2.765165043 0.05)
(7.909099026 2.765165043 0.05)
(7.676776695 2.847487373 0.05)
(7.754217472 2.847487373 0.05)
(7.831658249 2.847487373 0.05)
(7.909099025 2.847487373 0.05)
(7.676776695 2.929809704 0.05)
(7.754217472 2.929809704 0.05)
(7.831658249 2.929809703 0.05)
(7.909099025 2.929809704 0.05)
(7.676776695 3.012132034 0.05)
(7.754217472 3.012132034 0.05)
(7.831658249 3.012132034 0.05)
(7.909099025 3.012132034 0.05)
(7.676776695 3.094454364 0.05)
(7.754217472 3.094454365 0.05)
(7.831658249 3.094454365 0.05)
(7.909099025 3.094454365 0.05)
(7.676776695 3.176776695 0.05)
(7.754217472 3.176776695 0.05)
(7.831658249 3.176776695 0.05)
(7.909099025 3.176776695 0.05)
(7.676776695 3.259099025 0.05)
(7.754217472 3.259099025 0.05)
(7.831658249 3.259099025 0.05)
(7.909099026 3.259099026 0.05)
(7.676776695 3.341421356 0.05)
(7.754217472 3.341421356 0.05)
(7.831658249 3.341421356 0.05)
(7.909099026 3.341421356 0.05)
(7.676776695 3.423743686 0.05)
(7.754217472 3.423743686 0.05)
(7.831658249 3.423743686 0.05)
(7.909099026 3.423743686 0.05)
(7.676776695 3.506066017 0.05)
(7.754217472 3.506066017 0.05)
(7.831658249 3.506066017 0.05)
(7.909099025 3.506066017 0.05)
(7.676776695 3.588388348 0.05)
(7.754217472 3.588388348 0.05)
(7.831658249 3.588388348 0.05)
(7.909099026 3.588388348 0.05)
(7.676776695 3.670710678 0.05)
(7.754217472 3.670710678 0.05)
(7.831658249 3.670710678 0.05)
(7.909099026 3.670710678 0.05)
(7.676776695 3.753033009 0.05)
(7.754217472 3.753033008 0.05)
(7.831658249 3.753033008 0.05)
(7.909099025 3.753033008 0.05)
(7.676776695 3.835355339 0.05)
(7.754217472 3.835355339 0.05)
(7.831658249 3.835355339 0.05)
(7.909099026 3.835355339 0.05)
(7.676776695 3.917677669 0.05)
(7.754217472 3.91767767 0.05)
(7.831658249 3.917677669 0.05)
(7.909099025 3.917677669 0.05)
(7.676776695 4 0.05)
(7.754217472 4 0.05)
(7.831658249 4 0.05)
(7.909099026 4 0.05)
(7.599335918 -0.70710678 -0.05)
(7.599335918 -1.365685424 -0.05)
(7.599335918 -1.448007755 -0.05)
(7.599335918 -1.530330085 -0.05)
(7.599335918 -1.612652416 -0.05)
(7.599335918 -1.694974746 -0.05)
(7.599335918 -1.777297077 -0.05)
(7.599335918 -1.859619407 -0.05)
(7.599335918 -1.941941737 -0.05)
(7.599335918 -2.024264068 -0.05)
(7.599335918 -2.106586398 -0.05)
(7.599335918 -2.188908729 -0.05)
(7.599335918 -2.271231059 -0.05)
(7.599335918 -2.35355339 -0.05)
(7.599335918 -2.43587572 -0.05)
(7.599335918 -2.518198051 -0.05)
(7.599335918 -2.600520381 -0.05)
(7.599335918 -2.682842712 -0.05)
(7.599335918 -2.765165043 -0.05)
(7.599335918 -2.847487373 -0.05)
(7.599335918 -2.929809704 -0.05)
(7.599335918 -3.012132034 -0.05)
(7.599335918 -3.094454364 -0.05)
(7.599335918 -3.176776695 -0.05)
(7.599335918 -3.259099025 -0.05)
(7.599335918 -3.341421356 -0.05)
(7.599335918 -3.423743686 -0.05)
(7.599335918 -3.506066017 -0.05)
(7.599335918 -3.588388348 -0.05)
(7.599335918 -3.670710678 -0.05)
(7.599335918 -3.753033009 -0.05)
(7.599335918 -3.835355339 -0.05)
(7.599335918 -3.91767767 -0.05)
(7.599335918 -4 -0.05)
(7.676776695 -0.70710678 -0.05)
(7.676776695 -0.7894291105 -0.05)
(7.676776695 -0.871751441 -0.05)
(7.676776695 -0.9540737715 -0.05)
(7.676776695 -1.036396102 -0.05)
(7.676776695 -1.118718433 -0.05)
(7.676776695 -1.201040763 -0.05)
(7.676776695 -1.283363093 -0.05)
(7.676776695 -1.365685424 -0.05)
(7.676776695 -1.448007755 -0.05)
(7.676776695 -1.530330085 -0.05)
(7.676776695 -1.612652416 -0.05)
(7.676776695 -1.694974746 -0.05)
(7.676776695 -1.777297077 -0.05)
(7.676776695 -1.859619407 -0.05)
(7.676776695 -1.941941737 -0.05)
(7.676776695 -2.024264068 -0.05)
(7.676776695 -2.106586398 -0.05)
(7.676776695 -2.188908729 -0.05)
(7.676776695 -2.271231059 -0.05)
(7.676776695 -2.35355339 -0.05)
(7.676776695 -2.43587572 -0.05)
(7.676776695 -2.518198051 -0.05)
(7.676776695 -2.600520381 -0.05)
(7.676776695 -2.682842712 -0.05)
(7.676776695 -2.765165042 -0.05)
(7.676776695 -2.847487373 -0.05)
(7.676776695 -2.929809704 -0.05)
(7.676776695 -3.012132034 -0.05)
(7.676776695 -3.094454364 -0.05)
(7.676776695 -3.176776695 -0.05)
(7.676776695 -3.259099026 -0.05)
(7.676776695 -3.341421356 -0.05)
(7.676776695 -3.423743686 -0.05)
(7.676776695 -3.506066017 -0.05)
(7.676776695 -3.588388348 -0.05)
(7.676776695 -3.670710678 -0.05)
(7.676776695 -3.753033009 -0.05)
(7.676776695 -3.835355339 -0.05)
(7.676776695 -3.917677669 -0.05)
(7.676776695 -4 -0.05)
(7.754217472 -0.70710678 -0.05)
(7.754217472 -0.7894291105 -0.05)
(7.754217472 -0.871751441 -0.05)
(7.754217472 -0.9540737715 -0.05)
(7.754217472 -1.036396102 -0.05)
(7.754217472 -1.118718433 -0.05)
(7.754217472 -1.201040763 -0.05)
(7.754217472 -1.283363093 -0.05)
(7.754217472 -1.365685424 -0.05)
(7.754217472 -1.448007755 -0.05)
(7.754217472 -1.530330085 -0.05)
(7.754217472 -1.612652416 -0.05)
(7.754217472 -1.694974746 -0.05)
(7.754217472 -1.777297076 -0.05)
(7.754217472 -1.859619407 -0.05)
(7.754217472 -1.941941737 -0.05)
(7.754217472 -2.024264068 -0.05)
(7.754217472 -2.106586398 -0.05)
(7.754217472 -2.188908729 -0.05)
(7.754217472 -2.271231059 -0.05)
(7.754217472 -2.35355339 -0.05)
(7.754217472 -2.43587572 -0.05)
(7.754217472 -2.518198051 -0.05)
(7.754217472 -2.600520381 -0.05)
(7.754217472 -2.682842712 -0.05)
(7.754217472 -2.765165043 -0.05)
(7.754217472 -2.847487373 -0.05)
(7.754217472 -2.929809703 -0.05)
(7.754217472 -3.012132034 -0.05)
(7.754217472 -3.094454365 -0.05)
(7.754217472 -3.176776695 -0.05)
(7.754217472 -3.259099025 -0.05)
(7.754217472 -3.341421356 -0.05)
(7.754217472 -3.423743687 -0.05)
(7.754217472 -3.506066017 -0.05)
(7.754217472 -3.588388348 -0.05)
(7.754217472 -3.670710678 -0.05)
(7.754217472 -3.753033009 -0.05)
(7.754217472 -3.835355339 -0.05)
(7.754217472 -3.917677669 -0.05)
(7.754217472 -4 -0.05)
(7.831658249 -0.70710678 -0.05)
(7.831658249 -0.7894291105 -0.05)
(7.831658249 -0.871751441 -0.05)
(7.831658249 -0.9540737715 -0.05)
(7.831658249 -1.036396102 -0.05)
(7.831658249 -1.118718433 -0.05)
(7.831658249 -1.201040763 -0.05)
(7.831658249 -1.283363093 -0.05)
(7.831658249 -1.365685424 -0.05)
(7.831658249 -1.448007755 -0.05)
(7.831658249 -1.530330085 -0.05)
(7.831658249 -1.612652416 -0.05)
(7.831658249 -1.694974746 -0.05)
(7.831658249 -1.777297077 -0.05)
(7.831658249 -1.859619407 -0.05)
(7.831658249 -1.941941738 -0.05)
(7.831658249 -2.024264068 -0.05)
(7.831658249 -2.106586398 -0.05)
(7.831658249 -2.188908729 -0.05)
(7.831658249 -2.27123106 -0.05)
(7.831658249 -2.35355339 -0.05)
(7.831658249 -2.43587572 -0.05)
(7.831658249 -2.518198051 -0.05)
(7.831658249 -2.600520381 -0.05)
(7.831658249 -2.682842712 -0.05)
(7.831658249 -2.765165042 -0.05)
(7.831658249 -2.847487373 -0.05)
(7.831658249 -2.929809704 -0.05)
(7.831658249 -3.012132034 -0.05)
(7.831658249 -3.094454365 -0.05)
(7.831658249 -3.176776695 -0.05)
(7.831658249 -3.259099025 -0.05)
(7.831658249 -3.341421356 -0.05)
(7.831658249 -3.423743686 -0.05)
(7.831658249 -3.506066017 -0.05)
(7.831658249 -3.588388348 -0.05)
(7.831658249 -3.670710678 -0.05)
(7.831658249 -3.753033008 -0.05)
(7.831658249 -3.835355339 -0.05)
(7.831658249 -3.917677669 -0.05)
(7.831658249 -4 -0.05)
(7.909099026 -0.70710678 -0.05)
(7.909099025 -0.7894291105 -0.05)
(7.909099025 -0.871751441 -0.05)
(7.909099026 -0.9540737715 -0.05)
(7.909099026 -1.036396102 -0.05)
(7.909099026 -1.118718433 -0.05)
(7.909099026 -1.201040763 -0.05)
(7.909099026 -1.283363093 -0.05)
(7.909099026 -1.365685424 -0.05)
(7.909099026 -1.448007755 -0.05)
(7.909099026 -1.530330085 -0.05)
(7.909099025 -1.612652416 -0.05)
(7.909099026 -1.694974746 -0.05)
(7.909099026 -1.777297077 -0.05)
(7.909099026 -1.859619407 -0.05)
(7.909099026 -1.941941737 -0.05)
(7.599335918 -0.70710678 0.05)
(7.599335918 -1.365685424 0.05)
(7.599335918 -1.448007755 0.05)
(7.599335918 -1.530330085 0.05)
(7.599335918 -1.612652415 0.05)
(7.599335918 -1.694974746 0.05)
(7.599335918 -1.777297077 0.05)
(7.599335918 -1.859619407 0.05)
(7.599335918 -1.941941737 0.05)
(7.599335918 -2.024264068 0.05)
(7.599335918 -2.106586398 0.05)
(7.599335918 -2.188908729 0.05)
(7.599335918 -2.27123106 0.05)
(7.599335918 -2.35355339 0.05)
(7.599335918 -2.43587572 0.05)
(7.599335918 -2.518198051 0.05)
(7.599335918 -2.600520381 0.05)
(7.599335918 -2.682842712 0.05)
(7.599335918 -2.765165042 0.05)
(7.599335918 -2.847487373 0.05)
(7.599335918 -2.929809704 0.05)
(7.599335918 -3.012132034 0.05)
(7.599335918 -3.094454364 0.05)
(7.599335918 -3.176776695 0.05)
(7.599335918 -3.259099025 0.05)
(7.599335918 -3.341421356 0.05)
(7.599335918 -3.423743686 0.05)
(7.599335918 -3.506066017 0.05)
(7.599335918 -3.588388348 0.05)
(7.599335918 -3.670710678 0.05)
(7.599335918 -3.753033009 0.05)
(7.599335918 -3.835355339 0.05)
(7.599335918 -3.91767767 0.05)
(7.599335918 -4 0.05)
(7.676776695 -0.70710678 0.05)
(7.676776695 -0.7894291105 0.05)
(7.676776695 -0.871751441 0.05)
(7.676776695 -0.9540737715 0.05)
(7.676776695 -1.036396102 0.05)
(7.676776695 -1.118718433 0.05)
(7.676776695 -1.201040763 0.05)
(7.676776695 -1.283363093 0.05)
(7.676776695 -1.365685424 0.05)
(7.676776695 -1.448007755 0.05)
(7.676776695 -1.530330085 0.05)
(7.676776695 -1.612652415 0.05)
(7.676776695 -1.694974746 0.05)
(7.676776695 -1.777297077 0.05)
(7.676776695 -1.859619407 0.05)
(7.676776695 -1.941941737 0.05)
(7.676776695 -2.024264068 0.05)
(7.676776695 -2.106586398 0.05)
(7.676776695 -2.188908729 0.05)
(7.676776695 -2.27123106 0.05)
(7.676776695 -2.35355339 0.05)
(7.676776695 -2.43587572 0.05)
(7.676776695 -2.518198051 0.05)
(7.676776695 -2.600520381 0.05)
(7.676776695 -2.682842712 0.05)
(7.676776695 -2.765165042 0.05)
(7.676776695 -2.847487373 0.05)
(7.676776695 -2.929809704 0.05)
(7.676776695 -3.012132034 0.05)
(7.676776695 -3.094454364 0.05)
(7.676776695 -3.176776695 0.05)
(7.676776695 -3.259099025 0.05)
(7.676776695 -3.341421356 0.05)
(7.676776695 -3.423743686 0.05)
(7.676776695 -3.506066017 0.05)
(7.676776695 -3.588388348 0.05)
(7.676776695 -3.670710678 0.05)
(7.676776695 -3.753033009 0.05)
(7.676776695 -3.835355339 0.05)
(7.676776695 -3.917677669 0.05)
(7.676776695 -4 0.05)
(7.754217472 -0.70710678 0.05)
(7.754217472 -0.7894291105 0.05)
(7.754217472 -0.871751441 0.05)
(7.754217472 -0.9540737715 0.05)
(7.754217472 -1.036396102 0.05)
(7.754217472 -1.118718433 0.05)
(7.754217472 -1.201040763 0.05)
(7.754217472 -1.283363093 0.05)
(7.754217472 -1.365685424 0.05)
(7.754217472 -1.448007755 0.05)
(7.754217472 -1.530330085 0.05)
(7.754217472 -1.612652416 0.05)
(7.754217472 -1.694974746 0.05)
(7.754217472 -1.777297076 0.05)
(7.754217472 -1.859619407 0.05)
(7.754217472 -1.941941737 0.05)
(7.754217472 -2.024264068 0.05)
(7.754217472 -2.106586398 0.05)
(7.754217472 -2.188908729 0.05)
(7.754217472 -2.27123106 0.05)
(7.754217472 -2.35355339 0.05)
(7.754217472 -2.43587572 0.05)
(7.754217472 -2.518198051 0.05)
(7.754217472 -2.600520381 0.05)
(7.754217472 -2.682842712 0.05)
(7.754217472 -2.765165042 0.05)
(7.754217472 -2.847487373 0.05)
(7.754217472 -2.929809703 0.05)
(7.754217472 -3.012132034 0.05)
(7.754217472 -3.094454365 0.05)
(7.754217472 -3.176776695 0.05)
(7.754217472 -3.259099025 0.05)
(7.754217472 -3.341421356 0.05)
(7.754217472 -3.423743687 0.05)
(7.754217472 -3.506066017 0.05)
(7.754217472 -3.588388348 0.05)
(7.754217472 -3.670710678 0.05)
(7.754217472 -3.753033009 0.05)
(7.754217472 -3.835355339 0.05)
(7.754217472 -3.91767767 0.05)
(7.754217472 -4 0.05)
(7.831658249 -0.70710678 0.05)
(7.831658249 -0.7894291105 0.05)
(7.831658249 -0.871751441 0.05)
(7.831658249 -0.9540737715 0.05)
(7.831658249 -1.036396102 0.05)
(7.831658249 -1.118718433 0.05)
(7.831658249 -1.201040763 0.05)
(7.831658249 -1.283363093 0.05)
(7.831658249 -1.365685424 0.05)
(7.831658249 -1.448007755 0.05)
(7.831658249 -1.530330085 0.05)
(7.831658249 -1.612652416 0.05)
(7.831658249 -1.694974746 0.05)
(7.831658249 -1.777297077 0.05)
(7.831658249 -1.859619407 0.05)
(7.831658249 -1.941941738 0.05)
(7.831658249 -2.024264068 0.05)
(7.831658249 -2.106586398 0.05)
(7.831658249 -2.188908729 0.05)
(7.831658249 -2.27123106 0.05)
(7.831658249 -2.35355339 0.05)
(7.831658249 -2.43587572 0.05)
(7.831658249 -2.518198051 0.05)
(7.831658249 -2.600520381 0.05)
(7.831658249 -2.682842712 0.05)
(7.831658249 -2.765165042 0.05)
(7.831658249 -2.847487373 0.05)
(7.831658249 -2.929809704 0.05)
(7.831658249 -3.012132034 0.05)
(7.831658249 -3.094454365 0.05)
(7.831658249 -3.176776695 0.05)
(7.831658249 -3.259099025 0.05)
(7.831658249 -3.341421356 0.05)
(7.831658249 -3.423743686 0.05)
(7.831658249 -3.506066017 0.05)
(7.831658249 -3.588388348 0.05)
(7.831658249 -3.670710678 0.05)
(7.831658249 -3.753033008 0.05)
(7.831658249 -3.835355339 0.05)
(7.831658249 -3.917677669 0.05)
(7.831658249 -4 0.05)
(7.909099026 -0.70710678 0.05)
(7.909099025 -0.7894291105 0.05)
(7.909099025 -0.871751441 0.05)
(7.909099026 -0.9540737715 0.05)
(7.909099026 -1.036396102 0.05)
(7.909099026 -1.118718433 0.05)
(7.909099026 -1.201040763 0.05)
(7.909099026 -1.283363093 0.05)
(7.909099026 -1.365685424 0.05)
(7.909099026 -1.448007755 0.05)
(7.909099026 -1.530330085 0.05)
(7.909099025 -1.612652416 0.05)
(7.909099026 -1.694974746 0.05)
(7.909099026 -1.777297077 0.05)
(7.909099026 -1.859619407 0.05)
(7.909099026 -1.941941737 0.05)
(7.605214885 -0.6791806425 -0.05)
(7.682466018 -0.6791310733 -0.05)
(7.759717151 -0.6790815041 -0.05)
(7.836968283 -0.6790319349 -0.05)
(7.61089195 -0.651065403 -0.05)
(7.687959951 -0.6509723647 -0.05)
(7.765027953 -0.6508793263 -0.05)
(7.842095955 -0.650786288 -0.05)
(7.616361033 -0.6227677688 -0.05)
(7.693252613 -0.622637145 -0.05)
(7.770144192 -0.6225065213 -0.05)
(7.847035772 -0.6223758975 -0.05)
(7.621616279 -0.5942946425 -0.05)
(7.698338335 -0.5941320943 -0.05)
(7.77506039 -0.5939695462 -0.05)
(7.851782446 -0.5938069981 -0.05)
(7.62665206 -0.5656531147 -0.05)
(7.703211671 -0.5654640744 -0.05)
(7.779771282 -0.5652750342 -0.05)
(7.856330893 -0.565085994 -0.05)
(7.631462983 -0.5368504561 -0.05)
(7.707867402 -0.5366401216 -0.05)
(7.784271822 -0.536429787 -0.05)
(7.860676242 -0.5362194525 -0.05)
(7.636043896 -0.5078941103 -0.05)
(7.712300545 -0.5076674391 -0.05)
(7.788557193 -0.5074407679 -0.05)
(7.864813842 -0.5072140967 -0.05)
(7.640389895 -0.4787916852 -0.05)
(7.71650635 -0.4785533896 -0.05)
(7.792622805 -0.4783150939 -0.05)
(7.86873926 -0.4780767983 -0.05)
(7.644496326 -0.4495509452 -0.05)
(7.720480315 -0.4493054869 -0.05)
(7.796464305 -0.4490600286 -0.05)
(7.872448294 -0.4488145703 -0.05)
(7.648358791 -0.4201798029 -0.05)
(7.724218185 -0.4199313884 -0.05)
(7.800077579 -0.419682974 -0.05)
(7.875936972 -0.4194345595 -0.05)
(7.651973154 -0.3906863103 -0.05)
(7.727715955 -0.3904388865 -0.05)
(7.803458757 -0.3901914627 -0.05)
(7.879201558 -0.3899440389 -0.05)
(7.655335545 -0.3610786506 -0.05)
(7.730969882 -0.3608359002 -0.05)
(7.80660422 -0.3605931499 -0.05)
(7.882238557 -0.3603503996 -0.05)
(7.658442364 -0.3313651293 -0.05)
(7.733976481 -0.3311304673 -0.05)
(7.809510598 -0.3308958053 -0.05)
(7.885044716 -0.3306611433 -0.05)
(7.661290283 -0.3015541651 -0.05)
(7.736732532 -0.3013307348 -0.05)
(7.812174781 -0.3011073045 -0.05)
(7.88761703 -0.3008838741 -0.05)
(7.663876253 -0.2716542812 -0.05)
(7.739235083 -0.2714449509 -0.05)
(7.814593914 -0.2712356206 -0.05)
(7.889952744 -0.2710262904 -0.05)
(7.666197504 -0.2416740959 -0.05)
(7.741481456 -0.241481456 -0.05)
(7.816765407 -0.2412888162 -0.05)
(7.892049359 -0.2410961763 -0.05)
(7.668251552 -0.2116223136 -0.05)
(7.743469244 -0.2114486737 -0.05)
(7.818686936 -0.2112750338 -0.05)
(7.893904628 -0.2111013939 -0.05)
(7.670036197 -0.1815077151 -0.05)
(7.74519632 -0.1813551016 -0.05)
(7.820356442 -0.181202488 -0.05)
(7.895516565 -0.1810498745 -0.05)
(7.671549527 -0.1513391489 -0.05)
(7.746660833 -0.1512093026 -0.05)
(7.821772138 -0.1510794563 -0.05)
(7.896883444 -0.1509496099 -0.05)
(7.672789922 -0.121125521 -0.05)
(7.747861215 -0.1210198955 -0.05)
(7.822932508 -0.1209142699 -0.05)
(7.898003801 -0.1208086444 -0.05)
(7.673756054 -0.09087578557 -0.05)
(7.748796181 -0.09079554563 -0.05)
(7.823836309 -0.0907153057 -0.05)
(7.898876436 -0.09063506576 -0.05)
(7.674446888 -0.06059893571 -0.05)
(7.749464731 -0.06054495601 -0.05)
(7.824482573 -0.06049097631 -0.05)
(7.899500415 -0.06043699661 -0.05)
(7.674861685 -0.03030399339 -0.05)
(7.749866147 -0.03027685756 -0.05)
(7.824870609 -0.03024972172 -0.05)
(7.89987507 -0.03022258589 -0.05)
(7.605214885 -0.6791806425 0.05)
(7.682466018 -0.6791310733 0.05)
(7.759717151 -0.6790815041 0.05)
(7.836968283 -0.6790319349 0.05)
(7.61089195 -0.651065403 0.05)
(7.687959951 -0.6509723647 0.05)
(7.765027953 -0.6508793263 0.05)
(7.842095955 -0.650786288 0.05)
(7.616361033 -0.6227677688 0.05)
(7.693252613 -0.622637145 0.05)
(7.770144192 -0.6225065213 0.05)
(7.847035772 -0.6223758975 0.05)
(7.621616279 -0.5942946425 0.05)
(7.698338335 -0.5941320943 0.05)
(7.77506039 -0.5939695462 0.05)
(7.851782446 -0.5938069981 0.05)
(7.62665206 -0.5656531147 0.05)
(7.703211671 -0.5654640744 0.05)
(7.779771282 -0.5652750342 0.05)
(7.856330893 -0.565085994 0.05)
(7.631462983 -0.5368504561 0.05)
(7.707867402 -0.5366401216 0.05)
(7.784271822 -0.536429787 0.05)
(7.860676242 -0.5362194525 0.05)
(7.636043896 -0.5078941103 0.05)
(7.712300545 -0.5076674391 0.05)
(7.788557193 -0.5074407679 0.05)
(7.864813842 -0.5072140967 0.05)
(7.640389895 -0.4787916852 0.05)
(7.71650635 -0.4785533896 0.05)
(7.792622805 -0.4783150939 0.05)
(7.86873926 -0.4780767983 0.05)
(7.644496326 -0.4495509452 0.05)
(7.720480315 -0.4493054869 0.05)
(7.796464305 -0.4490600286 0.05)
(7.872448294 -0.4488145703 0.05)
(7.648358791 -0.4201798029 0.05)
(7.724218185 -0.4199313884 0.05)
(7.800077579 -0.419682974 0.05)
(7.875936972 -0.4194345595 0.05)
(7.651973154 -0.3906863103 0.05)
(7.727715955 -0.3904388865 0.05)
(7.803458757 -0.3901914627 0.05)
(7.879201558 -0.3899440389 0.05)
(7.655335545 -0.3610786506 0.05)
(7.730969882 -0.3608359002 0.05)
(7.80660422 -0.3605931499 0.05)
(7.882238557 -0.3603503996 0.05)
(7.658442364 -0.3313651293 0.05)
(7.733976481 -0.3311304673 0.05)
(7.809510598 -0.3308958053 0.05)
(7.885044716 -0.3306611433 0.05)
(7.661290283 -0.3015541651 0.05)
(7.736732532 -0.3013307348 0.05)
(7.812174781 -0.3011073045 0.05)
(7.88761703 -0.3008838741 0.05)
(7.663876253 -0.2716542812 0.05)
(7.739235083 -0.2714449509 0.05)
(7.814593914 -0.2712356206 0.05)
(7.889952744 -0.2710262904 0.05)
(7.666197504 -0.2416740959 0.05)
(7.741481456 -0.241481456 0.05)
(7.816765407 -0.2412888162 0.05)
(7.892049359 -0.2410961763 0.05)
(7.668251552 -0.2116223136 0.05)
(7.743469244 -0.2114486737 0.05)
(7.818686936 -0.2112750338 0.05)
(7.893904628 -0.2111013939 0.05)
(7.670036197 -0.1815077151 0.05)
(7.74519632 -0.1813551016 0.05)
(7.820356442 -0.181202488 0.05)
(7.895516565 -0.1810498745 0.05)
(7.671549527 -0.1513391489 0.05)
(7.746660833 -0.1512093026 0.05)
(7.821772138 -0.1510794563 0.05)
(7.896883444 -0.1509496099 0.05)
(7.672789922 -0.121125521 0.05)
(7.747861215 -0.1210198955 0.05)
(7.822932508 -0.1209142699 0.05)
(7.898003801 -0.1208086444 0.05)
(7.673756054 -0.09087578557 0.05)
(7.748796181 -0.09079554563 0.05)
(7.823836309 -0.0907153057 0.05)
(7.898876436 -0.09063506576 0.05)
(7.674446888 -0.06059893571 0.05)
(7.749464731 -0.06054495601 0.05)
(7.824482573 -0.06049097631 0.05)
(7.899500415 -0.06043699661 0.05)
(7.674861685 -0.03030399339 0.05)
(7.749866147 -0.03027685756 0.05)
(7.824870609 -0.03024972172 0.05)
(7.89987507 -0.03022258589 0.05)
)


// ************************************************************************* //
