/*--------------------------------*- C++ -*----------------------------------*\
  =========                 |
  \\      /  F ield         | OpenFOAM: The Open Source CFD Toolbox
   \\    /   O peration     | Website:  https://openfoam.org
    \\  /    A nd           | Version:  7
     \\/     M anipulation  |
\*---------------------------------------------------------------------------*/
FoamFile
{
    version     2.0;
    format      ascii;
    class       volVectorField;
    location    "40";
    object      U;
}
// * * * * * * * * * * * * * * * * * * * * * * * * * * * * * * * * * * * * * //

dimensions      [0 1 -1 0 0 0 0];

internalField   nonuniform List<vector> 
392
(
(0.545271 -0.000847532 2.49754e-23)
(0.549378 -0.000831855 -3.47393e-23)
(0.553413 -0.000816561 3.81744e-23)
(0.545991 -0.00254014 -1.17313e-22)
(0.550086 -0.00249316 6.43443e-23)
(0.55411 -0.00244733 -1.363e-22)
(0.547426 -0.00422554 1.84304e-22)
(0.551499 -0.00414743 -7.35122e-23)
(0.5555 -0.00407123 -1.40355e-22)
(0.549571 -0.00589898 2.27792e-22)
(0.55361 -0.00579003 4.65139e-23)
(0.557577 -0.00568373 1.53213e-22)
(0.552416 -0.00755578 -4.8204e-23)
(0.556409 -0.00741638 -3.1164e-23)
(0.560333 -0.00728038 -8.3684e-23)
(0.555948 -0.00919136 -2.71209e-22)
(0.559885 -0.00902202 -3.94732e-22)
(0.563754 -0.00885681 8.31758e-23)
(0.560151 -0.0108013 6.69006e-22)
(0.564022 -0.0106026 -6.88977e-22)
(0.567826 -0.0104088 1.68224e-22)
(0.565006 -0.0123812 2.72693e-22)
(0.568801 -0.012154 4.41956e-23)
(0.57253 -0.0119322 -4.79546e-22)
(0.570492 -0.0139272 5.30353e-23)
(0.574201 -0.0136721 -1.68224e-22)
(0.577846 -0.0134232 1.07169e-22)
(0.576583 -0.0154351 1.1833e-22)
(0.580198 -0.0151531 1.68193e-22)
(0.583751 -0.0148779 -2.04274e-22)
(0.583255 -0.0169015 -4.83287e-23)
(0.586767 -0.0165936 -3.37363e-22)
(0.59022 -0.016293 -1.16403e-22)
(0.590478 -0.0183229 -1.99548e-21)
(0.59388 -0.01799 1.64341e-21)
(0.597225 -0.0176652 -8.18154e-22)
(0.600515 -0.0173482 6.79415e-22)
(0.601506 -0.0193394 -3.23215e-22)
(0.604737 -0.0189913 1.8761e-21)
(0.607915 -0.0186517 -1.83839e-21)
(0.609614 -0.020639 -4.61695e-22)
(0.612725 -0.0202688 -3.07884e-22)
(0.615785 -0.0199075 8.1974e-22)
(0.61817 -0.0218861 2.33086e-22)
(0.621156 -0.021495 -2.35865e-22)
(0.624093 -0.0211133 -2.26457e-22)
(0.627141 -0.0230787 9.46663e-22)
(0.629997 -0.0226678 -1.47796e-21)
(0.632807 -0.0222668 2.59641e-22)
(0.636491 -0.0242147 -4.01844e-22)
(0.639213 -0.0237853 2.59138e-22)
(0.641893 -0.0233663 6.70808e-22)
(0.646183 -0.0252926 -3.56203e-23)
(0.648769 -0.024846 9.02456e-22)
(0.651315 -0.0244101 2.85943e-22)
(0.656182 -0.026311 -4.82149e-22)
(0.658629 -0.0258485 4.32621e-22)
(0.66104 -0.025397 -1.75987e-23)
(0.666449 -0.0272689 -3.90861e-22)
(0.668756 -0.0267917 5.22771e-22)
(0.671031 -0.0263259 1.89608e-22)
(0.676949 -0.0281653 1.07772e-21)
(0.679116 -0.0276747 1.38451e-22)
(0.681252 -0.0271958 5.55741e-23)
(0.687644 -0.0290004 -1.55864e-22)
(0.689671 -0.0284978 -6.46248e-22)
(0.69167 -0.028007 -3.22494e-22)
(0.698499 -0.0297781 1.82185e-21)
(0.700386 -0.0292643 -8.64724e-22)
(0.702249 -0.0287627 5.11752e-23)
(0.709477 -0.0304975 1.21093e-21)
(0.711226 -0.0299736 -7.24754e-22)
(0.712954 -0.0294621 -8.31011e-22)
(0.732385 -0.031188 0)
(0.733864 -0.030662 0)
(0.735327 -0.0301485 -3.52208e-12)
(0.765358 -0.0325406 0)
(0.766454 -0.0320017 0)
(0.76754 -0.0314754 -1.62649e-28)
(0.799081 -0.0335044 0)
(0.799801 -0.032959 0)
(0.800517 -0.0324261 -1.7784e-28)
(0.833014 -0.0340741 0)
(0.833373 -0.0335288 0)
(0.833736 -0.0329959 -3.77909e-12)
(0.866645 -0.0342668 0)
(0.866668 -0.033728 0)
(0.866699 -0.0332013 -3.85518e-12)
(0.899507 -0.0341127 0)
(0.899222 -0.0335858 0)
(0.898951 -0.0330706 -3.93609e-12)
(0.931184 -0.0336466 0)
(0.930626 -0.0331363 0)
(0.930085 -0.032637 -4.02124e-12)
(0.961321 -0.0329073 0)
(0.960527 -0.0324173 0)
(0.959753 -0.0319377 -4.11008e-12)
(0.989627 -0.0319368 0)
(0.988637 -0.0314698 -1.65003e-28)
(0.987668 -0.0310125 -8.404e-12)
(1.01588 -0.0307779 0)
(1.01473 -0.0303356 1.65003e-28)
(1.01361 -0.0299025 -4.29632e-12)
(1.03993 -0.0294731 0)
(1.03866 -0.0290566 0)
(1.03742 -0.0286484 0)
(1.06169 -0.0280631 0)
(1.06034 -0.0276724 0)
(1.05902 -0.0272895 0)
(1.08113 -0.0265854 0)
(1.07973 -0.0262202 0)
(1.07836 -0.025862 -6.20173e-29)
(1.09827 -0.0250739 0)
(1.09686 -0.024733 0)
(1.09547 -0.0243985 -4.68371e-12)
(1.11321 -0.0235573 1.12795e-29)
(1.1118 -0.0232394 0)
(1.11042 -0.0229274 -4.77971e-12)
(1.12605 -0.02206 -1.12795e-29)
(1.12467 -0.0217635 0)
(1.12331 -0.0214723 -5.04848e-29)
(1.13693 -0.0206008 0)
(1.13559 -0.0203239 0)
(1.13427 -0.020052 -4.80286e-12)
(1.14602 -0.0191939 0)
(1.14473 -0.018935 0)
(1.14346 -0.0186808 -2.53565e-13)
(1.15349 -0.017849 0)
(1.15226 -0.0176066 0)
(1.15105 -0.0173683 -1.02868e-11)
(1.15953 -0.0165718 0)
(1.15836 -0.0163443 0)
(1.15722 -0.0161207 -1.04543e-11)
(1.16431 -0.0153644 0)
(1.16321 -0.0151506 0)
(1.16212 -0.0149405 -5.30741e-12)
(1.168 -0.0142263 0)
(1.16697 -0.0140252 0)
(1.16595 -0.0138276 7.92457e-29)
(1.17079 -0.0131548 0)
(1.16981 -0.0129657 0)
(1.16885 -0.0127797 0)
(1.1728 -0.0121457 0)
(1.17188 -0.0119679 0)
(1.17097 -0.011793 2.30742e-28)
(1.17418 -0.0111937 -3.66596e-28)
(1.17331 -0.0110268 9.33122e-29)
(1.17246 -0.0108626 -5.58991e-12)
(1.17505 -0.0102931 3.66596e-28)
(1.17423 -0.0101368 -9.33122e-29)
(1.17342 -0.00998292 -5.65036e-12)
(1.17552 -0.00943763 0)
(1.17474 -0.00929183 0)
(1.17397 -0.00914824 -5.70665e-12)
(1.17568 -0.00862153 0)
(1.17494 -0.00848616 0)
(1.1742 -0.00835278 -5.75875e-12)
(1.17561 -0.00783911 3.52477e-28)
(1.17489 -0.00771417 -1.29387e-28)
(1.17419 -0.00759103 2.42492e-28)
(1.17537 -0.00708515 -3.52477e-28)
(1.17468 -0.0069707 1.29387e-28)
(1.174 -0.00685786 -5.85046e-12)
(1.17503 -0.00635495 -3.84363e-28)
(1.17435 -0.00625108 0)
(1.17369 -0.00614862 -5.8901e-12)
(1.17461 -0.00564435 3.84363e-28)
(1.17396 -0.00555114 0)
(1.17331 -0.00545916 -1.15174e-28)
(1.17417 -0.00494973 0)
(1.17353 -0.00486727 0)
(1.1729 -0.00478587 -5.95713e-12)
(1.17373 -0.00426797 0)
(1.1731 -0.00419635 0)
(1.17248 -0.00412562 -5.98458e-12)
(1.17332 -0.00359643 0)
(1.1727 -0.00353571 0)
(1.17209 -0.00347574 0)
(1.17295 -0.00293286 0)
(1.17234 -0.0028831 0)
(1.17173 -0.00283394 -6.02754e-12)
(1.17264 -0.00227534 -3.93027e-28)
(1.17203 -0.0022366 1.00199e-28)
(1.17143 -0.00219831 -6.0431e-12)
(1.1724 -0.00162226 3.93027e-28)
(1.17179 -0.00159456 -1.00199e-28)
(1.1712 -0.00156719 -6.05475e-12)
(1.17224 -0.000972201 6.19808e-12)
(1.17163 -0.000955573 -1.3445e-28)
(1.17104 -0.000939136 -2.61096e-13)
(1.17215 -0.000323882 -6.26465e-12)
(1.17155 -0.000318338 1.35894e-28)
(1.17095 -0.000312857 -5.86372e-12)
(0.730889 0.0317265 0)
(0.764253 0.0330921 0)
(0.798359 0.0340626 0)
(0.832657 0.0346319 0)
(0.866631 0.0348179 0)
(0.899806 0.0346514 0)
(0.93176 0.0341681 -7.36754e-29)
(0.962135 0.0334079 7.36754e-29)
(0.99064 0.0324136 -4.58749e-12)
(1.01705 0.0312291 4.58749e-12)
(1.04122 0.0298979 0)
(1.06306 0.0284613 0)
(1.08254 0.0269576 0)
(1.09971 0.025421 0)
(1.11464 0.0238809 0)
(1.12745 0.0223617 0)
(1.13829 0.0208824 0)
(1.14732 0.0194571 0)
(1.15473 0.0180955 -5.53495e-12)
(1.1607 0.016803 5.53495e-12)
(1.16542 0.0155815 0)
(1.16905 0.0144305 0)
(1.17177 0.0133468 0)
(1.17373 0.0123262 0)
(1.17506 0.0113631 -9.99246e-29)
(1.17588 0.0104516 9.99246e-29)
(1.17631 0.00958546 0)
(1.17644 0.00875872 0)
(1.17634 0.00796567 0)
(1.17608 0.00720102 0)
(1.17571 0.00646008 6.24919e-12)
(1.17528 0.00573865 -6.24919e-12)
(1.17483 0.00503312 0)
(1.17438 0.00434038 0)
(1.17395 0.0036578 0)
(1.17358 0.00298313 0)
(1.17326 0.00231448 0)
(1.17302 0.00165023 0)
(1.17285 0.000988991 1.43498e-28)
(1.17277 0.00032948 -1.45039e-28)
(0.732385 0.0311879 0)
(0.765358 0.0325405 0)
(0.799081 0.0335043 0)
(0.833014 0.034074 0)
(0.866645 0.0342668 0)
(0.899507 0.0341127 0)
(0.931184 0.0336465 2.68817e-28)
(0.961321 0.0329073 -2.68817e-28)
(0.989627 0.0319368 0)
(1.01588 0.0307778 0)
(1.03993 0.029473 0)
(1.06169 0.028063 0)
(1.08113 0.0265854 -3.04954e-28)
(1.09827 0.0250738 3.04954e-28)
(1.11321 0.0235573 -1.12795e-29)
(1.12605 0.0220599 1.12795e-29)
(1.13693 0.0206007 0)
(1.14602 0.0191939 0)
(1.15349 0.017849 -5.34148e-12)
(1.15953 0.0165717 5.34148e-12)
(1.16431 0.0153643 0)
(1.168 0.0142262 0)
(1.17079 0.0131548 0)
(1.1728 0.0121457 0)
(1.17418 0.0111937 0)
(1.17505 0.010293 0)
(1.17552 0.00943762 0)
(1.17568 0.00862152 0)
(1.17561 0.00783909 0)
(1.17537 0.00708513 0)
(1.17503 0.00635494 6.04681e-12)
(1.17461 0.00564434 -6.04681e-12)
(1.17417 0.00494972 0)
(1.17373 0.00426797 0)
(1.17332 0.00359643 0)
(1.17295 0.00293285 0)
(1.17264 0.00227534 3.93027e-28)
(1.1724 0.00162226 -3.93027e-28)
(1.17224 0.000972199 -3.65945e-28)
(1.17215 0.000323881 3.69876e-28)
(0.733864 0.030662 0)
(0.766454 0.0320017 0)
(0.799801 0.0329589 0)
(0.833373 0.0335287 0)
(0.866668 0.033728 0)
(0.899222 0.0335858 0)
(0.930626 0.0331362 0)
(0.960527 0.0324172 0)
(0.988636 0.0314697 0)
(1.01473 0.0303356 0)
(1.03866 0.0290565 0)
(1.06034 0.0276724 0)
(1.07973 0.0262202 0)
(1.09686 0.0247329 0)
(1.1118 0.0232394 0)
(1.12467 0.0217634 0)
(1.13559 0.0203239 4.9843e-12)
(1.14473 0.018935 -4.9843e-12)
(1.15226 0.0176065 0)
(1.15836 0.0163442 0)
(1.16321 0.0151506 0)
(1.16697 0.0140252 0)
(1.16981 0.0129656 0)
(1.17188 0.0119679 0)
(1.17331 0.0110268 9.33122e-29)
(1.17423 0.0101367 -9.33122e-29)
(1.17474 0.00929181 0)
(1.17494 0.00848614 0)
(1.17489 0.00771415 0)
(1.17468 0.00697069 0)
(1.17435 0.00625106 0)
(1.17396 0.00555113 0)
(1.17353 0.00486726 0)
(1.1731 0.00419634 0)
(1.1727 0.00353571 9.97005e-29)
(1.17234 0.0028831 -9.97005e-29)
(1.17203 0.00223659 -1.00199e-28)
(1.17179 0.00159456 1.00199e-28)
(1.17163 0.000955571 -5.99801e-12)
(1.17155 0.000318337 6.06243e-12)
(0.735327 0.0301484 -3.52208e-12)
(0.76754 0.0314754 0)
(0.800517 0.0324261 1.7784e-28)
(0.833736 0.0329959 -7.45091e-29)
(0.866699 0.0332012 0)
(0.898951 0.0330705 0)
(0.709477 0.0304975 -1.20818e-21)
(0.711226 0.0299736 8.12963e-22)
(0.712954 0.0294621 8.32205e-22)
(0.698499 0.0297781 -1.85182e-21)
(0.700386 0.0292643 8.3212e-22)
(0.702249 0.0287627 3.91786e-24)
(0.687644 0.0290004 2.72951e-22)
(0.689671 0.0284977 6.94974e-22)
(0.69167 0.0280069 2.6638e-22)
(0.676949 0.0281653 -1.20186e-21)
(0.679116 0.0276747 -3.68218e-22)
(0.681252 0.0271958 -8.73789e-23)
(0.666449 0.0272689 5.56538e-22)
(0.668756 0.0267917 -2.98608e-22)
(0.67103 0.0263258 -1.80202e-22)
(0.656181 0.026311 -7.32313e-22)
(0.658629 0.0258484 7.35923e-22)
(0.66104 0.0253969 4.87747e-23)
(0.646183 0.0252925 -2.65489e-22)
(0.648769 0.0248459 -8.32679e-22)
(0.651315 0.02441 -5.23171e-22)
(0.636491 0.0242146 3.94077e-22)
(0.639213 0.0237853 6.83745e-22)
(0.641893 0.0233662 -1.75353e-21)
(0.627141 0.0230786 -9.18054e-22)
(0.629997 0.0226678 6.89096e-22)
(0.632807 0.0222667 1.2296e-21)
(0.61817 0.0218861 1.35987e-22)
(0.621156 0.0214949 1.3567e-23)
(0.624093 0.0211132 2.32158e-22)
(0.609614 0.0206389 1.39353e-22)
(0.612725 0.0202687 2.00185e-22)
(0.615785 0.0199074 -9.83497e-22)
(0.601506 0.0193394 3.64656e-22)
(0.604737 0.0189913 -5.03445e-22)
(0.607915 0.0186516 6.2126e-22)
(0.590478 0.0183229 1.84478e-21)
(0.59388 0.01799 -1.79207e-21)
(0.597225 0.0176651 8.88681e-22)
(0.600515 0.0173481 -6.66546e-22)
(0.583255 0.0169015 4.4652e-22)
(0.586767 0.0165935 4.108e-22)
(0.59022 0.016293 2.11863e-22)
(0.576583 0.0154351 -5.28955e-22)
(0.580198 0.0151531 -2.53816e-22)
(0.583751 0.0148779 -1.55251e-22)
(0.570492 0.0139271 7.39361e-23)
(0.574201 0.013672 3.55571e-22)
(0.577846 0.0134231 1.24307e-22)
(0.565006 0.0123812 -3.80338e-22)
(0.568801 0.0121539 3.85805e-24)
(0.57253 0.0119321 3.8268e-22)
(0.560151 0.0108012 -4.70416e-22)
(0.564022 0.0106026 1.37759e-23)
(0.567826 0.0104087 4.7558e-22)
(0.555948 0.00919131 -3.70152e-22)
(0.559885 0.00902197 3.64674e-22)
(0.563754 0.00885674 -1.44487e-22)
(0.552416 0.00755573 -3.45577e-22)
(0.556409 0.00741633 2.63744e-22)
(0.560333 0.00728032 -4.3305e-23)
(0.549571 0.00589894 6.54115e-23)
(0.55361 0.00578997 -2.65227e-22)
(0.557577 0.00568367 3.29932e-24)
(0.547426 0.0042255 -1.54578e-22)
(0.551499 0.00414738 9.69864e-23)
(0.5555 0.00407116 7.67161e-23)
(0.545991 0.0025401 1.38107e-22)
(0.550086 0.00249311 -6.20898e-23)
(0.55411 0.00244726 1.84921e-22)
(0.545271 0.000847486 -3.41e-23)
(0.549378 0.000831801 2.61433e-23)
(0.553413 0.000816499 -4.19978e-23)
)
;

boundaryField
{
    inlet
    {
        type            uniformFixedValue;
        uniformValue    constant (1 0 0);
        value           nonuniform 0();
    }
    outlet
    {
        type            pressureInletOutletVelocity;
        value           nonuniform 0();
    }
    cylinder
    {
        type            fixedValue;
        value           nonuniform 0();
    }
    top
    {
        type            symmetryPlane;
    }
    bottom
    {
        type            symmetryPlane;
    }
    defaultFaces
    {
        type            empty;
    }
    procBoundary50to49
    {
        type            processor;
        value           nonuniform List<vector> 
131
(
(0.54109 -0.000863602 -4.53216e-24)
(0.541822 -0.0025883 -5.48221e-23)
(0.543281 -0.00430561 -3.01724e-23)
(0.545461 -0.00601067 -4.16945e-23)
(0.548352 -0.00769867 6.66039e-23)
(0.551941 -0.00936492 -2.56366e-22)
(0.556212 -0.0110049 -2.75057e-22)
(0.561145 -0.0126142 -2.13594e-22)
(0.566717 -0.0141886 -4.7474e-23)
(0.572906 -0.0157242 3.1916e-23)
(0.579682 -0.0172171 8.83998e-22)
(0.587017 -0.018664 -1.14754e-21)
(0.598221 -0.0196961 7.68723e-22)
(0.598221 -0.0196961 7.68723e-22)
(0.606451 -0.0210183 -5.4086e-22)
(0.615136 -0.0222869 3.14028e-22)
(0.62424 -0.0234996 6.47527e-22)
(0.633726 -0.0246546 -5.0588e-22)
(0.643557 -0.0257501 1.10851e-21)
(0.653697 -0.0267848 -4.46534e-22)
(0.664108 -0.0277577 -1.03837e-22)
(0.674751 -0.0286678 1.71965e-21)
(0.68559 -0.0295153 -7.38689e-22)
(0.696587 -0.0303043 1.27249e-21)
(0.707707 -0.0310341 4.00387e-22)
(0.730889 -0.0317266 0)
(0.730889 -0.0317266 0)
(0.764253 -0.0330922 0)
(0.798359 -0.0340626 0)
(0.832658 -0.0346319 0)
(0.866631 -0.0348179 0)
(0.899806 -0.0346514 0)
(0.93176 -0.0341681 0)
(0.962135 -0.0334079 0)
(0.99064 -0.0324137 1.78408e-28)
(1.01705 -0.0312292 -1.78408e-28)
(1.04122 -0.0298979 0)
(1.06306 -0.0284613 0)
(1.08254 -0.0269576 0)
(1.09971 -0.025421 0)
(1.11464 -0.023881 0)
(1.12745 -0.0223617 0)
(1.13829 -0.0208824 -8.97764e-29)
(1.14732 -0.0194572 8.97764e-29)
(1.15473 -0.0180955 -1.2407e-28)
(1.1607 -0.016803 1.2407e-28)
(1.16542 -0.0155816 0)
(1.16905 -0.0144305 0)
(1.17177 -0.0133469 0)
(1.17373 -0.0123262 0)
(1.17506 -0.0113631 0)
(1.17588 -0.0104516 0)
(1.17631 -0.00958547 0)
(1.17644 -0.00875874 0)
(1.17634 -0.00796568 0)
(1.17608 -0.00720104 0)
(1.17571 -0.00646009 1.04654e-28)
(1.17528 -0.00573866 -1.04654e-28)
(1.17483 -0.00503313 0)
(1.17438 -0.00434039 0)
(1.17395 -0.0036578 0)
(1.17358 -0.00298313 0)
(1.17326 -0.00231448 0)
(1.17302 -0.00165023 0)
(1.17285 -0.000988993 6.40165e-12)
(1.17277 -0.000329481 -6.47041e-12)
(0.729377 0.0322781 0)
(0.763138 0.0336568 0)
(0.797633 0.0346338 0)
(0.832305 0.0352026 0)
(0.866627 0.0353815 -9.94023e-30)
(0.900119 0.035202 9.94023e-30)
(0.932354 0.0347009 0)
(0.962971 0.0339191 0)
(0.991676 0.0329004 -9.53465e-12)
(1.01825 0.0316895 9.53465e-12)
(1.04253 0.030331 0)
(1.06445 0.028867 0)
(1.08399 0.0273366 3.2858e-28)
(1.10117 0.0257744 -3.2858e-28)
(1.11609 0.0242102 1.21371e-29)
(1.12887 0.0226685 -1.21371e-29)
(1.13966 0.0211686 5.55613e-12)
(1.14864 0.0197246 -5.55613e-12)
(1.15599 0.0183459 0)
(1.16189 0.0170377 0)
(1.16654 0.015802 0)
(1.17011 0.0146377 0)
(1.17276 0.0135416 0)
(1.17466 0.0125092 0)
(1.17594 0.0115347 6.17044e-12)
(1.17672 0.0106121 -6.17044e-12)
(1.17712 0.00973513 0)
(1.17721 0.00889757 0)
(1.17708 0.00809369 0)
(1.17679 0.00731819 0)
(1.1764 0.00656632 0)
(1.17596 0.0058339 0)
(1.17549 0.00511732 0)
(1.17503 0.00441347 0)
(1.1746 0.00371971 0)
(1.17422 0.00303383 0)
(1.1739 0.00235394 -4.19121e-28)
(1.17365 0.00167844 4.19121e-28)
(1.17348 0.00100592 -6.60877e-12)
(1.17339 0.000335124 6.67975e-12)
(0.707706 0.0310341 -4.05235e-22)
(0.696587 0.0303043 -1.29532e-21)
(0.68559 0.0295153 7.92726e-22)
(0.674751 0.0286678 -1.81523e-21)
(0.664108 0.0277577 1.08987e-22)
(0.653697 0.0267848 5.00411e-22)
(0.643557 0.02575 -1.12764e-21)
(0.633726 0.0246545 3.22253e-22)
(0.624239 0.0234996 -2.23346e-22)
(0.615136 0.0222869 -3.20026e-22)
(0.606451 0.0210183 1.68967e-22)
(0.59822 0.0196961 -6.02684e-22)
(0.59822 0.0196961 -6.02684e-22)
(0.587017 0.018664 1.3747e-21)
(0.579682 0.0172171 -9.65391e-22)
(0.572906 0.0157241 -1.09043e-23)
(0.566717 0.0141886 -1.39326e-23)
(0.561145 0.0126141 1.9918e-22)
(0.556212 0.0110049 3.21123e-22)
(0.551941 0.00936489 7.16031e-22)
(0.548352 0.00769863 -8.65196e-23)
(0.545461 0.00601063 2.41134e-22)
(0.543281 0.00430557 9.87927e-24)
(0.541822 0.00258826 4.41983e-23)
(0.54109 0.000863564 -8.35587e-24)
)
;
    }
    procBoundary50to51
    {
        type            processor;
        value           nonuniform List<vector> 
133
(
(0.557377 -0.00080164 1.24838e-24)
(0.558063 -0.00240261 -1.05421e-22)
(0.559431 -0.00399688 -1.31118e-22)
(0.561476 -0.00558002 5.0247e-22)
(0.564188 -0.00714769 -2.01278e-22)
(0.567556 -0.00869561 8.46049e-23)
(0.571564 -0.0102197 -5.08112e-23)
(0.576195 -0.0117158 -7.17926e-24)
(0.58143 -0.0131803 -2.42997e-22)
(0.587245 -0.0146094 1.36721e-22)
(0.593615 -0.0159998 -3.28639e-22)
(0.593615 -0.0159998 -3.28639e-22)
(0.603751 -0.0170389 -7.87111e-23)
(0.611041 -0.0183202 -1.08699e-21)
(0.618796 -0.0195549 1.10255e-21)
(0.626984 -0.0207407 6.97493e-22)
(0.635574 -0.0218754 1.93016e-22)
(0.644531 -0.0229573 6.80562e-23)
(0.653823 -0.0239846 1.57511e-21)
(0.663415 -0.0249563 1.82911e-22)
(0.673272 -0.0258712 2.39976e-22)
(0.683359 -0.0267283 4.98115e-22)
(0.693643 -0.0275279 -1.25789e-21)
(0.704088 -0.028273 5.10957e-22)
(0.714661 -0.0289627 -2.62793e-12)
(0.714661 -0.0289627 -2.62793e-12)
(0.736774 -0.029647 3.52211e-12)
(0.768616 -0.0309614 -1.62649e-28)
(0.801231 -0.0319056 -1.7784e-28)
(0.834101 -0.0324752 3.77909e-12)
(0.866738 -0.0326864 3.85518e-12)
(0.898692 -0.0325668 3.93609e-12)
(0.92956 -0.0321487 4.02124e-12)
(0.958999 -0.0314684 4.11008e-12)
(0.986722 -0.0305649 8.404e-12)
(1.01251 -0.0294783 4.29632e-12)
(1.03621 -0.0282486 0)
(1.05772 -0.0269142 0)
(1.07701 -0.0255108 5.10498e-29)
(1.0941 -0.0240706 4.68371e-12)
(1.10905 -0.0226214 4.77971e-12)
(1.12196 -0.0211867 0)
(1.13296 -0.0197853 -4.62577e-12)
(1.14221 -0.0184312 9.6822e-12)
(1.14986 -0.0171345 1.02868e-11)
(1.15608 -0.0159012 1.04543e-11)
(1.16105 -0.0147342 5.30741e-12)
(1.16494 -0.0136334 7.92457e-29)
(1.1679 -0.012597 0)
(1.17008 -0.0116211 2.30742e-28)
(1.17161 -0.0107011 5.58991e-12)
(1.17262 -0.00983168 5.65036e-12)
(1.17321 -0.00900704 5.70665e-12)
(1.17347 -0.00822158 5.75875e-12)
(1.17349 -0.00746985 2.42492e-28)
(1.17332 -0.00674677 5.85046e-12)
(1.17304 -0.00604771 5.8901e-12)
(1.17268 -0.00536854 0)
(1.17228 -0.00470565 5.95713e-12)
(1.17187 -0.00405589 5.98458e-12)
(1.17148 -0.00341659 0)
(1.17114 -0.00278545 6.02754e-12)
(1.17084 -0.00216054 6.0431e-12)
(1.17061 -0.00154017 6.05475e-12)
(1.17045 -0.000922916 1.16708e-11)
(1.17037 -0.000307448 -5.66849e-12)
(0.930085 0.032637 0)
(0.959753 0.0319376 0)
(0.987668 0.0310124 0)
(1.01361 0.0299024 0)
(1.03742 0.0286484 4.26012e-12)
(1.05902 0.0272894 -4.26012e-12)
(1.07836 0.0258619 4.58672e-12)
(1.09547 0.0243985 4.68371e-12)
(1.11042 0.0229274 -5.04848e-29)
(1.12331 0.0214723 5.04848e-29)
(1.13427 0.020052 4.80286e-12)
(1.14346 0.0186807 -4.80286e-12)
(1.15105 0.0173683 -4.96795e-12)
(1.15722 0.0161207 4.96795e-12)
(1.16212 0.0149404 0)
(1.16595 0.0138275 0)
(1.16885 0.0127796 0)
(1.17097 0.011793 0)
(1.17246 0.0108625 5.38058e-12)
(1.17342 0.0099829 -5.38058e-12)
(1.17397 0.00914822 0)
(1.1742 0.00835277 0)
(1.17419 0.00759102 0)
(1.174 0.00685785 0)
(1.17369 0.00614861 -1.15174e-28)
(1.17331 0.00545915 1.15174e-28)
(1.1729 0.00478586 0)
(1.17248 0.00412561 0)
(1.17209 0.00347573 -1.17294e-28)
(1.17173 0.00283394 1.17294e-28)
(1.17143 0.00219831 -8.89475e-29)
(1.1712 0.00156718 4.51745e-28)
(1.17104 0.000939134 -1.16028e-11)
(1.17095 0.000312857 1.17274e-11)
(0.736774 0.0296469 3.52211e-12)
(0.714661 0.0289627 -2.62792e-12)
(0.768616 0.0309613 0)
(0.801231 0.0319055 1.7784e-28)
(0.834101 0.0324752 -7.45091e-29)
(0.866738 0.0326864 0)
(0.930085 0.032637 0)
(0.898692 0.0325667 0)
(0.714661 0.0289627 -2.62792e-12)
(0.704088 0.0282729 -4.69559e-22)
(0.693643 0.0275278 1.30259e-21)
(0.683359 0.0267283 -6.44325e-22)
(0.673272 0.0258711 -2.69002e-22)
(0.663415 0.0249562 1.02159e-21)
(0.653823 0.0239846 -1.59127e-21)
(0.644531 0.0229572 -1.29794e-21)
(0.635574 0.0218754 9.79054e-22)
(0.626984 0.0207406 -4.49534e-22)
(0.618796 0.0195548 -1.47752e-21)
(0.611041 0.0183201 1.21688e-21)
(0.603751 0.0170388 2.21966e-23)
(0.593615 0.0159997 3.60821e-22)
(0.593615 0.0159997 3.60821e-22)
(0.587245 0.0146094 -3.12982e-22)
(0.58143 0.0131802 2.7442e-22)
(0.576195 0.0117158 1.22537e-22)
(0.571564 0.0102196 8.6116e-23)
(0.567556 0.00869554 -1.97347e-22)
(0.564188 0.00714762 1.77693e-22)
(0.561476 0.00557995 -4.42451e-22)
(0.559431 0.00399681 1.85656e-22)
(0.558063 0.00240254 9.99555e-23)
(0.557377 0.00080157 -1.21843e-23)
)
;
    }
}


// ************************************************************************* //
