/*--------------------------------*- C++ -*----------------------------------*\
  =========                 |
  \\      /  F ield         | OpenFOAM: The Open Source CFD Toolbox
   \\    /   O peration     | Website:  https://openfoam.org
    \\  /    A nd           | Version:  7
     \\/     M anipulation  |
\*---------------------------------------------------------------------------*/
FoamFile
{
    version     2.0;
    format      ascii;
    class       volScalarField;
    location    "30";
    object      p;
}
// * * * * * * * * * * * * * * * * * * * * * * * * * * * * * * * * * * * * * //

dimensions      [0 2 -2 0 0 0 0];

internalField   nonuniform List<scalar> 
928
(
-0.0327752
-0.0321508
-0.0315393
-0.0309402
-0.0303533
-0.0327845
-0.0321599
-0.0315482
-0.030949
-0.0303619
-0.0328031
-0.0321782
-0.0315661
-0.0309665
-0.030379
-0.0328311
-0.0322056
-0.0315929
-0.0309927
-0.0304047
-0.0328684
-0.0322421
-0.0316286
-0.0310277
-0.030439
-0.0329149
-0.0322877
-0.0316733
-0.0310714
-0.0304818
-0.0329708
-0.0323423
-0.0317268
-0.0311238
-0.0305331
-0.0299543
-0.0330358
-0.032406
-0.0317892
-0.0311849
-0.0305929
-0.0300128
-0.0331101
-0.0324788
-0.0318604
-0.0312546
-0.0306612
-0.0300797
-0.0331936
-0.0325605
-0.0319404
-0.031333
-0.0307379
-0.0301548
-0.0332863
-0.0326512
-0.0320292
-0.03142
-0.0308231
-0.0302382
-0.0333881
-0.0327509
-0.0321268
-0.0315155
-0.0309166
-0.0303298
-0.0328594
-0.032233
-0.0316195
-0.0310184
-0.0304295
-0.0329767
-0.0323479
-0.0317319
-0.0311285
-0.0305373
-0.0331028
-0.0324713
-0.0318528
-0.0312468
-0.0306532
-0.0332376
-0.0326033
-0.031982
-0.0313733
-0.030777
-0.033381
-0.0327436
-0.0321194
-0.0315079
-0.0309088
-0.0303217
-0.0335329
-0.0328924
-0.032265
-0.0316504
-0.0310484
-0.0304584
-0.0336933
-0.0330494
-0.0324187
-0.0318009
-0.0311957
-0.0306027
-0.0332145
-0.0325804
-0.0319592
-0.0313507
-0.0307544
-0.0333878
-0.03275
-0.0321252
-0.0315132
-0.0309136
-0.0335689
-0.0329273
-0.0322989
-0.0316832
-0.03108
-0.0337579
-0.0331123
-0.03248
-0.0318606
-0.0312537
-0.030659
-0.0339547
-0.033305
-0.0326686
-0.0320452
-0.0314344
-0.030836
-0.0335052
-0.0328646
-0.0322371
-0.0316223
-0.0310199
-0.0337122
-0.0330672
-0.0324354
-0.0318165
-0.03121
-0.0339235
-0.0332741
-0.032638
-0.0320148
-0.0314042
-0.0308059
-0.0341452
-0.0334911
-0.0328504
-0.0322227
-0.0316078
-0.0310053
-0.033745
-0.0330989
-0.0324659
-0.0318458
-0.0312382
-0.0339977
-0.0333461
-0.0327078
-0.0320825
-0.0314697
-0.034031
-0.0333793
-0.032741
-0.0321156
-0.0315028
-0.0343341
-0.0336797
-0.0330386
-0.0324105
-0.0317949
-0.0345939
-0.0339379
-0.0332951
-0.0326652
-0.0320478
-0.0348585
-0.034201
-0.0335567
-0.0329251
-0.0323059
-0.0351375
-0.0344786
-0.0338327
-0.0331994
-0.0325786
-0.0354263
-0.0347661
-0.0341187
-0.033484
-0.0328615
-0.0357237
-0.0350623
-0.0344138
-0.0337776
-0.0331537
-0.0360289
-0.0353665
-0.0347169
-0.0340795
-0.0334542
-0.0363405
-0.0356774
-0.0350268
-0.0343884
-0.033762
-0.0366572
-0.0359936
-0.0353423
-0.0347031
-0.0340756
-0.0369774
-0.0363136
-0.0356619
-0.0350221
-0.0343938
-0.0372999
-0.0366361
-0.0359842
-0.035344
-0.0347152
-0.0376229
-0.0369594
-0.0363076
-0.0356673
-0.0350383
-0.0379451
-0.0372822
-0.0366308
-0.0359907
-0.0353616
-0.0382649
-0.037603
-0.0369523
-0.0363126
-0.0356838
-0.0385811
-0.0379204
-0.0372707
-0.0366318
-0.0360035
-0.0388922
-0.0382331
-0.0375848
-0.036947
-0.0363195
-0.0391972
-0.03854
-0.0378933
-0.0372569
-0.0366306
-0.039495
-0.03884
-0.0381953
-0.0375605
-0.0369356
-0.0397845
-0.0391321
-0.0384896
-0.0378568
-0.0372336
-0.0400651
-0.0394156
-0.0387756
-0.038145
-0.0375238
-0.0403361
-0.0396896
-0.0390524
-0.0384244
-0.0378054
-0.0405968
-0.0399537
-0.0393196
-0.0386944
-0.0380779
-0.0408469
-0.0402074
-0.0395766
-0.0389544
-0.0383406
-0.0410861
-0.0404504
-0.0398231
-0.0392041
-0.0385933
-0.0413141
-0.0406825
-0.0400589
-0.0394433
-0.0388356
-0.0415309
-0.0409035
-0.0402838
-0.0396717
-0.0390673
-0.0417364
-0.0411134
-0.0404977
-0.0398894
-0.0392884
-0.0419309
-0.0413122
-0.0407007
-0.0400963
-0.0394989
-0.0421142
-0.0415002
-0.0408929
-0.0402925
-0.0396987
-0.0422868
-0.0416774
-0.0410745
-0.0404781
-0.0398881
-0.0424488
-0.0418441
-0.0412456
-0.0406533
-0.0400671
-0.0426006
-0.0420006
-0.0414065
-0.0408183
-0.0402361
-0.0427424
-0.0421471
-0.0415574
-0.0409734
-0.0403951
-0.0428747
-0.0422841
-0.0416988
-0.041119
-0.0405446
-0.0429977
-0.0424118
-0.041831
-0.0412553
-0.0406848
-0.043112
-0.0425307
-0.0419542
-0.0413826
-0.040816
-0.0432179
-0.0426411
-0.0420689
-0.0415014
-0.0409385
-0.0433157
-0.0427434
-0.0421754
-0.0416119
-0.0410528
-0.043406
-0.042838
-0.0422742
-0.0417145
-0.0411591
-0.0434891
-0.0429253
-0.0423655
-0.0418096
-0.0412578
-0.0435653
-0.0430057
-0.0424497
-0.0418976
-0.0413493
-0.0436352
-0.0430795
-0.0425273
-0.0419787
-0.0414338
-0.043699
-0.0431471
-0.0425985
-0.0420533
-0.0415116
-0.0437571
-0.0432088
-0.0426637
-0.0421218
-0.0415832
-0.0438098
-0.043265
-0.0427231
-0.0421844
-0.0416488
-0.0438575
-0.043316
-0.0427772
-0.0422414
-0.0417086
-0.0439006
-0.043362
-0.0428262
-0.0422932
-0.041763
-0.0439391
-0.0434035
-0.0428704
-0.0423399
-0.0418122
-0.0439735
-0.0434405
-0.0429099
-0.0423819
-0.0418564
-0.044004
-0.0434734
-0.0429451
-0.0424193
-0.0418959
-0.0440308
-0.0435024
-0.0429762
-0.0424524
-0.0419309
-0.0440541
-0.0435277
-0.0430034
-0.0424813
-0.0419615
-0.0440741
-0.0435494
-0.0430267
-0.0425062
-0.041988
-0.0440909
-0.0435677
-0.0430465
-0.0425273
-0.0420103
-0.0441047
-0.0435827
-0.0430627
-0.0425447
-0.0420288
-0.0441156
-0.0435947
-0.0430756
-0.0425585
-0.0420435
-0.0441237
-0.0436035
-0.0430852
-0.0425687
-0.0420544
-0.0441291
-0.0436094
-0.0430915
-0.0425756
-0.0420616
-0.0441317
-0.0436123
-0.0430947
-0.0425789
-0.0420652
-0.0340309
-0.034334
-0.0345938
-0.0348584
-0.0351374
-0.0354262
-0.0357236
-0.0360288
-0.0363404
-0.0366571
-0.0369774
-0.0372998
-0.0376228
-0.037945
-0.0382648
-0.038581
-0.0388922
-0.0391971
-0.0394949
-0.0397845
-0.0400651
-0.040336
-0.0405967
-0.0408468
-0.041086
-0.041314
-0.0415308
-0.0417364
-0.0419308
-0.0421142
-0.0422868
-0.0424488
-0.0426006
-0.0427424
-0.0428747
-0.0429977
-0.043112
-0.0432179
-0.0433157
-0.043406
-0.043489
-0.0435653
-0.0436352
-0.043699
-0.0437571
-0.0438098
-0.0438575
-0.0439005
-0.0439391
-0.0439735
-0.044004
-0.0440308
-0.0440541
-0.044074
-0.0440909
-0.0441047
-0.0441156
-0.0441237
-0.0441291
-0.0441317
-0.0333792
-0.0336796
-0.0339378
-0.0342009
-0.0344785
-0.034766
-0.0350622
-0.0353664
-0.0356773
-0.0359935
-0.0363135
-0.036636
-0.0369593
-0.0372821
-0.0376029
-0.0379203
-0.0382331
-0.03854
-0.03884
-0.0391321
-0.0394155
-0.0396896
-0.0399537
-0.0402074
-0.0404504
-0.0406824
-0.0409034
-0.0411133
-0.0413122
-0.0415001
-0.0416774
-0.0418441
-0.0420005
-0.0421471
-0.042284
-0.0424118
-0.0425307
-0.0426411
-0.0427434
-0.042838
-0.0429253
-0.0430057
-0.0430795
-0.0431471
-0.0432088
-0.043265
-0.043316
-0.043362
-0.0434035
-0.0434405
-0.0434734
-0.0435024
-0.0435277
-0.0435494
-0.0435677
-0.0435827
-0.0435947
-0.0436035
-0.0436094
-0.0436123
-0.0327409
-0.0330385
-0.033295
-0.0335566
-0.0338326
-0.0341186
-0.0344137
-0.0347168
-0.0350267
-0.0353422
-0.0356618
-0.0359841
-0.0363076
-0.0366307
-0.0369522
-0.0372706
-0.0375847
-0.0378933
-0.0381952
-0.0384896
-0.0387755
-0.0390524
-0.0393196
-0.0395766
-0.0398231
-0.0400589
-0.0402837
-0.0404977
-0.0407007
-0.0408929
-0.0410745
-0.0412455
-0.0414064
-0.0415574
-0.0416988
-0.0418309
-0.0419542
-0.0420689
-0.0421754
-0.0422741
-0.0423655
-0.0424497
-0.0425273
-0.0425985
-0.0426637
-0.0427231
-0.0427772
-0.0428262
-0.0428704
-0.0429099
-0.0429451
-0.0429762
-0.0430034
-0.0430267
-0.0430465
-0.0430627
-0.0430756
-0.0430852
-0.0430915
-0.0430947
-0.0321155
-0.0324104
-0.0326651
-0.032925
-0.0331993
-0.0334839
-0.0337775
-0.0340794
-0.0343884
-0.034703
-0.035022
-0.0353439
-0.0356673
-0.0359906
-0.0363126
-0.0366318
-0.0369469
-0.0372568
-0.0375604
-0.0378568
-0.038145
-0.0384244
-0.0386943
-0.0389543
-0.0392041
-0.0394432
-0.0396717
-0.0398894
-0.0400963
-0.0402924
-0.040478
-0.0406532
-0.0408183
-0.0409734
-0.041119
-0.0412553
-0.0413826
-0.0415014
-0.0416119
-0.0417145
-0.0418096
-0.0418976
-0.0419787
-0.0420533
-0.0421218
-0.0421844
-0.0422414
-0.0422932
-0.0423399
-0.0423819
-0.0424193
-0.0424524
-0.0424813
-0.0425062
-0.0425273
-0.0425447
-0.0425585
-0.0425687
-0.0425756
-0.0425789
-0.0315027
-0.0317948
-0.0320477
-0.0323058
-0.0325785
-0.0328614
-0.0331536
-0.0334541
-0.0337619
-0.0340755
-0.0343938
-0.0347151
-0.0350382
-0.0353615
-0.0356837
-0.0360035
-0.0363194
-0.0366305
-0.0369355
-0.0372336
-0.0375238
-0.0378054
-0.0380778
-0.0383405
-0.0385932
-0.0388355
-0.0390673
-0.0392884
-0.0394989
-0.0396987
-0.0398881
-0.0400671
-0.040236
-0.0403951
-0.0405446
-0.0406847
-0.040816
-0.0409385
-0.0410528
-0.0411591
-0.0412578
-0.0413493
-0.0414338
-0.0415116
-0.0415832
-0.0416488
-0.0417086
-0.041763
-0.0418122
-0.0418564
-0.0418959
-0.0419309
-0.0419615
-0.041988
-0.0420103
-0.0420288
-0.0420435
-0.0420544
-0.0420616
-0.0420652
-0.0339976
-0.033346
-0.0327077
-0.0320824
-0.0314696
-0.0344046
-0.0337449
-0.0330988
-0.0324659
-0.0318457
-0.0312381
-0.0341451
-0.033491
-0.0328503
-0.0322227
-0.0316077
-0.0310052
-0.0339234
-0.033274
-0.0326379
-0.0320147
-0.0314041
-0.0308058
-0.0337121
-0.0330671
-0.0324353
-0.0318164
-0.0312099
-0.0335051
-0.0328645
-0.032237
-0.0316222
-0.0310198
-0.0339546
-0.0333049
-0.0326685
-0.0320451
-0.0314343
-0.0308359
-0.0337578
-0.0331123
-0.0324799
-0.0318605
-0.0312536
-0.0306589
-0.0335688
-0.0329273
-0.0322988
-0.0316832
-0.03108
-0.0333877
-0.0327499
-0.0321252
-0.0315132
-0.0309135
-0.0332145
-0.0325803
-0.0319592
-0.0313506
-0.0307544
-0.0336932
-0.0330493
-0.0324186
-0.0318009
-0.0311956
-0.0306026
-0.0335328
-0.0328923
-0.0322649
-0.0316504
-0.0310483
-0.0304584
-0.0333809
-0.0327436
-0.0321193
-0.0315078
-0.0309087
-0.0303217
-0.0332375
-0.0326032
-0.0319819
-0.0313733
-0.030777
-0.0331027
-0.0324713
-0.0318527
-0.0312468
-0.0306531
-0.0329767
-0.0323478
-0.0317319
-0.0311285
-0.0305373
-0.0334989
-0.0328593
-0.032233
-0.0316194
-0.0310184
-0.0304294
-0.033388
-0.0327508
-0.0321267
-0.0315154
-0.0309165
-0.0303297
-0.0332863
-0.0326512
-0.0320292
-0.0314199
-0.030823
-0.0302382
-0.0331936
-0.0325605
-0.0319404
-0.031333
-0.0307379
-0.0301548
-0.0331101
-0.0324788
-0.0318604
-0.0312546
-0.0306611
-0.0300797
-0.0330358
-0.032406
-0.0317891
-0.0311849
-0.0305929
-0.0300128
-0.0329707
-0.0323423
-0.0317268
-0.0311238
-0.030533
-0.0299542
-0.0329149
-0.0322876
-0.0316732
-0.0310714
-0.0304817
-0.0328683
-0.0322421
-0.0316286
-0.0310277
-0.030439
-0.0328311
-0.0322056
-0.0315929
-0.0309927
-0.0304047
-0.0328031
-0.0321782
-0.0315661
-0.0309665
-0.030379
-0.0327845
-0.0321599
-0.0315482
-0.030949
-0.0303619
-0.0327751
-0.0321508
-0.0315393
-0.0309402
-0.0303533
)
;

boundaryField
{
    inlet
    {
        type            zeroGradient;
    }
    outlet
    {
        type            fixedValue;
        value           nonuniform 0();
    }
    cylinder
    {
        type            zeroGradient;
    }
    top
    {
        type            symmetryPlane;
    }
    bottom
    {
        type            symmetryPlane;
    }
    defaultFaces
    {
        type            empty;
    }
    procBoundary39to38
    {
        type            processor;
        value           nonuniform List<scalar> 
188
(
-0.0334126
-0.0334222
-0.0334412
-0.0334698
-0.0335078
-0.0335554
-0.0336124
-0.0336789
-0.0337548
-0.0338401
-0.0339348
-0.0340387
-0.0334989
-0.0334989
-0.0336188
-0.0337476
-0.0338852
-0.0340317
-0.0341869
-0.0343507
-0.033862
-0.033862
-0.0340389
-0.034224
-0.0344171
-0.0346181
-0.0341592
-0.0341592
-0.0343707
-0.0345866
-0.034813
-0.0344047
-0.0344047
-0.034663
-0.0346963
-0.035002
-0.0352634
-0.0355294
-0.0358098
-0.0360997
-0.0363981
-0.0367041
-0.0370163
-0.0373333
-0.0376537
-0.0379759
-0.0382984
-0.0386197
-0.0389383
-0.039253
-0.0395623
-0.039865
-0.0401603
-0.040447
-0.0407244
-0.040992
-0.041249
-0.0414951
-0.0417302
-0.0419538
-0.0421661
-0.042367
-0.0425566
-0.0427352
-0.0429028
-0.0430598
-0.0432066
-0.0433434
-0.0434707
-0.0435888
-0.0436982
-0.0437992
-0.0438924
-0.0439781
-0.0440567
-0.0441286
-0.0441943
-0.0442541
-0.0443084
-0.0443576
-0.0444019
-0.0444416
-0.0444772
-0.0445088
-0.0445368
-0.0445613
-0.0445825
-0.0446007
-0.0446159
-0.0446284
-0.0446383
-0.0446456
-0.0446504
-0.0446528
-0.0346962
-0.0350019
-0.0352633
-0.0355293
-0.0358097
-0.0360996
-0.036398
-0.036704
-0.0370162
-0.0373332
-0.0376536
-0.0379758
-0.0382983
-0.0386196
-0.0389383
-0.0392529
-0.0395622
-0.039865
-0.0401602
-0.0404469
-0.0407244
-0.0409919
-0.0412489
-0.0414951
-0.0417301
-0.0419538
-0.0421661
-0.042367
-0.0425566
-0.0427351
-0.0429028
-0.0430598
-0.0432066
-0.0433434
-0.0434707
-0.0435888
-0.0436982
-0.0437992
-0.0438924
-0.0439781
-0.0440567
-0.0441286
-0.0441943
-0.0442541
-0.0443084
-0.0443575
-0.0444018
-0.0444416
-0.0444772
-0.0445088
-0.0445368
-0.0445613
-0.0445825
-0.0446007
-0.0446159
-0.0446284
-0.0446383
-0.0446456
-0.0446504
-0.0446528
-0.0346629
-0.0346629
-0.0350781
-0.0348129
-0.0345865
-0.0343706
-0.0341592
-0.0341592
-0.034618
-0.034417
-0.0342239
-0.0340389
-0.0338619
-0.0338619
-0.0343507
-0.0341868
-0.0340316
-0.0338852
-0.0337475
-0.0336187
-0.0336187
-0.0341519
-0.0340387
-0.0339347
-0.0338401
-0.0337548
-0.0336789
-0.0336124
-0.0335554
-0.0335078
-0.0334698
-0.0334412
-0.0334222
-0.0334126
)
;
    }
    procBoundary39to40
    {
        type            processor;
        value           nonuniform List<scalar> 
188
(
-0.0297782
-0.0297866
-0.0298034
-0.0298286
-0.0298621
-0.029904
-0.029904
-0.0293871
-0.0294444
-0.0295099
-0.0295835
-0.0296651
-0.0297548
-0.0298524
-0.029958
-0.0300715
-0.0301927
-0.0301927
-0.0297465
-0.0298803
-0.0300216
-0.0301702
-0.030326
-0.030489
-0.030489
-0.0300762
-0.0302495
-0.0304296
-0.0306158
-0.0306158
-0.0302196
-0.0304148
-0.0306428
-0.0308693
-0.0309023
-0.0311915
-0.0314425
-0.0316989
-0.0319697
-0.032251
-0.0325415
-0.0328406
-0.0331471
-0.0334596
-0.0337769
-0.0340976
-0.0344202
-0.0347433
-0.0350655
-0.0353856
-0.0357022
-0.0360141
-0.0363203
-0.0366198
-0.0369117
-0.0371953
-0.03747
-0.0377351
-0.0379905
-0.0382356
-0.0384704
-0.0386947
-0.0389084
-0.0391117
-0.0393046
-0.0394872
-0.0396597
-0.0398224
-0.0399756
-0.0401194
-0.0402543
-0.0403804
-0.0404982
-0.040608
-0.0407101
-0.0408049
-0.0408925
-0.0409735
-0.041048
-0.0411164
-0.0411788
-0.0412357
-0.0412873
-0.0413337
-0.0413752
-0.041412
-0.0414442
-0.0414721
-0.0414957
-0.0415152
-0.0415306
-0.0415422
-0.0415498
-0.0415537
-0.0309022
-0.0311914
-0.0314424
-0.0316988
-0.0319696
-0.0322509
-0.0325415
-0.0328406
-0.033147
-0.0334595
-0.0337768
-0.0340975
-0.0344201
-0.0347432
-0.0350655
-0.0353855
-0.0357021
-0.0360141
-0.0363203
-0.0366198
-0.0369117
-0.0371953
-0.0374699
-0.0377351
-0.0379904
-0.0382356
-0.0384704
-0.0386947
-0.0389084
-0.0391117
-0.0393046
-0.0394872
-0.0396597
-0.0398224
-0.0399756
-0.0401194
-0.0402542
-0.0403804
-0.0404982
-0.040608
-0.0407101
-0.0408049
-0.0408925
-0.0409735
-0.041048
-0.0411164
-0.0411788
-0.0412357
-0.0412873
-0.0413337
-0.0413752
-0.041412
-0.0414442
-0.0414721
-0.0414957
-0.0415152
-0.0415306
-0.0415422
-0.0415498
-0.0415537
-0.0308692
-0.0306427
-0.0304147
-0.0302195
-0.0306157
-0.0306157
-0.0304295
-0.0302494
-0.0300762
-0.0304889
-0.0304889
-0.030326
-0.0301701
-0.0300215
-0.0298803
-0.0297464
-0.0301927
-0.0301927
-0.0300714
-0.029958
-0.0298524
-0.0297547
-0.0296651
-0.0295834
-0.0295099
-0.0294444
-0.029387
-0.029904
-0.029904
-0.0298621
-0.0298286
-0.0298034
-0.0297866
-0.0297782
)
;
    }
}


// ************************************************************************* //
