/*--------------------------------*- C++ -*----------------------------------*\
  =========                 |
  \\      /  F ield         | OpenFOAM: The Open Source CFD Toolbox
   \\    /   O peration     | Website:  https://openfoam.org
    \\  /    A nd           | Version:  7
     \\/     M anipulation  |
\*---------------------------------------------------------------------------*/
FoamFile
{
    version     2.0;
    format      ascii;
    class       labelList;
    location    "constant/polyMesh";
    object      cellProcAddressing;
}
// * * * * * * * * * * * * * * * * * * * * * * * * * * * * * * * * * * * * * //


392
(
4612
4613
4614
4732
4733
4734
4852
4853
4854
4972
4973
4974
5092
5093
5094
5212
5213
5214
5332
5333
5334
5452
5453
5454
5572
5573
5574
5692
5693
5694
5695
5813
5814
5815
5933
5934
5935
6053
6054
6055
6173
6174
6175
6293
6294
6295
6413
6414
6415
6416
6534
6535
6536
6654
6655
6656
6774
6775
6776
6894
6895
6896
7015
7016
7017
7135
7136
7137
7255
7256
7257
7375
7376
7377
7496
7497
7498
7616
7617
7618
7736
7737
7738
7856
7857
7858
7976
7977
7978
8096
8097
8098
8216
8217
8218
8336
8337
8338
8456
8457
8458
8576
8577
8578
8696
8697
8698
8816
8817
8818
8936
8937
8938
9056
9057
9058
9176
9177
9178
9296
9297
9298
9416
9417
9418
9536
9537
9538
9656
9657
9658
9776
9777
9778
9896
9897
9898
10016
10017
10018
10136
10137
10138
10256
10257
10258
10376
10377
10378
10496
10497
10498
10616
10617
10618
10736
10737
10738
10856
10857
10858
10976
10977
10978
11096
11097
11098
11216
11217
11218
11336
11337
11338
11456
11457
11458
11576
11577
11578
11696
11697
11698
11816
11817
11818
11936
11937
11938
12056
12057
12058
12176
12177
12178
17700
17701
17702
17703
17704
17705
17706
17707
17708
17709
17710
17711
17712
17713
17714
17715
17716
17717
17718
17719
17720
17721
17722
17723
17724
17725
17726
17727
17728
17729
17730
17731
17732
17733
17734
17735
17736
17737
17738
17739
17740
17741
17742
17743
17744
17745
17746
17747
17748
17749
17750
17751
17752
17753
17754
17755
17756
17757
17758
17759
17760
17761
17762
17763
17764
17765
17766
17767
17768
17769
17770
17771
17772
17773
17774
17775
17776
17777
17778
17779
17780
17781
17782
17783
17784
17785
17786
17787
17788
17789
17790
17791
17792
17793
17794
17795
17796
17797
17798
17799
17800
17801
17802
17803
17804
17805
17806
17807
17808
17809
17810
17811
17812
17813
17814
17815
17816
17817
17818
17819
17820
17821
17822
17823
22215
22216
22217
22335
22336
22337
22455
22456
22457
22575
22576
22577
22694
22695
22696
22814
22815
22816
22934
22935
22936
23054
23055
23056
23173
23174
23175
23176
23293
23294
23295
23413
23414
23415
23533
23534
23535
23653
23654
23655
23773
23774
23775
23892
23893
23894
23895
24012
24013
24014
24132
24133
24134
24252
24253
24254
24372
24373
24374
24492
24493
24494
24612
24613
24614
24732
24733
24734
24852
24853
24854
24972
24973
24974
)


// ************************************************************************* //
