/*--------------------------------*- C++ -*----------------------------------*\
  =========                 |
  \\      /  F ield         | OpenFOAM: The Open Source CFD Toolbox
   \\    /   O peration     | Website:  https://openfoam.org
    \\  /    A nd           | Version:  7
     \\/     M anipulation  |
\*---------------------------------------------------------------------------*/
FoamFile
{
    version     2.0;
    format      ascii;
    class       labelList;
    location    "constant/polyMesh";
    object      cellProcAddressing;
}
// * * * * * * * * * * * * * * * * * * * * * * * * * * * * * * * * * * * * * //


928
(
7223
7224
7225
7226
7227
7228
7463
7464
7465
7466
7467
7468
7703
7704
7705
7706
7707
7708
7944
7945
7946
7947
7948
8184
8185
8186
8187
8188
8424
8425
8426
8427
8428
8664
8665
8666
8667
8668
8904
8905
8906
8907
8908
9144
9145
9146
9147
9148
9384
9385
9386
9387
9388
9624
9625
9626
9627
9628
9629
9864
9865
9866
9867
9868
9869
10105
10106
10107
10108
10109
10345
10346
10347
10348
10349
10585
10586
10587
10588
10589
10825
10826
10827
10828
10829
10830
11066
11067
11068
11069
11070
11306
11307
11308
11309
11310
11546
11547
11548
11549
11550
11786
11787
11788
11789
11790
11791
12027
12028
12029
12030
12031
12267
12268
12269
12270
12271
12507
12508
12509
12510
12511
12512
12748
12749
12750
12751
12752
12988
12989
12990
12991
12992
13228
13229
13230
13231
13232
13233
13469
13470
13471
13472
13473
13709
13710
13711
13712
13713
13950
13951
13952
13953
13954
14190
14191
14192
14193
14194
14430
14431
14432
14433
14434
14670
14671
14672
14673
14674
14910
14911
14912
14913
14914
15150
15151
15152
15153
15154
15390
15391
15392
15393
15394
15630
15631
15632
15633
15634
15870
15871
15872
15873
15874
16110
16111
16112
16113
16114
16350
16351
16352
16353
16354
16590
16591
16592
16593
16594
16830
16831
16832
16833
16834
17070
17071
17072
17073
17074
17310
17311
17312
17313
17314
17550
17551
17552
17553
17554
17790
17791
17792
17793
17794
18030
18031
18032
18033
18034
18270
18271
18272
18273
18274
18510
18511
18512
18513
18514
18750
18751
18752
18753
18754
18990
18991
18992
18993
18994
19230
19231
19232
19233
19234
19470
19471
19472
19473
19474
19710
19711
19712
19713
19714
19950
19951
19952
19953
19954
20190
20191
20192
20193
20194
20430
20431
20432
20433
20434
20670
20671
20672
20673
20674
20910
20911
20912
20913
20914
21150
21151
21152
21153
21154
21390
21391
21392
21393
21394
21630
21631
21632
21633
21634
21870
21871
21872
21873
21874
22110
22111
22112
22113
22114
22350
22351
22352
22353
22354
22590
22591
22592
22593
22594
22830
22831
22832
22833
22834
23070
23071
23072
23073
23074
23310
23311
23312
23313
23314
23550
23551
23552
23553
23554
23790
23791
23792
23793
23794
24030
24031
24032
24033
24034
24270
24271
24272
24273
24274
24510
24511
24512
24513
24514
24750
24751
24752
24753
24754
24990
24991
24992
24993
24994
25230
25231
25232
25233
25234
25470
25471
25472
25473
25474
25710
25711
25712
25713
25714
25950
25951
25952
25953
25954
26190
26191
26192
26193
26194
26430
26431
26432
26433
26434
26435
26670
26671
26672
26673
26674
26675
26910
26911
26912
26913
26914
26915
27150
27151
27152
27153
27154
27155
27390
27391
27392
27393
27394
27395
27630
27631
27632
27633
27634
27635
27870
27871
27872
27873
27874
27875
28110
28111
28112
28113
28114
28115
28350
28351
28352
28353
28354
28355
28590
28591
28592
28593
28594
28595
39600
39601
39602
39603
39604
39605
39606
39607
39608
39609
39610
39611
39612
39613
39614
39615
39616
39617
39618
39619
39620
39621
39622
39623
39624
39625
39626
39627
39628
39629
39630
39631
39632
39633
39634
39635
39636
39637
39638
39639
39640
39641
39642
39643
39644
39645
39646
39647
39648
39649
39650
39651
39652
39653
39654
39655
39656
39657
39658
39659
39660
39661
39662
39663
39664
39665
39666
39667
39668
39669
39670
39671
39672
39673
39674
39675
39676
39677
39678
39679
39680
39681
39682
39683
39684
39685
39686
39687
39688
39689
39690
39691
39692
39693
39694
39695
39696
39697
39698
39699
39700
39701
39702
39703
39704
39705
39706
39707
39708
39709
39710
39711
39712
39713
39714
39715
39716
39717
39718
39719
39720
39721
39722
39723
39724
39725
39726
39727
39728
39729
39730
39731
39732
39733
39734
39735
39736
39737
39738
39739
39740
39741
39742
39743
39744
39745
39746
39747
39748
39749
39750
39751
39752
39753
39754
39755
39756
39757
39758
39759
39760
39761
39762
39763
39764
39765
39766
39767
39768
39769
39770
39771
39772
39773
39774
39775
39776
39777
39778
39779
39780
39781
39782
39783
39784
39785
39786
39787
39788
39789
39790
39791
39792
39793
39794
39795
39796
39797
39798
39799
39800
39801
39802
39803
39804
39805
39806
39807
39808
39809
39810
39811
39812
39813
39814
39815
39816
39817
39818
39819
39820
39821
39822
39823
39824
39825
39826
39827
39828
39829
39830
39831
39832
39833
39834
39835
39836
39837
39838
39839
39840
39841
39842
39843
39844
39845
39846
39847
39848
39849
39850
39851
39852
39853
39854
39855
39856
39857
39858
39859
39860
39861
39862
39863
39864
39865
39866
39867
39868
39869
39870
39871
39872
39873
39874
39875
39876
39877
39878
39879
39880
39881
39882
39883
39884
39885
39886
39887
39888
39889
39890
39891
39892
39893
39894
39895
39896
39897
39898
39899
52230
52231
52232
52233
52234
52470
52471
52472
52473
52474
52709
52710
52711
52712
52713
52949
52950
52951
52952
52953
53188
53189
53190
53191
53192
53193
53428
53429
53430
53431
53432
53668
53669
53670
53671
53672
53907
53908
53909
53910
53911
53912
54147
54148
54149
54150
54151
54387
54388
54389
54390
54391
54626
54627
54628
54629
54630
54631
54866
54867
54868
54869
54870
55106
55107
55108
55109
55110
55346
55347
55348
55349
55350
55585
55586
55587
55588
55589
55590
55825
55826
55827
55828
55829
56065
56066
56067
56068
56069
56305
56306
56307
56308
56309
56544
56545
56546
56547
56548
56549
56784
56785
56786
56787
56788
56789
57024
57025
57026
57027
57028
57264
57265
57266
57267
57268
57504
57505
57506
57507
57508
57744
57745
57746
57747
57748
57984
57985
57986
57987
57988
58224
58225
58226
58227
58228
58464
58465
58466
58467
58468
58703
58704
58705
58706
58707
58708
58943
58944
58945
58946
58947
58948
59183
59184
59185
59186
59187
59188
)


// ************************************************************************* //
