/*--------------------------------*- C++ -*----------------------------------*\
  =========                 |
  \\      /  F ield         | OpenFOAM: The Open Source CFD Toolbox
   \\    /   O peration     | Website:  https://openfoam.org
    \\  /    A nd           | Version:  7
     \\/     M anipulation  |
\*---------------------------------------------------------------------------*/
FoamFile
{
    version     2.0;
    format      ascii;
    class       surfaceScalarField;
    location    "30";
    object      phi;
}
// * * * * * * * * * * * * * * * * * * * * * * * * * * * * * * * * * * * * * //

dimensions      [0 3 -1 0 0 0 0];

internalField   nonuniform List<scalar> 
266
(
0.00059422
-0.00458963
0.0005787
-0.00471607
0.000561717
-0.00485056
0.000543391
-0.00499343
0.000523804
-0.00514448
0.000502969
-0.00530278
0.000480834
0.000542438
-0.00388566
0.000542765
-0.00401638
0.000535046
-0.00412866
0.000522108
-0.00423443
0.000505702
-0.00434079
0.000486786
-0.00445154
0.000465836
-0.00456868
0.000443082
0.000418643
0.000392586
0.000364953
0.000348714
-0.00285038
0.000406382
-0.00324134
0.000442454
-0.00352884
0.000459257
-0.00373552
0.000461076
-0.00388748
0.000452347
-0.00400765
0.000436637
-0.00411295
0.00041636
0.000392924
0.00036705
2.77293e-05
-0.000389176
9.10733e-05
-0.00112622
0.000170988
-0.00181899
0.000249771
-0.00242473
0.000314562
-0.00291517
0.000358994
-0.00328578
0.000382458
-0.0035523
0.000387997
-0.00374106
0.000380053
0.000362834
2.67485e-05
-0.000415924
8.60277e-05
-0.00118549
0.000158261
-0.00189122
0.000226294
-0.00249277
0.000278598
-0.00296747
0.000310282
0.000321843
2.54784e-05
-0.000441403
8.01258e-05
-0.00124014
0.000144168
-0.00195526
0.000201263
2.39377e-05
7.34625e-05
2.39467e-05
0.000441694
7.34648e-05
0.00124081
0.00195609
2.54928e-05
0.000416201
8.01478e-05
0.00118616
0.000144165
0.00189208
0.000201197
0.00249361
0.00296816
2.67677e-05
0.000389433
8.6068e-05
0.00112686
0.000158296
0.00181985
0.000226286
0.00242562
0.000278513
0.00291593
0.000310102
0.00328635
0.000321565
0.00355268
0.00374131
2.77525e-05
9.11301e-05
0.000171059
0.000249819
0.000314553
0.0028512
0.000358905
0.003242
0.000382283
0.00352931
0.000387744
0.00373585
0.000379734
0.00388774
0.000362464
0.00400794
0.00411333
0.000348779
0.000406385
0.000442385
0.000459119
0.000460883
0.000452114
0.00401671
0.00043638
0.00412907
0.00041609
0.00423497
0.000392651
0.0043415
0.000366782
0.00445246
0.00456983
0.00054267
0.000534938
0.000522002
0.00050561
0.000486719
0.000465804
0.000443097
0.00471743
0.00041872
0.00485218
0.000392743
0.00499532
0.000365212
0.00514667
0.00530525
0.000578945
0.000562044
0.000543818
0.000524352
0.00050366
0.000481694
0.000351997
0.000257945
0.000184276
0.000131967
8.79149e-05
5.72763e-05
3.30598e-05
1.27825e-05
-2.7267e-06
-9.91551e-06
-0.020153
-1.42606e-05
-0.0200932
-1.83627e-05
-0.020023
-2.09512e-05
-0.0199629
-2.26866e-05
-0.0199174
-2.17717e-05
-0.0198847
-1.81209e-05
-0.0198686
-1.55177e-05
-0.019806
-1.3078e-05
-0.0197847
-1.01264e-05
-0.0197553
-3.22164e-06
-0.0197822
-0.0197338
-0.000104307
-9.975e-05
-9.47113e-05
-8.8931e-05
-8.20873e-05
-7.26364e-05
-6.02093e-05
-4.90252e-05
-3.83239e-05
-2.68534e-05
-1.16149e-05
-4.41936e-05
0.0204198
-6.43656e-05
0.0203511
-8.20519e-05
0.020267
-9.34253e-05
0.0202008
-9.8701e-05
0.0201673
-0.000103924
0.0200604
-0.000103939
0.0200467
-0.000103268
0.0199655
-9.89421e-05
0.0199483
-9.0349e-05
0.0199204
-7.93514e-05
0.0198917
-6.79961e-05
0.0198516
-5.74279e-05
0.0198086
-4.49034e-05
0.0198007
-2.91261e-05
0.0198112
-1.35678e-05
0.0197926
0.0197645
0.000353686
0.000260841
0.000188348
0.000136768
9.53917e-05
6.52068e-05
3.8202e-05
1.78494e-05
3.66482e-06
-1.05019e-05
-1.85402e-05
-2.62183e-05
-3.0413e-05
-3.03337e-05
-2.83148e-05
-2.55468e-05
-2.33595e-05
-1.92549e-05
-1.2181e-05
-5.27511e-06
)
;

boundaryField
{
    inlet
    {
        type            calculated;
        value           nonuniform 0();
    }
    outlet
    {
        type            calculated;
        value           nonuniform 0();
    }
    cylinder
    {
        type            calculated;
        value           uniform 0;
    }
    top
    {
        type            symmetryPlane;
        value           uniform 0;
    }
    bottom
    {
        type            symmetryPlane;
        value           uniform 0;
    }
    defaultFaces
    {
        type            empty;
        value           nonuniform 0();
    }
    procBoundary15to14
    {
        type            processor;
        value           nonuniform List<scalar> 
98
(
-0.00546658
-0.00469331
-0.00482612
-0.00496737
-0.00511685
0.000335793
-0.00527362
-0.00421416
-0.00431735
-0.00442567
0.000339067
-0.0045407
-0.00387953
-0.00399043
0.000339522
-0.00408964
-0.00331746
-0.00356386
0.000316855
-0.00373607
-0.00254986
0.000241295
-0.0030075
-0.00046534
-0.00128967
0.000128927
-0.00201073
-0.00046564
-0.00129033
-0.00201151
0.000128886
-0.00255064
-0.0030081
0.000241134
-0.00331794
-0.00356415
-0.00373623
0.000316487
-0.00387973
-0.00399067
-0.00408998
0.000339113
-0.00421468
-0.00431806
-0.00442659
-0.00454186
0.000338813
-0.00469472
-0.0048278
-0.00496935
-0.00511914
-0.00527621
0.000336177
-0.00546933
-0.0208613
-0.0205788
-0.0205545
-0.0204723
-0.0203969
-0.0203604
-0.0202971
-0.0202244
-0.0201736
0.000105366
-0.0201541
-0.0200978
-0.020028
-0.0199687
-0.0199242
-0.0198942
-0.019881
-0.0198172
-0.0197954
-0.0197668
-0.0197975
-0.0197455
-0.0203873
-0.0203309
-0.0202493
-0.0201895
-0.020162
-0.0200552
-0.0200467
-0.0199661
-0.0199526
-0.019929
-0.0199027
-0.019863
-0.0198192
-0.0198132
-0.019827
-0.0198081
-0.019778
-0.0208732
-0.0205927
-0.0205748
1.17022e-05
-0.0204726
)
;
    }
    procBoundary15to16
    {
        type            processor;
        value           nonuniform List<scalar> 
90
(
0.00460349
0.00473159
0.00486755
0.00501175
0.00516407
0.00532361
0.00548872
0.00387334
0.00401606
0.00413638
0.00424737
0.00435719
-0.000608084
0.00447046
0.00277299
0.00318368
0.00349277
-0.000530125
0.00371872
0.000361447
0.00106287
0.00173907
-0.000271332
0.00234595
0.00036168
0.00106348
0.00173992
0.00234686
-0.000271434
0.00277385
0.00318439
0.00349331
0.00371912
0.00388598
-0.000542372
0.00401641
0.0041368
0.00424791
0.00435789
0.00447135
0.00459074
-0.000594398
0.00473288
0.00486908
0.00501355
0.00516613
0.00532594
0.0054913
0.0209901
0.0206729
0.0206282
0.0205246
0.0204409
0.020391
0.0203213
0.0202447
0.0201891
0.0201602
0.0200976
0.0200271
0.0199655
0.0199191
0.0198838
0.0198649
0.0198034
0.0197822
0.0197524
0.0197753
0.0197306
0.0210012
0.0206855
0.0206473
0.0205242
0.0204612
0.0203813
0.020294
0.0202212
0.0201815
0.0200745
0.0200547
0.0199732
0.0199525
0.0199203
0.0198897
0.0198488
0.0198064
0.0197965
0.0198041
0.0197857
0.0197592
)
;
    }
}


// ************************************************************************* //
