/*--------------------------------*- C++ -*----------------------------------*\
  =========                 |
  \\      /  F ield         | OpenFOAM: The Open Source CFD Toolbox
   \\    /   O peration     | Website:  https://openfoam.org
    \\  /    A nd           | Version:  7
     \\/     M anipulation  |
\*---------------------------------------------------------------------------*/
FoamFile
{
    version     2.0;
    format      ascii;
    class       volScalarField;
    location    "25";
    object      p;
}
// * * * * * * * * * * * * * * * * * * * * * * * * * * * * * * * * * * * * * //

dimensions      [0 2 -2 0 0 0 0];

internalField   nonuniform List<scalar> 
928
(
-0.00356951
-0.00341804
-0.00326816
-0.00311979
-0.00297282
-0.00357093
-0.00341943
-0.00326953
-0.00312112
-0.00297413
-0.00357375
-0.0034222
-0.00327224
-0.00312379
-0.00297675
-0.00357799
-0.00342635
-0.00327631
-0.00312778
-0.00298067
-0.00358364
-0.00343188
-0.00328174
-0.0031331
-0.0029859
-0.00359069
-0.00343879
-0.00328851
-0.00313974
-0.00299242
-0.00359914
-0.00344707
-0.00329663
-0.0031477
-0.00300024
-0.00360898
-0.00345672
-0.00330609
-0.00315697
-0.00300934
-0.00286303
-0.00362022
-0.00346774
-0.00331689
-0.00316756
-0.00301972
-0.00287324
-0.00363284
-0.0034801
-0.00332901
-0.00317945
-0.00303138
-0.00288469
-0.00364684
-0.00349382
-0.00334246
-0.00319264
-0.00304431
-0.0028974
-0.00366222
-0.00350888
-0.00335722
-0.00320712
-0.00305852
-0.00291134
-0.00367895
-0.00352528
-0.00337329
-0.00322288
-0.00307398
-0.00292652
-0.00354301
-0.00339066
-0.00323992
-0.0030907
-0.00294293
-0.00356206
-0.00340933
-0.00325822
-0.00310866
-0.00296055
-0.00358241
-0.00342927
-0.00327778
-0.00312785
-0.00297938
-0.00360405
-0.00345049
-0.00329859
-0.00314826
-0.00299941
-0.00362698
-0.00347296
-0.00332063
-0.00316988
-0.00302063
-0.00365116
-0.00349668
-0.00334389
-0.00319271
-0.00304303
-0.00367661
-0.00352163
-0.00336836
-0.00321672
-0.00306659
-0.00370329
-0.00354779
-0.00339403
-0.0032419
-0.00309131
-0.0037312
-0.00357517
-0.00342088
-0.00326824
-0.00311716
-0.00376032
-0.00360373
-0.0034489
-0.00329573
-0.00314414
-0.00379064
-0.00363347
-0.00347807
-0.00332436
-0.00317223
-0.00382215
-0.00366437
-0.00350839
-0.0033541
-0.00320142
-0.00385476
-0.00369636
-0.00353977
-0.00338489
-0.00323164
-0.0038884
-0.00372937
-0.00357216
-0.00341668
-0.00326284
-0.00392368
-0.00376397
-0.0036061
-0.00344998
-0.00329553
-0.00396181
-0.00380133
-0.0036427
-0.00348585
-0.00333069
-0.00399749
-0.00383631
-0.00367699
-0.00351946
-0.00336366
-0.00403039
-0.0038692
-0.00370984
-0.00355228
-0.00339646
-0.00411269
-0.00395022
-0.0037896
-0.00363081
-0.00347381
-0.00419398
-0.00403035
-0.00386861
-0.00370871
-0.00355064
-0.00427877
-0.00411394
-0.00395102
-0.00378997
-0.00363079
-0.00436838
-0.00420224
-0.00403803
-0.00387573
-0.00371532
-0.0044622
-0.00429466
-0.00412907
-0.00396543
-0.0038037
-0.00456
-0.00439096
-0.0042239
-0.00405882
-0.00389569
-0.00466156
-0.00449093
-0.00432231
-0.0041557
-0.00399106
-0.00476661
-0.0045943
-0.00442403
-0.00425579
-0.00408955
-0.00487487
-0.00470079
-0.00452878
-0.00435882
-0.00419089
-0.00498602
-0.00481009
-0.00463624
-0.00446447
-0.00429475
-0.00509974
-0.00492186
-0.00474609
-0.00457243
-0.00440084
-0.00521568
-0.00503578
-0.00485801
-0.00468236
-0.0045088
-0.00533349
-0.00515149
-0.00497164
-0.00479392
-0.00461832
-0.00545281
-0.00526864
-0.00508663
-0.00490677
-0.00472904
-0.00557326
-0.00538686
-0.00520263
-0.00502056
-0.00484063
-0.0056945
-0.00550581
-0.00531929
-0.00513495
-0.00495275
-0.00581617
-0.00562512
-0.00543627
-0.00524959
-0.00506507
-0.0059379
-0.00574447
-0.00555322
-0.00536416
-0.00517726
-0.00605938
-0.00586351
-0.00566983
-0.00547835
-0.00528902
-0.00618026
-0.00598192
-0.00578579
-0.00559184
-0.00540005
-0.00630023
-0.00609942
-0.0059008
-0.00570436
-0.00551007
-0.00641902
-0.0062157
-0.00601458
-0.00581562
-0.00561882
-0.00653633
-0.00633051
-0.00612687
-0.00592539
-0.00572606
-0.00665192
-0.00644359
-0.00623743
-0.00603343
-0.00583156
-0.00676555
-0.00655472
-0.00634605
-0.00613952
-0.00593511
-0.00687701
-0.00666369
-0.00645252
-0.00624348
-0.00603654
-0.00698609
-0.00677031
-0.00655666
-0.00634512
-0.00613567
-0.00709263
-0.00687441
-0.00665831
-0.00644429
-0.00623235
-0.00719647
-0.00697584
-0.00675731
-0.00654086
-0.00632646
-0.00729747
-0.00707447
-0.00685356
-0.0066347
-0.00641788
-0.0073955
-0.00717018
-0.00694693
-0.00672571
-0.00650651
-0.00749046
-0.00726287
-0.00703733
-0.0068138
-0.00659226
-0.00758226
-0.00735245
-0.00712468
-0.0068989
-0.00667508
-0.00767083
-0.00743887
-0.00720891
-0.00698093
-0.00675489
-0.00775611
-0.00752204
-0.00728997
-0.00705985
-0.00683165
-0.00783803
-0.00760193
-0.00736781
-0.00713562
-0.00690533
-0.00791656
-0.0076785
-0.0074424
-0.00720821
-0.00697589
-0.00799166
-0.00775172
-0.00751371
-0.00727759
-0.00704332
-0.00806332
-0.00782156
-0.00758172
-0.00734374
-0.00710761
-0.00813151
-0.00788802
-0.00764642
-0.00740667
-0.00716874
-0.00819623
-0.00795108
-0.00770781
-0.00746636
-0.00722671
-0.00698883
-0.00825747
-0.00801074
-0.00776587
-0.00752282
-0.00728154
-0.00704201
-0.00831522
-0.008067
-0.00782063
-0.00757604
-0.00733322
-0.00709212
-0.0083695
-0.00811987
-0.00787207
-0.00762604
-0.00738176
-0.00713918
-0.00842031
-0.00816935
-0.00792021
-0.00767283
-0.00742717
-0.0071832
-0.00846766
-0.00821546
-0.00796506
-0.00771641
-0.00746947
-0.0072242
-0.00851155
-0.0082582
-0.00800663
-0.0077568
-0.00750866
-0.00726219
-0.00855201
-0.00829758
-0.00804494
-0.00779402
-0.00754477
-0.00729718
-0.00858903
-0.00833363
-0.00808
-0.00782807
-0.00757781
-0.00732919
-0.00862264
-0.00836635
-0.00811181
-0.00785897
-0.00760779
-0.00735824
-0.00865284
-0.00839575
-0.0081404
-0.00788674
-0.00763473
-0.00738434
-0.00867966
-0.00842185
-0.00816578
-0.00791139
-0.00765864
-0.0074075
-0.00870309
-0.00844466
-0.00818796
-0.00793293
-0.00767953
-0.00742773
-0.00872316
-0.00846419
-0.00820695
-0.00795137
-0.00769741
-0.00744505
-0.00873987
-0.00848045
-0.00822276
-0.00796672
-0.0077123
-0.00745947
-0.00875322
-0.00849345
-0.00823539
-0.00797899
-0.0077242
-0.007471
-0.00850319
-0.00824486
-0.00798818
-0.00773312
-0.00747963
-0.00850968
-0.00825117
-0.00799432
-0.00773907
-0.00748539
-0.00851292
-0.00825431
-0.00799737
-0.00774204
-0.00748826
-0.00403019
-0.00411248
-0.00419377
-0.00427856
-0.00436817
-0.00446199
-0.00455978
-0.00466134
-0.00476639
-0.00487465
-0.00498581
-0.00509953
-0.00521547
-0.00533329
-0.00545261
-0.00557307
-0.00569431
-0.00581598
-0.00593772
-0.0060592
-0.00618008
-0.00630006
-0.00641885
-0.00653617
-0.00665176
-0.0067654
-0.00687686
-0.00698595
-0.00709249
-0.00719633
-0.00729733
-0.00739536
-0.00749033
-0.00758214
-0.00767071
-0.00775598
-0.00783791
-0.00791644
-0.00799154
-0.0080632
-0.0081314
-0.00819612
-0.00825736
-0.00831512
-0.0083694
-0.00842021
-0.00846756
-0.00851145
-0.0085519
-0.00858893
-0.00862254
-0.00865275
-0.00867956
-0.008703
-0.00872307
-0.00873977
-0.00875313
-0.00876314
-0.00876981
-0.00877314
-0.003869
-0.00395002
-0.00403015
-0.00411374
-0.00420203
-0.00429445
-0.00439075
-0.00449072
-0.00459409
-0.00470058
-0.00480988
-0.00492166
-0.00503558
-0.0051513
-0.00526844
-0.00538667
-0.00550562
-0.00562494
-0.00574429
-0.00586333
-0.00598175
-0.00609925
-0.00621554
-0.00633035
-0.00644344
-0.00655457
-0.00666354
-0.00677016
-0.00687427
-0.0069757
-0.00707433
-0.00717005
-0.00726274
-0.00735233
-0.00743874
-0.00752192
-0.00760181
-0.00767838
-0.0077516
-0.00782145
-0.00788791
-0.00795097
-0.00801063
-0.0080669
-0.00811977
-0.00816925
-0.00821536
-0.0082581
-0.00829749
-0.00833353
-0.00836625
-0.00839566
-0.00842176
-0.00844457
-0.0084641
-0.00848036
-0.00849336
-0.0085031
-0.0085096
-0.00851283
-0.00370965
-0.00378941
-0.00386841
-0.00395082
-0.00403783
-0.00412887
-0.0042237
-0.00432211
-0.00442383
-0.00452858
-0.00463604
-0.0047459
-0.00485782
-0.00497145
-0.00508644
-0.00520245
-0.00531911
-0.00543609
-0.00555305
-0.00566967
-0.00578563
-0.00590064
-0.00601442
-0.00612672
-0.00623729
-0.00634591
-0.00645238
-0.00655652
-0.00665817
-0.00675718
-0.00685343
-0.0069468
-0.00703721
-0.00712456
-0.00720879
-0.00728985
-0.0073677
-0.00744229
-0.0075136
-0.00758161
-0.00764631
-0.0077077
-0.00776577
-0.00782052
-0.00787197
-0.00792011
-0.00796496
-0.00800653
-0.00804484
-0.0080799
-0.00811172
-0.00814031
-0.00816569
-0.00818787
-0.00820685
-0.00822266
-0.0082353
-0.00824477
-0.00825108
-0.00825423
-0.0035521
-0.00363063
-0.00370853
-0.00378978
-0.00387554
-0.00396523
-0.00405863
-0.0041555
-0.0042556
-0.00435862
-0.00446428
-0.00457224
-0.00468217
-0.00479374
-0.00490659
-0.00502039
-0.00513478
-0.00524942
-0.005364
-0.00547819
-0.00559168
-0.0057042
-0.00581547
-0.00592525
-0.00603329
-0.00613938
-0.00624334
-0.00634499
-0.00644416
-0.00654074
-0.00663458
-0.00672559
-0.00681368
-0.00689878
-0.00698081
-0.00705974
-0.00713551
-0.0072081
-0.00727748
-0.00734364
-0.00740657
-0.00746626
-0.00752271
-0.00757594
-0.00762594
-0.00767273
-0.00771631
-0.0077567
-0.00779392
-0.00782797
-0.00785888
-0.00788665
-0.0079113
-0.00793283
-0.00795127
-0.00796662
-0.00797889
-0.00798809
-0.00799422
-0.00799728
-0.00339629
-0.00347363
-0.00355046
-0.0036306
-0.00371514
-0.00380352
-0.0038955
-0.00399087
-0.00408937
-0.0041907
-0.00429457
-0.00440066
-0.00450863
-0.00461815
-0.00472887
-0.00484047
-0.00495259
-0.00506491
-0.00517711
-0.00528887
-0.0053999
-0.00550992
-0.00561868
-0.00572592
-0.00583142
-0.00593498
-0.00603641
-0.00613554
-0.00623223
-0.00632634
-0.00641776
-0.00650639
-0.00659215
-0.00667496
-0.00675478
-0.00683154
-0.00690522
-0.00697578
-0.00704322
-0.0071075
-0.00716864
-0.00722661
-0.00728144
-0.00733312
-0.00738166
-0.00742707
-0.00746937
-0.00750857
-0.00754468
-0.00757772
-0.0076077
-0.00763464
-0.00765855
-0.00767944
-0.00769732
-0.00771221
-0.00772411
-0.00773303
-0.00773897
-0.00774194
-0.0039973
-0.00383613
-0.00367681
-0.00351929
-0.0033635
-0.00396162
-0.00380115
-0.00364253
-0.00348568
-0.00333053
-0.0039235
-0.00376379
-0.00360593
-0.00344982
-0.00329538
-0.00388823
-0.0037292
-0.00357199
-0.00341652
-0.00326269
-0.00385458
-0.00369619
-0.00353961
-0.00338474
-0.0032315
-0.00382198
-0.00366421
-0.00350823
-0.00335395
-0.00320128
-0.00379048
-0.00363331
-0.00347792
-0.00332421
-0.00317209
-0.00376016
-0.00360357
-0.00344875
-0.00329559
-0.003144
-0.00373105
-0.00357502
-0.00342074
-0.00326811
-0.00311703
-0.00370314
-0.00354765
-0.0033939
-0.00324177
-0.00309118
-0.00367646
-0.00352149
-0.00336823
-0.00321659
-0.00306647
-0.00365103
-0.00349655
-0.00334377
-0.00319259
-0.00304292
-0.00362684
-0.00347283
-0.00332051
-0.00316977
-0.00302052
-0.00360392
-0.00345037
-0.00329848
-0.00314815
-0.00299931
-0.00358228
-0.00342916
-0.00327768
-0.00312775
-0.00297928
-0.00356193
-0.00340922
-0.00325813
-0.00310856
-0.00296046
-0.00369692
-0.0035429
-0.00339057
-0.00323983
-0.00309061
-0.00294284
-0.00367884
-0.00352518
-0.00337321
-0.0032228
-0.0030739
-0.00292644
-0.00366211
-0.00350879
-0.00335715
-0.00320704
-0.00305844
-0.00291126
-0.00364675
-0.00349374
-0.00334239
-0.00319257
-0.00304425
-0.00289732
-0.00363276
-0.00348003
-0.00332895
-0.00317939
-0.00303132
-0.00288462
-0.00362015
-0.00346767
-0.00331683
-0.00316751
-0.00301967
-0.00287317
-0.00360892
-0.00345667
-0.00330604
-0.00315693
-0.00300929
-0.00359908
-0.00344702
-0.00329658
-0.00314766
-0.00300018
-0.00359064
-0.00343875
-0.00328847
-0.0031397
-0.00299237
-0.0035836
-0.00343185
-0.0032817
-0.00313307
-0.00298586
-0.00357796
-0.00342632
-0.00327629
-0.00312776
-0.00298064
-0.00357373
-0.00342218
-0.00327222
-0.00312377
-0.00297673
-0.00357091
-0.00341941
-0.00326951
-0.00312111
-0.00297412
-0.00356951
-0.00341803
-0.00326816
-0.00311979
-0.00297282
)
;

boundaryField
{
    inlet
    {
        type            zeroGradient;
    }
    outlet
    {
        type            fixedValue;
        value           nonuniform 0();
    }
    cylinder
    {
        type            zeroGradient;
    }
    top
    {
        type            symmetryPlane;
    }
    bottom
    {
        type            symmetryPlane;
    }
    defaultFaces
    {
        type            empty;
    }
    procBoundary57to56
    {
        type            processor;
        value           nonuniform List<scalar> 
183
(
-0.00372256
-0.003724
-0.00372689
-0.00373121
-0.00373697
-0.00374416
-0.00375278
-0.00376283
-0.00377429
-0.00378717
-0.00380145
-0.00381713
-0.0038342
-0.00369705
-0.00369705
-0.00371647
-0.00373723
-0.00375929
-0.00378267
-0.00380733
-0.00383328
-0.00386049
-0.00388895
-0.00391864
-0.00394956
-0.00398168
-0.00401492
-0.00404922
-0.00408518
-0.0041241
-0.0041605
-0.0041934
-0.004277
-0.00435948
-0.00444551
-0.00453646
-0.00463171
-0.00473103
-0.0048342
-0.00494096
-0.00505102
-0.00516405
-0.00527973
-0.00539772
-0.00551764
-0.00563915
-0.00576185
-0.0058854
-0.00600942
-0.00613356
-0.00625746
-0.00638081
-0.00650327
-0.00662455
-0.00674437
-0.00686246
-0.00697858
-0.00709252
-0.00720406
-0.00731302
-0.00741925
-0.0075226
-0.00762293
-0.00772015
-0.00781416
-0.00790487
-0.00799221
-0.00807615
-0.00815662
-0.00823359
-0.00830705
-0.00837696
-0.00844331
-0.00850611
-0.00856535
-0.00862102
-0.00867314
-0.00872171
-0.00876675
-0.00880826
-0.00884625
-0.00888074
-0.00891174
-0.00893926
-0.00896331
-0.00898391
-0.00900106
-0.00901477
-0.00876323
-0.00876323
-0.00876991
-0.00877323
-0.00419319
-0.00427679
-0.00435926
-0.00444529
-0.00453623
-0.00463149
-0.00473081
-0.00483398
-0.00494074
-0.00505079
-0.00516383
-0.00527952
-0.0053975
-0.00551743
-0.00563894
-0.00576165
-0.0058852
-0.00600923
-0.00613337
-0.00625728
-0.00638063
-0.00650309
-0.00662438
-0.0067442
-0.0068623
-0.00697843
-0.00709236
-0.00720391
-0.00731287
-0.00741911
-0.00752245
-0.00762279
-0.00772002
-0.00781402
-0.00790474
-0.00799209
-0.00807602
-0.0081565
-0.00823347
-0.00830693
-0.00837684
-0.0084432
-0.008506
-0.00856524
-0.00862091
-0.00867304
-0.00872161
-0.00876665
-0.00880816
-0.00884615
-0.00888064
-0.00891164
-0.00893916
-0.00896322
-0.00898381
-0.00900096
-0.00901467
-0.00902495
-0.0090318
-0.00903522
-0.0041603
-0.00412391
-0.00408499
-0.00404904
-0.00401475
-0.00398151
-0.00394939
-0.00391848
-0.00388879
-0.00386034
-0.00383313
-0.00380719
-0.00378253
-0.00375917
-0.0037371
-0.00371635
-0.00371635
-0.00385253
-0.00383409
-0.00381703
-0.00380136
-0.00378709
-0.00377422
-0.00376277
-0.00375273
-0.00374412
-0.00373693
-0.00373118
-0.00372687
-0.00372399
-0.00372255
)
;
    }
    procBoundary57to58
    {
        type            processor;
        value           nonuniform List<scalar> 
183
(
-0.00282717
-0.00282846
-0.00283102
-0.00283487
-0.00284
-0.00284641
-0.00285408
-0.00285408
-0.00271808
-0.0027281
-0.00273935
-0.00275182
-0.00276551
-0.00278041
-0.00279652
-0.00281382
-0.0028323
-0.00285197
-0.0028728
-0.00289478
-0.00291791
-0.00294217
-0.00296754
-0.00299403
-0.00302161
-0.00305026
-0.00307993
-0.00311057
-0.00314266
-0.00317714
-0.0032095
-0.00324234
-0.00331855
-0.00339436
-0.00347342
-0.00355677
-0.00364387
-0.00373448
-0.00382837
-0.0039253
-0.00402497
-0.00412707
-0.0042313
-0.00433733
-0.00444482
-0.00455343
-0.00466283
-0.0047727
-0.00488269
-0.00499251
-0.00510184
-0.00521041
-0.00531793
-0.00542415
-0.00552885
-0.0056318
-0.0057328
-0.00583168
-0.00592828
-0.00602246
-0.00611409
-0.00620306
-0.00628929
-0.00637269
-0.0064532
-0.00653077
-0.00660535
-0.00667691
-0.00674543
-0.00681089
-0.00687328
-0.00693259
-0.00693259
-0.00675267
-0.00680418
-0.0068527
-0.00689827
-0.00694089
-0.00698057
-0.00701733
-0.0070512
-0.00708217
-0.00711027
-0.00713552
-0.00715792
-0.00717749
-0.00719424
-0.00720819
-0.00721933
-0.00722769
-0.00723325
-0.00723603
-0.00324217
-0.00331838
-0.00339419
-0.00347325
-0.00355659
-0.00364369
-0.0037343
-0.0038282
-0.00392513
-0.00402479
-0.0041269
-0.00423113
-0.00433716
-0.00444465
-0.00455327
-0.00466267
-0.00477254
-0.00488254
-0.00499236
-0.0051017
-0.00521026
-0.00531779
-0.00542402
-0.00552871
-0.00563167
-0.00573267
-0.00583156
-0.00592816
-0.00602234
-0.00611397
-0.00620295
-0.00628918
-0.00637258
-0.00645309
-0.00653066
-0.00660524
-0.0066768
-0.00674533
-0.00681079
-0.00687318
-0.00693249
-0.00698874
-0.00704191
-0.00709203
-0.00713909
-0.00718312
-0.00722412
-0.0072621
-0.0072971
-0.00732911
-0.00735816
-0.00738426
-0.00740742
-0.00742765
-0.00744497
-0.00745939
-0.00747092
-0.00747955
-0.00748531
-0.00748818
-0.00320935
-0.00317699
-0.00314251
-0.00311043
-0.00307979
-0.00305013
-0.00302147
-0.0029939
-0.00296742
-0.00294205
-0.00291779
-0.00289467
-0.00287269
-0.00285187
-0.00283221
-0.00281373
-0.00279643
-0.00278033
-0.00276544
-0.00275175
-0.00273928
-0.00272803
-0.00286297
-0.00286297
-0.00285403
-0.00284636
-0.00283996
-0.00283485
-0.00283101
-0.00282845
-0.00282717
)
;
    }
}


// ************************************************************************* //
