/*--------------------------------*- C++ -*----------------------------------*\
  =========                 |
  \\      /  F ield         | OpenFOAM: The Open Source CFD Toolbox
   \\    /   O peration     | Website:  https://openfoam.org
    \\  /    A nd           | Version:  7
     \\/     M anipulation  |
\*---------------------------------------------------------------------------*/
FoamFile
{
    version     2.0;
    format      ascii;
    class       volScalarField;
    location    "35";
    object      p;
}
// * * * * * * * * * * * * * * * * * * * * * * * * * * * * * * * * * * * * * //

dimensions      [0 2 -2 0 0 0 0];

internalField   nonuniform List<scalar> 
928
(
-0.00924266
-0.00902615
-0.00881244
-0.00860149
-0.00839322
-0.0092453
-0.00902874
-0.00881498
-0.00860397
-0.00839566
-0.00818999
-0.00925058
-0.00903391
-0.00882005
-0.00860895
-0.00840053
-0.00819476
-0.00925849
-0.00904167
-0.00882766
-0.0086164
-0.00840784
-0.00820193
-0.00926904
-0.00905201
-0.00883779
-0.00862633
-0.00841758
-0.00821147
-0.00928221
-0.00906492
-0.00885045
-0.00863874
-0.00842974
-0.00822339
-0.009298
-0.0090804
-0.00886562
-0.00865361
-0.00844431
-0.00823767
-0.00931639
-0.00909843
-0.0088833
-0.00867094
-0.0084613
-0.00825432
-0.00933738
-0.00911901
-0.00890347
-0.00869071
-0.00848068
-0.00827332
-0.00914212
-0.00892612
-0.00871292
-0.00850244
-0.00829465
-0.00916775
-0.00895125
-0.00873754
-0.00852658
-0.00831831
-0.00919588
-0.00897883
-0.00876458
-0.00855308
-0.00834428
-0.0092265
-0.00900884
-0.008794
-0.00858192
-0.00837255
-0.00925959
-0.00904127
-0.00882579
-0.00861308
-0.0084031
-0.00929512
-0.00907611
-0.00885994
-0.00864655
-0.0084359
-0.00933307
-0.00911331
-0.00889641
-0.0086823
-0.00847094
-0.00937343
-0.00915287
-0.00893519
-0.00872032
-0.0085082
-0.00941615
-0.00919476
-0.00897625
-0.00876056
-0.00854765
-0.00946122
-0.00923894
-0.00901956
-0.00880302
-0.00858927
-0.00950861
-0.00928539
-0.0090651
-0.00884766
-0.00863303
-0.00955827
-0.00933408
-0.00911283
-0.00889445
-0.0086789
-0.00961019
-0.00938498
-0.00916272
-0.00894336
-0.00872684
-0.00851311
-0.00943804
-0.00921474
-0.00899436
-0.00877684
-0.00856212
-0.00949325
-0.00926887
-0.00904743
-0.00882886
-0.00861312
-0.00955059
-0.00932508
-0.00910254
-0.00888288
-0.00866607
-0.00960983
-0.00938317
-0.00915948
-0.00893872
-0.00872081
-0.00967068
-0.00944284
-0.00921799
-0.00899609
-0.00877707
-0.0097346
-0.00950551
-0.00927945
-0.00905635
-0.00883616
-0.00980606
-0.00957553
-0.00934804
-0.00912354
-0.00890198
-0.00987369
-0.00964171
-0.00941282
-0.00918694
-0.00896402
-0.00990665
-0.00967462
-0.00944567
-0.00921973
-0.00899676
-0.00877668
-0.0100416
-0.00980746
-0.0095764
-0.00934838
-0.00912335
-0.00890123
-0.0101694
-0.00993336
-0.00970045
-0.00947061
-0.00924378
-0.00901988
-0.0103021
-0.0100642
-0.0098294
-0.00959769
-0.00936901
-0.00914329
-0.0104434
-0.0102034
-0.00996662
-0.00973292
-0.00950227
-0.00927459
-0.0105919
-0.0103498
-0.0101109
-0.00987511
-0.00964238
-0.00941265
-0.0107474
-0.010503
-0.0102619
-0.0100239
-0.00978902
-0.00955716
-0.0109094
-0.0106628
-0.0104194
-0.0101791
-0.00994197
-0.00970787
-0.0110778
-0.0108288
-0.010583
-0.0103403
-0.0101009
-0.00986444
-0.011252
-0.0110005
-0.0107522
-0.0105072
-0.0102653
-0.0100265
-0.0111775
-0.0109267
-0.0106792
-0.0104348
-0.0101935
-0.0113593
-0.011106
-0.0108559
-0.0106089
-0.0103652
-0.0115454
-0.0112894
-0.0110367
-0.0107872
-0.0105408
-0.0117351
-0.0114765
-0.0112211
-0.010969
-0.01072
-0.0119279
-0.0116666
-0.0114085
-0.0111537
-0.0109021
-0.0121231
-0.0118591
-0.0115984
-0.0113409
-0.0110866
-0.0123203
-0.0120535
-0.0117901
-0.0115299
-0.0112729
-0.0125186
-0.0122492
-0.011983
-0.0117201
-0.0114605
-0.0127176
-0.0124454
-0.0121766
-0.0119111
-0.0116487
-0.0129167
-0.0126418
-0.0123703
-0.0121021
-0.0118371
-0.0131152
-0.0128377
-0.0125635
-0.0122926
-0.012025
-0.0133126
-0.0130325
-0.0127557
-0.0124822
-0.012212
-0.0135085
-0.0132258
-0.0129464
-0.0126704
-0.0123975
-0.0137023
-0.013417
-0.0131352
-0.0128566
-0.0125812
-0.0138935
-0.0136058
-0.0133214
-0.0130404
-0.0127625
-0.0140818
-0.0137917
-0.0135049
-0.0132214
-0.0129411
-0.0142667
-0.0139742
-0.0136851
-0.0133993
-0.0131166
-0.0144479
-0.0141531
-0.0138617
-0.0135736
-0.0132887
-0.014625
-0.0143281
-0.0140345
-0.0137441
-0.013457
-0.0147979
-0.0144988
-0.014203
-0.0139105
-0.0136212
-0.0149661
-0.014665
-0.0143672
-0.0140726
-0.0137811
-0.0151296
-0.0148265
-0.0145266
-0.01423
-0.0139366
-0.015288
-0.014983
-0.0146813
-0.0143827
-0.0140874
-0.0154413
-0.0151345
-0.0148309
-0.0145305
-0.0142332
-0.0155892
-0.0152807
-0.0149753
-0.0146732
-0.0143741
-0.0157317
-0.0154215
-0.0151145
-0.0148106
-0.0145099
-0.0158687
-0.0155569
-0.0152483
-0.0149428
-0.0146404
-0.0160001
-0.0156868
-0.0153766
-0.0150696
-0.0147656
-0.0161258
-0.015811
-0.0154994
-0.0151909
-0.0148855
-0.0162457
-0.0159296
-0.0156166
-0.0153068
-0.0149999
-0.0163599
-0.0160425
-0.0157283
-0.015417
-0.0151089
-0.0164683
-0.0161497
-0.0158342
-0.0155218
-0.0152123
-0.0165709
-0.0162512
-0.0159345
-0.0156209
-0.0153103
-0.0166677
-0.0163469
-0.0160292
-0.0157144
-0.0154027
-0.0167587
-0.0164369
-0.0161181
-0.0158024
-0.0154896
-0.0168438
-0.0165211
-0.0162014
-0.0158847
-0.015571
-0.0169232
-0.0165996
-0.0162791
-0.0159615
-0.0156468
-0.0169968
-0.0166725
-0.0163511
-0.0160327
-0.0157172
-0.0170647
-0.0167396
-0.0164175
-0.0160983
-0.015782
-0.0171268
-0.016801
-0.0164782
-0.0161584
-0.0158414
-0.0171831
-0.0168568
-0.0165334
-0.0162129
-0.0158953
-0.0172338
-0.0169069
-0.016583
-0.0162619
-0.0159438
-0.0172788
-0.0169514
-0.016627
-0.0163055
-0.0159868
-0.0173181
-0.0169903
-0.0166655
-0.0163435
-0.0160244
-0.0173518
-0.0170237
-0.0166984
-0.0163761
-0.0160566
-0.0173798
-0.0170514
-0.0167259
-0.0164033
-0.0160835
-0.0174022
-0.0170736
-0.0167478
-0.0164249
-0.0161049
-0.017419
-0.0170902
-0.0167643
-0.0164412
-0.016121
-0.0174302
-0.0171013
-0.0167752
-0.016452
-0.0161317
-0.0174358
-0.0171068
-0.0167807
-0.0164575
-0.016137
-0.00990662
-0.0100416
-0.0101693
-0.0103021
-0.0104434
-0.0105919
-0.0107473
-0.0109094
-0.0110778
-0.011252
-0.0114315
-0.0116159
-0.0118046
-0.011997
-0.0121925
-0.0123905
-0.0125903
-0.0127914
-0.0129931
-0.0131949
-0.0133961
-0.0135961
-0.0137946
-0.0139909
-0.0141846
-0.0143752
-0.0145625
-0.0147459
-0.0149253
-0.0151002
-0.0152705
-0.0154359
-0.0155963
-0.0157513
-0.015901
-0.0160452
-0.0161837
-0.0163166
-0.0164437
-0.016565
-0.0166804
-0.01679
-0.0168937
-0.0169915
-0.0170835
-0.0171696
-0.0172498
-0.0173242
-0.0173927
-0.0174555
-0.0175124
-0.0175636
-0.0176091
-0.0176488
-0.0176828
-0.0177111
-0.0177338
-0.0177508
-0.0177621
-0.0177677
-0.00967459
-0.00980743
-0.00993332
-0.0100641
-0.0102034
-0.0103498
-0.010503
-0.0106627
-0.0108287
-0.0110004
-0.0111775
-0.0113593
-0.0115453
-0.011735
-0.0119278
-0.0121231
-0.0123202
-0.0125186
-0.0127176
-0.0129166
-0.0131151
-0.0133126
-0.0135085
-0.0137022
-0.0138935
-0.0140817
-0.0142666
-0.0144478
-0.014625
-0.0147978
-0.0149661
-0.0151295
-0.015288
-0.0154412
-0.0155892
-0.0157317
-0.0158687
-0.0160001
-0.0161257
-0.0162457
-0.0163599
-0.0164683
-0.0165709
-0.0166677
-0.0167586
-0.0168438
-0.0169232
-0.0169968
-0.0170646
-0.0171267
-0.0171831
-0.0172338
-0.0172788
-0.0173181
-0.0173518
-0.0173798
-0.0174022
-0.017419
-0.0174302
-0.0174358
-0.00944563
-0.00957636
-0.00970041
-0.00982935
-0.00996658
-0.0101109
-0.0102619
-0.0104193
-0.0105829
-0.0107522
-0.0109267
-0.0111059
-0.0112893
-0.0114764
-0.0116665
-0.0118591
-0.0120535
-0.0122491
-0.0124454
-0.0126418
-0.0128376
-0.0130325
-0.0132258
-0.013417
-0.0136058
-0.0137916
-0.0139742
-0.0141531
-0.0143281
-0.0144988
-0.014665
-0.0148264
-0.014983
-0.0151344
-0.0152806
-0.0154215
-0.0155569
-0.0156867
-0.015811
-0.0159296
-0.0160425
-0.0161497
-0.0162512
-0.0163469
-0.0164369
-0.0165211
-0.0165996
-0.0166724
-0.0167395
-0.016801
-0.0168568
-0.0169069
-0.0169514
-0.0169903
-0.0170236
-0.0170514
-0.0170736
-0.0170902
-0.0171013
-0.0171068
-0.00921969
-0.00934834
-0.00947057
-0.00959765
-0.00973288
-0.00987506
-0.0100239
-0.0101791
-0.0103403
-0.0105071
-0.0106791
-0.0108558
-0.0110366
-0.011221
-0.0114085
-0.0115983
-0.01179
-0.011983
-0.0121766
-0.0123702
-0.0125635
-0.0127557
-0.0129464
-0.0131351
-0.0133214
-0.0135048
-0.0136851
-0.0138617
-0.0140344
-0.014203
-0.0143671
-0.0145266
-0.0146812
-0.0148308
-0.0149753
-0.0151145
-0.0152483
-0.0153766
-0.0154994
-0.0156166
-0.0157282
-0.0158342
-0.0159345
-0.0160291
-0.0161181
-0.0162014
-0.0162791
-0.0163511
-0.0164174
-0.0164782
-0.0165334
-0.016583
-0.016627
-0.0166655
-0.0166984
-0.0167259
-0.0167478
-0.0167642
-0.0167752
-0.0167807
-0.00899671
-0.0091233
-0.00924373
-0.00936896
-0.00950222
-0.00964233
-0.00978897
-0.00994192
-0.0101008
-0.0102652
-0.0104348
-0.0106089
-0.0107871
-0.0109689
-0.0111537
-0.0113408
-0.0115299
-0.0117201
-0.011911
-0.012102
-0.0122926
-0.0124822
-0.0126703
-0.0128565
-0.0130403
-0.0132214
-0.0133992
-0.0135736
-0.0137441
-0.0139105
-0.0140725
-0.01423
-0.0143827
-0.0145305
-0.0146731
-0.0148106
-0.0149428
-0.0150696
-0.0151909
-0.0153067
-0.015417
-0.0155217
-0.0156209
-0.0157144
-0.0158024
-0.0158847
-0.0159615
-0.0160326
-0.0160983
-0.0161583
-0.0162129
-0.0162619
-0.0163055
-0.0163435
-0.0163761
-0.0164032
-0.0164249
-0.0164412
-0.016452
-0.0164574
-0.00987366
-0.00964168
-0.00941278
-0.0091869
-0.00896398
-0.00980603
-0.00957549
-0.00934801
-0.00912351
-0.00890194
-0.00973457
-0.00950548
-0.00927942
-0.00905632
-0.00883612
-0.00967065
-0.00944281
-0.00921796
-0.00899605
-0.00877703
-0.0096098
-0.00938314
-0.00915945
-0.00893868
-0.00872078
-0.00955056
-0.00932505
-0.0091025
-0.00888285
-0.00866604
-0.00949323
-0.00926885
-0.0090474
-0.00882883
-0.00861308
-0.00943801
-0.00921472
-0.00899433
-0.00877681
-0.00856208
-0.00961016
-0.00938495
-0.0091627
-0.00894334
-0.00872681
-0.00851308
-0.00955825
-0.00933406
-0.0091128
-0.00889442
-0.00867887
-0.00950859
-0.00928537
-0.00906507
-0.00884763
-0.008633
-0.0094612
-0.00923892
-0.00901953
-0.00880299
-0.00858924
-0.00941613
-0.00919473
-0.00897622
-0.00876054
-0.00854763
-0.00937341
-0.00915285
-0.00893516
-0.00872029
-0.00850818
-0.00933305
-0.00911329
-0.00889639
-0.00868228
-0.00847092
-0.0092951
-0.00907609
-0.00885992
-0.00864653
-0.00843588
-0.00925957
-0.00904126
-0.00882577
-0.00861307
-0.00840307
-0.00922648
-0.00900882
-0.00879398
-0.0085819
-0.00837253
-0.00919587
-0.00897881
-0.00876456
-0.00855306
-0.00834426
-0.00916773
-0.00895123
-0.00873753
-0.00852657
-0.00831829
-0.00914211
-0.00892611
-0.0087129
-0.00850243
-0.00829463
-0.00933737
-0.009119
-0.00890346
-0.0086907
-0.00848066
-0.0082733
-0.00931638
-0.00909842
-0.00888329
-0.00867093
-0.00846128
-0.00825431
-0.00929799
-0.00908039
-0.00886561
-0.0086536
-0.0084443
-0.00823766
-0.0092822
-0.00906491
-0.00885044
-0.00863873
-0.00842973
-0.00822338
-0.00926903
-0.009052
-0.00883779
-0.00862633
-0.00841757
-0.00821146
-0.00925849
-0.00904167
-0.00882766
-0.0086164
-0.00840784
-0.00820192
-0.00925058
-0.00903391
-0.00882005
-0.00860894
-0.00840053
-0.00819476
-0.0092453
-0.00902874
-0.00881498
-0.00860397
-0.00839566
-0.00818998
-0.00924266
-0.00902615
-0.00881244
-0.00860149
-0.00839322
)
;

boundaryField
{
    inlet
    {
        type            zeroGradient;
    }
    outlet
    {
        type            fixedValue;
        value           nonuniform 0();
    }
    cylinder
    {
        type            zeroGradient;
    }
    top
    {
        type            symmetryPlane;
    }
    bottom
    {
        type            symmetryPlane;
    }
    defaultFaces
    {
        type            empty;
    }
    procBoundary51to50
    {
        type            processor;
        value           nonuniform List<scalar> 
185
(
-0.00946203
-0.00946472
-0.00947011
-0.00947818
-0.00948894
-0.00950237
-0.00951848
-0.00953724
-0.00955865
-0.00936096
-0.00936096
-0.0093871
-0.0094158
-0.00944703
-0.00948079
-0.00951703
-0.00955575
-0.00959691
-0.00964049
-0.00968647
-0.0097348
-0.00978546
-0.00983841
-0.00966431
-0.00966431
-0.00972063
-0.00977911
-0.00983953
-0.00990159
-0.00996676
-0.0100397
-0.0101088
-0.0101418
-0.010279
-0.0104086
-0.0105433
-0.0106866
-0.0108373
-0.0109949
-0.0111594
-0.0113301
-0.0115068
-0.0114316
-0.0114316
-0.011616
-0.0118047
-0.0119971
-0.0121926
-0.0123905
-0.0125904
-0.0127915
-0.0129932
-0.0131949
-0.0133961
-0.0135962
-0.0137946
-0.0139909
-0.0141846
-0.0143753
-0.0145625
-0.014746
-0.0149253
-0.0151003
-0.0152706
-0.015436
-0.0155963
-0.0157514
-0.015901
-0.0160452
-0.0161838
-0.0163166
-0.0164437
-0.016565
-0.0166804
-0.01679
-0.0168937
-0.0169916
-0.0170835
-0.0171696
-0.0172498
-0.0173242
-0.0173927
-0.0174555
-0.0175125
-0.0175637
-0.0176091
-0.0176488
-0.0176828
-0.0177112
-0.0177338
-0.0177508
-0.0177621
-0.0177677
-0.0101418
-0.0102789
-0.0104086
-0.0105432
-0.0106866
-0.0108372
-0.0109949
-0.0111593
-0.0113301
-0.0115068
-0.0116889
-0.0118759
-0.0120673
-0.0122624
-0.0124606
-0.0126613
-0.0128639
-0.0130677
-0.0132722
-0.0134766
-0.0136804
-0.0138831
-0.0140841
-0.0142829
-0.0144791
-0.0146722
-0.0148617
-0.0150475
-0.015229
-0.015406
-0.0155784
-0.0157457
-0.0159079
-0.0160648
-0.0162161
-0.0163619
-0.016502
-0.0166363
-0.0167648
-0.0168874
-0.0170041
-0.0171149
-0.0172197
-0.0173185
-0.0174115
-0.0174984
-0.0175795
-0.0176546
-0.0177239
-0.0177872
-0.0178448
-0.0178965
-0.0179424
-0.0179825
-0.0180169
-0.0180455
-0.0180683
-0.0180855
-0.0180969
-0.0181026
-0.0101088
-0.0100397
-0.00996674
-0.00990156
-0.00983951
-0.00977908
-0.0097206
-0.00966429
-0.00966429
-0.00983839
-0.00978544
-0.00973478
-0.00968645
-0.00964048
-0.00959689
-0.00955573
-0.00951701
-0.00948077
-0.00944702
-0.00941579
-0.00938709
-0.00936095
-0.00936095
-0.00955864
-0.00953723
-0.00951847
-0.00950237
-0.00948893
-0.00947818
-0.00947011
-0.00946472
-0.00946203
)
;
    }
    procBoundary51to52
    {
        type            processor;
        value           nonuniform List<scalar> 
185
(
-0.0081876
-0.0081876
-0.0079869
-0.00799158
-0.0079986
-0.00800796
-0.00801964
-0.00803364
-0.00804995
-0.00806857
-0.00808948
-0.00811267
-0.00813813
-0.00816583
-0.00819577
-0.00822792
-0.00826227
-0.00829879
-0.00833746
-0.00837825
-0.00842115
-0.00846611
-0.00846611
-0.0083021
-0.00835014
-0.00840013
-0.00845205
-0.00850571
-0.00856087
-0.00861881
-0.00868328
-0.008744
-0.008744
-0.00855944
-0.00868199
-0.00879888
-0.00892048
-0.00904985
-0.00918588
-0.00932826
-0.00947676
-0.00963104
-0.0097907
-0.00995533
-0.0101244
-0.0102975
-0.0104741
-0.0106536
-0.0108355
-0.0110191
-0.011204
-0.0113896
-0.0115753
-0.0117605
-0.0119449
-0.0121279
-0.0123091
-0.0124879
-0.0126641
-0.0128372
-0.0130069
-0.013173
-0.013335
-0.0134929
-0.0136463
-0.0137951
-0.0139391
-0.0140782
-0.0142122
-0.0143411
-0.0144647
-0.0145831
-0.0146961
-0.0148037
-0.0149059
-0.0150026
-0.0150939
-0.0151797
-0.0152601
-0.0153351
-0.0154046
-0.0154686
-0.0155273
-0.0155806
-0.0156284
-0.015671
-0.0157081
-0.01574
-0.0157665
-0.0157877
-0.0158035
-0.0158141
-0.0158194
-0.00877663
-0.00890119
-0.00901984
-0.00914324
-0.00927454
-0.0094126
-0.0095571
-0.00970781
-0.00986439
-0.0100264
-0.0101935
-0.0103651
-0.0105408
-0.0107199
-0.0109021
-0.0110866
-0.0112729
-0.0114604
-0.0116487
-0.011837
-0.012025
-0.0122119
-0.0123975
-0.0125812
-0.0127625
-0.0129411
-0.0131166
-0.0132886
-0.0134569
-0.0136212
-0.0137811
-0.0139366
-0.0140873
-0.0142332
-0.0143741
-0.0145099
-0.0146404
-0.0147656
-0.0148855
-0.0149999
-0.0151088
-0.0152123
-0.0153102
-0.0154027
-0.0154896
-0.0155709
-0.0156468
-0.0157171
-0.015782
-0.0158414
-0.0158953
-0.0159438
-0.0159868
-0.0160244
-0.0160566
-0.0160834
-0.0161049
-0.016121
-0.0161317
-0.016137
-0.00874396
-0.00868324
-0.00861877
-0.00856083
-0.00850567
-0.00845201
-0.0084001
-0.00835011
-0.00830207
-0.00846608
-0.00846608
-0.00842112
-0.00837822
-0.00833743
-0.00829876
-0.00826225
-0.0082279
-0.00819575
-0.00816581
-0.00813811
-0.00811265
-0.00808947
-0.00806856
-0.00804994
-0.00803363
-0.00801963
-0.00800795
-0.0079986
-0.00799158
-0.0079869
-0.0081876
-0.0081876
)
;
    }
}


// ************************************************************************* //
