/*--------------------------------*- C++ -*----------------------------------*\
  =========                 |
  \\      /  F ield         | OpenFOAM: The Open Source CFD Toolbox
   \\    /   O peration     | Website:  https://openfoam.org
    \\  /    A nd           | Version:  7
     \\/     M anipulation  |
\*---------------------------------------------------------------------------*/
FoamFile
{
    version     2.0;
    format      ascii;
    class       volScalarField;
    location    "25";
    object      p;
}
// * * * * * * * * * * * * * * * * * * * * * * * * * * * * * * * * * * * * * //

dimensions      [0 2 -2 0 0 0 0];

internalField   nonuniform List<scalar> 
392
(
-0.0139935
-0.0134351
-0.012893
-0.0139995
-0.0134409
-0.0128985
-0.0140115
-0.0134524
-0.0129096
-0.0140294
-0.0134696
-0.0129262
-0.0140532
-0.0134926
-0.0129482
-0.014083
-0.0135212
-0.0129758
-0.0141187
-0.0135555
-0.0130088
-0.0141602
-0.0135954
-0.0130472
-0.0142075
-0.013641
-0.013091
-0.0142606
-0.0136921
-0.0131402
-0.0143195
-0.0137487
-0.0131946
-0.014384
-0.0138107
-0.0132543
-0.0127139
-0.0138781
-0.0133192
-0.0127763
-0.0139509
-0.0133891
-0.0128436
-0.0140288
-0.0134641
-0.0129157
-0.0141119
-0.013544
-0.0129926
-0.0142
-0.0136288
-0.0130742
-0.0142932
-0.0137183
-0.0131603
-0.0143911
-0.0138125
-0.0132509
-0.0144934
-0.0139109
-0.0133456
-0.0145997
-0.0140131
-0.0134439
-0.0147132
-0.0141224
-0.013549
-0.0148418
-0.0142458
-0.0136675
-0.0149616
-0.0143607
-0.0137778
-0.0144484
-0.0138637
-0.0132962
-0.0147008
-0.0141091
-0.0135346
-0.0149585
-0.01436
-0.0137788
-0.0152305
-0.014625
-0.0140368
-0.0155229
-0.0149098
-0.0143143
-0.0158332
-0.0152123
-0.0146089
-0.0161591
-0.01553
-0.0149186
-0.0164984
-0.015861
-0.0152413
-0.0168489
-0.016203
-0.0155748
-0.0172077
-0.0165534
-0.0159167
-0.0175723
-0.0169095
-0.0162644
-0.0179399
-0.0172688
-0.0166154
-0.0183079
-0.0176287
-0.0169672
-0.0186737
-0.0179868
-0.0173174
-0.0190351
-0.0183408
-0.0176638
-0.0193899
-0.0186885
-0.0180044
-0.0197363
-0.0190282
-0.0183373
-0.0200725
-0.0193582
-0.0186609
-0.0203973
-0.0196772
-0.0189739
-0.0207094
-0.019984
-0.0192751
-0.021008
-0.0202777
-0.0195637
-0.0212923
-0.0205575
-0.0198387
-0.0215617
-0.0208228
-0.0200998
-0.0218159
-0.0210734
-0.0203464
-0.0220546
-0.0213088
-0.0205783
-0.0222777
-0.0215289
-0.0207953
-0.0224851
-0.0217337
-0.0209972
-0.0226769
-0.0219232
-0.0211841
-0.0228531
-0.0220973
-0.021356
-0.0230139
-0.0222562
-0.0215129
-0.0231593
-0.0224001
-0.021655
-0.0232896
-0.022529
-0.0217824
-0.0234049
-0.0226432
-0.0218952
-0.0235053
-0.0227427
-0.0219936
-0.0235911
-0.0228276
-0.0220776
-0.0236624
-0.0228982
-0.0221475
-0.0237192
-0.0229546
-0.0222032
-0.0237618
-0.0229968
-0.022245
-0.0237901
-0.0230248
-0.0222728
-0.0238042
-0.0230388
-0.0222866
-0.0150507
-0.0153102
-0.0155749
-0.015854
-0.016154
-0.0164722
-0.0168063
-0.0171541
-0.017513
-0.0178803
-0.0182533
-0.0186291
-0.0190051
-0.0193786
-0.0197473
-0.020109
-0.0204619
-0.0208041
-0.0211345
-0.0214517
-0.0217549
-0.0220434
-0.0223166
-0.0225742
-0.022816
-0.0230418
-0.0232516
-0.0234455
-0.0236235
-0.0237858
-0.0239326
-0.0240641
-0.0241803
-0.0242816
-0.0243681
-0.0244399
-0.0244972
-0.02454
-0.0245686
-0.0245828
-0.0144482
-0.0147005
-0.0149583
-0.0152303
-0.0155226
-0.0158329
-0.0161588
-0.0164982
-0.0168486
-0.0172075
-0.0175721
-0.0179397
-0.0183077
-0.0186735
-0.0190349
-0.0193898
-0.0197361
-0.0200724
-0.0203971
-0.0207093
-0.0210078
-0.0212921
-0.0215615
-0.0218157
-0.0220545
-0.0222776
-0.022485
-0.0226768
-0.022853
-0.0230137
-0.0231592
-0.0232894
-0.0234047
-0.0235052
-0.023591
-0.0236623
-0.0237191
-0.0237617
-0.02379
-0.0238041
-0.0138635
-0.0141089
-0.0143598
-0.0146248
-0.0149096
-0.015212
-0.0155298
-0.0158608
-0.0162028
-0.0165531
-0.0169093
-0.0172686
-0.0176285
-0.0179866
-0.0183406
-0.0186883
-0.019028
-0.0193581
-0.019677
-0.0199838
-0.0202775
-0.0205573
-0.0208227
-0.0210732
-0.0213086
-0.0215288
-0.0217336
-0.021923
-0.0220972
-0.0222561
-0.0224
-0.0225289
-0.0226431
-0.0227425
-0.0228275
-0.0228981
-0.0229545
-0.0229966
-0.0230247
-0.0230387
-0.013296
-0.0135344
-0.0137785
-0.0140366
-0.014314
-0.0146087
-0.0149614
-0.0143606
-0.0137776
-0.0148417
-0.0142457
-0.0136673
-0.0147131
-0.0141222
-0.0135488
-0.0145995
-0.014013
-0.0134437
-0.0144933
-0.0139108
-0.0133454
-0.014391
-0.0138124
-0.0132508
-0.014293
-0.0137182
-0.0131602
-0.0141999
-0.0136286
-0.013074
-0.0141118
-0.0135439
-0.0129925
-0.0140287
-0.013464
-0.0129156
-0.0139507
-0.013389
-0.0128435
-0.013878
-0.0133191
-0.0127762
-0.0143839
-0.0138106
-0.0132542
-0.0127138
-0.0143194
-0.0137486
-0.0131946
-0.0142606
-0.013692
-0.0131401
-0.0142075
-0.0136409
-0.013091
-0.0141601
-0.0135954
-0.0130472
-0.0141186
-0.0135554
-0.0130087
-0.014083
-0.0135211
-0.0129757
-0.0140532
-0.0134925
-0.0129482
-0.0140293
-0.0134696
-0.0129261
-0.0140114
-0.0134524
-0.0129096
-0.0139995
-0.0134409
-0.0128985
-0.0139935
-0.0134351
-0.012893
)
;

boundaryField
{
    inlet
    {
        type            zeroGradient;
    }
    outlet
    {
        type            fixedValue;
        value           nonuniform 0();
    }
    cylinder
    {
        type            zeroGradient;
    }
    top
    {
        type            symmetryPlane;
    }
    bottom
    {
        type            symmetryPlane;
    }
    defaultFaces
    {
        type            empty;
    }
    procBoundary50to49
    {
        type            processor;
        value           nonuniform List<scalar> 
131
(
-0.014569
-0.0145752
-0.0145876
-0.0146062
-0.014631
-0.014662
-0.014699
-0.0147422
-0.0147914
-0.0148466
-0.0149078
-0.0149748
-0.0144541
-0.0144541
-0.0145297
-0.0146107
-0.0146971
-0.0147888
-0.0148856
-0.0149874
-0.0150938
-0.0152042
-0.0153224
-0.0154563
-0.015581
-0.0150508
-0.0150508
-0.0153104
-0.0155751
-0.0158542
-0.0161542
-0.0164724
-0.0168065
-0.0171543
-0.0175132
-0.0178805
-0.0182535
-0.0186293
-0.0190053
-0.0193788
-0.0197475
-0.0201092
-0.0204621
-0.0208043
-0.0211346
-0.0214519
-0.0217551
-0.0220436
-0.0223168
-0.0225744
-0.0228161
-0.0230419
-0.0232517
-0.0234456
-0.0236236
-0.0237859
-0.0239327
-0.0240642
-0.0241805
-0.0242817
-0.0243682
-0.02444
-0.0244973
-0.0245401
-0.0245687
-0.0245829
-0.0156718
-0.0159387
-0.0162104
-0.0164968
-0.0168044
-0.0171306
-0.017473
-0.0178291
-0.0181965
-0.0185723
-0.0189537
-0.0193376
-0.0197215
-0.0201025
-0.0204784
-0.0208468
-0.0212059
-0.0215539
-0.0218896
-0.0222116
-0.0225192
-0.0228116
-0.0230884
-0.0233491
-0.0235936
-0.0238218
-0.0240337
-0.0242294
-0.024409
-0.0245726
-0.0247206
-0.024853
-0.02497
-0.025072
-0.025159
-0.0252312
-0.0252888
-0.0253319
-0.0253606
-0.0253749
-0.0155809
-0.0154561
-0.0153222
-0.0152041
-0.0150937
-0.0149873
-0.0148855
-0.0147886
-0.014697
-0.0146106
-0.0145296
-0.014454
-0.014454
-0.0149748
-0.0149077
-0.0148466
-0.0147913
-0.0147421
-0.014699
-0.0146619
-0.014631
-0.0146062
-0.0145876
-0.0145752
-0.014569
)
;
    }
    procBoundary50to51
    {
        type            processor;
        value           nonuniform List<scalar> 
133
(
-0.0123663
-0.0123716
-0.0123823
-0.0123982
-0.0124195
-0.012446
-0.0124777
-0.0125147
-0.0125569
-0.0126042
-0.0126565
-0.0126565
-0.0121889
-0.0122489
-0.0123136
-0.012383
-0.0124569
-0.0125354
-0.0126182
-0.0127054
-0.0127965
-0.0128911
-0.0129921
-0.013106
-0.0132118
-0.0132118
-0.0127449
-0.0129765
-0.0132141
-0.0134653
-0.0137354
-0.0140224
-0.0143241
-0.0146386
-0.0149637
-0.0152972
-0.0156364
-0.0159791
-0.0163227
-0.016665
-0.0170037
-0.017337
-0.0176629
-0.01798
-0.0182868
-0.0185823
-0.0188655
-0.0191357
-0.0193923
-0.0196348
-0.0198629
-0.0200764
-0.0202753
-0.0204594
-0.0206288
-0.0207836
-0.0209238
-0.0210495
-0.0211608
-0.021258
-0.021341
-0.0214099
-0.021465
-0.0215062
-0.0215337
-0.0215474
-0.0149183
-0.0152411
-0.0155746
-0.0159165
-0.0162642
-0.0166152
-0.016967
-0.0173172
-0.0176636
-0.0180042
-0.0183371
-0.0186607
-0.0189737
-0.0192749
-0.0195635
-0.0198386
-0.0200997
-0.0203463
-0.0205782
-0.0207951
-0.0209971
-0.021184
-0.0213558
-0.0215128
-0.0216549
-0.0217823
-0.0218951
-0.0219935
-0.0220775
-0.0221474
-0.0222031
-0.0222448
-0.0222726
-0.0222865
-0.0127447
-0.0132116
-0.0129763
-0.0132139
-0.0134651
-0.0137352
-0.0149183
-0.0140221
-0.0132116
-0.0131058
-0.012992
-0.0128909
-0.0127963
-0.0127053
-0.0126181
-0.0125352
-0.0124568
-0.0123829
-0.0123135
-0.0122488
-0.0121888
-0.0126564
-0.0126564
-0.0126041
-0.0125568
-0.0125146
-0.0124777
-0.0124459
-0.0124194
-0.0123982
-0.0123823
-0.0123716
-0.0123663
)
;
    }
}


// ************************************************************************* //
