/*--------------------------------*- C++ -*----------------------------------*\
  =========                 |
  \\      /  F ield         | OpenFOAM: The Open Source CFD Toolbox
   \\    /   O peration     | Website:  https://openfoam.org
    \\  /    A nd           | Version:  7
     \\/     M anipulation  |
\*---------------------------------------------------------------------------*/
FoamFile
{
    version     2.0;
    format      ascii;
    class       surfaceScalarField;
    location    "25";
    object      phi;
}
// * * * * * * * * * * * * * * * * * * * * * * * * * * * * * * * * * * * * * //

dimensions      [0 3 -1 0 0 0 0];

internalField   nonuniform List<scalar> 
1594
(
-1.98302e-07
1.98303e-07
-1.34379e-12
-7.74243e-07
5.75945e-07
-4.05011e-12
-1.72265e-06
9.48411e-07
-6.91633e-12
1.31375e-06
-9.93277e-12
-1.96717e-07
3.9502e-07
-7.67858e-07
1.14709e-06
-1.70806e-06
1.88861e-06
2.61568e-06
-1.93558e-07
5.88579e-07
-7.55129e-07
1.70866e-06
-1.67897e-06
2.81245e-06
3.89403e-06
-1.88847e-07
7.77425e-07
-7.36136e-07
2.25595e-06
-1.63555e-06
3.71186e-06
5.1372e-06
-1.82614e-07
9.60039e-07
-7.10999e-07
2.78433e-06
-1.57807e-06
4.57894e-06
6.33374e-06
-1.74898e-07
1.13494e-06
-6.79866e-07
3.2893e-06
-1.50686e-06
5.40593e-06
7.47248e-06
-1.65747e-07
1.30068e-06
-6.42912e-07
3.76646e-06
-1.42228e-06
6.1853e-06
-2.49232e-06
8.54252e-06
1.0822e-05
-1.5521e-07
1.45589e-06
-6.0033e-07
4.21158e-06
-1.32477e-06
6.90974e-06
-2.31551e-06
9.53325e-06
1.20633e-05
-1.4334e-07
1.59923e-06
-5.52321e-07
4.62057e-06
-1.21477e-06
7.5722e-06
-2.11596e-06
1.04344e-05
1.31857e-05
-1.30191e-07
1.72942e-06
-4.99089e-07
4.98946e-06
-1.09273e-06
8.16583e-06
-1.89444e-06
1.12361e-05
1.41759e-05
-1.15814e-07
1.84524e-06
-4.4083e-07
5.31448e-06
-9.59068e-07
8.68407e-06
-1.6517e-06
1.19288e-05
-2.49682e-06
1.5021e-05
1.79321e-05
-1.00255e-07
1.94549e-06
-3.77722e-07
5.59195e-06
-8.1419e-07
9.12054e-06
-1.38846e-06
1.2503e-05
-2.07608e-06
1.57086e-05
1.87053e-05
-8.35559e-08
2.02905e-06
-3.09923e-07
5.81831e-06
-6.58441e-07
9.46906e-06
-1.10531e-06
1.29499e-05
-1.62333e-06
1.62266e-05
-2.18174e-06
1.92637e-05
2.20245e-05
-6.57474e-08
2.0948e-06
-2.37558e-07
5.99012e-06
-4.92105e-07
9.72361e-06
-8.02773e-07
1.32606e-05
-1.13939e-06
1.65632e-05
-1.46802e-06
1.95923e-05
2.23073e-05
-4.68527e-08
2.14165e-06
-1.6072e-07
6.10399e-06
-3.15395e-07
9.87828e-06
-4.81233e-07
1.34264e-05
-6.24862e-07
1.67069e-05
-7.08978e-07
1.96764e-05
-6.92132e-07
2.22905e-05
2.45031e-05
-2.68855e-08
2.16854e-06
-7.94683e-08
6.15657e-06
-1.28454e-07
9.92727e-06
-1.40958e-07
1.34389e-05
-8.02023e-08
1.66461e-05
9.47103e-08
1.95015e-05
4.29027e-07
2.19562e-05
2.39595e-05
-5.85124e-09
6.16956e-09
6.14455e-06
6.86433e-08
9.86479e-06
2.17896e-07
1.32897e-05
4.94318e-07
1.63697e-05
9.42612e-07
1.90532e-05
1.61204e-06
2.12867e-05
2.5567e-06
2.30148e-05
2.41803e-05
9.61949e-08
2.75876e-07
9.68511e-06
5.95261e-07
1.29703e-05
1.09856e-06
1.58664e-05
1.83447e-06
1.83173e-05
2.8565e-06
2.02647e-05
4.22321e-06
2.16481e-05
2.24049e-05
4.93257e-07
9.91127e-07
1.24724e-05
1.73245e-06
1.51251e-05
2.77014e-06
1.72796e-05
4.16214e-06
1.88727e-05
5.97171e-06
1.98386e-05
8.26774e-06
2.01089e-05
1.9613e-05
1.40549e-06
1.17877e-05
2.39592e-06
1.41346e-05
3.74946e-06
1.59261e-05
5.52868e-06
1.70935e-05
7.80174e-06
1.75655e-05
1.06428e-05
1.72679e-05
1.41322e-05
1.61236e-05
1.4053e-05
1.83827e-06
3.08883e-06
1.28841e-05
4.77213e-06
1.42428e-05
6.95562e-06
1.491e-05
9.7126e-06
1.48085e-05
1.31226e-05
1.38579e-05
1.72719e-05
1.19743e-05
9.07125e-06
3.81082e-06
5.83756e-06
1.2216e-05
8.44207e-06
1.23055e-05
1.1703e-05
1.15476e-05
1.57057e-05
9.85523e-06
2.05422e-05
7.13783e-06
2.63122e-05
3.30124e-06
-1.75209e-06
6.94473e-06
9.98653e-06
9.26369e-06
1.37709e-05
7.76319e-06
1.8389e-05
5.23709e-06
2.39395e-05
1.58741e-06
3.05284e-05
-3.28774e-06
3.82705e-05
-9.49418e-06
-1.71415e-05
1.15867e-05
1.5913e-05
3.43681e-06
2.11686e-05
-1.84332e-08
2.74583e-05
-4.70236e-06
3.48956e-05
-1.07251e-05
4.36025e-05
-1.8201e-05
-2.72489e-05
1.81249e-05
2.40382e-05
-5.93171e-06
3.1091e-05
-1.17552e-05
3.9404e-05
-1.90381e-05
4.91069e-05
-2.79039e-05
6.03392e-05
-3.84811e-05
-5.09025e-05
2.69898e-05
3.4827e-05
-1.95924e-05
4.40402e-05
-2.82513e-05
5.47674e-05
-3.86311e-05
6.71566e-05
-5.08704e-05
8.13666e-05
-6.51125e-05
-8.15056e-05
3.86532e-05
4.87875e-05
-3.83856e-05
6.05627e-05
-5.04063e-05
7.41359e-05
-6.44436e-05
8.96756e-05
-8.06522e-05
0.000107362
-9.91922e-05
-0.000120228
5.36255e-05
6.6467e-05
-6.32477e-05
8.12446e-05
-7.92212e-05
9.81369e-05
-9.75446e-05
0.000117335
-0.000118391
0.000139044
-0.000141937
-0.000168366
7.24503e-05
8.84446e-05
-9.52156e-05
0.000106703
-0.000115803
0.000127427
-0.000139115
0.000150834
-0.000165344
0.000177155
-0.000194688
-0.000227348
9.5694e-05
0.00011532
-0.000135428
0.000137569
-0.000161364
0.000162671
-0.000190446
0.000190872
-0.000222888
0.000222433
-0.000258909
-0.000298735
0.000123931
0.000147691
0.000174467
-0.000217222
0.000204515
-0.000252937
0.000238114
-0.000292508
0.000275563
-0.000336184
-0.000384216
0.000186128
0.000217971
-0.000284779
0.000253535
-0.000328072
0.00029313
-0.000375779
0.000337095
-0.000428182
-0.000485576
0.000231132
0.000268559
-0.000365499
0.000310168
-0.000417388
0.000356299
-0.000474312
0.000407324
-0.000536601
-0.000604611
0.000283079
0.000326545
-0.000460854
0.000374637
-0.000522404
0.00042771
-0.000589675
0.000486149
-0.00066305
0.00055037
-0.000742965
-0.000829928
0.000342166
0.000392006
0.000446857
-0.000644526
0.000507059
-0.000723252
0.000572963
-0.000808869
0.00064492
-0.000901885
-0.00100291
0.000464729
0.000526385
-0.000784908
0.000593601
-0.000876086
0.000666632
-0.000974916
0.000745675
-0.00108195
-0.00119783
0.000544168
0.000612394
0.000686172
-0.00104869
0.000765595
-0.00116137
0.000850634
-0.00128287
-0.00141374
0.000703719
0.000783284
-0.00124094
0.000868037
-0.00136762
0.000957704
-0.00150341
0.0010518
-0.00164868
-0.00180379
0.000798914
0.000883236
0.000972051
-0.00159222
0.00106487
-0.00174151
0.00116103
-0.00189995
-0.00206739
0.00125964
0.000984192
0.0010757
0.0011702
-0.00199445
-0.00216409
0.00126689
0.00117696
-0.00225877
0.00127164
0.00127369
0.00225877
0.00127369
0.00117696
0.00199445
0.00216409
0.00127164
0.000984192
0.00159222
0.0010757
0.00174151
0.0011702
0.00189995
0.00206739
0.00126689
0.000798914
0.00124094
0.000883236
0.00136762
0.000972051
0.00150341
0.00106487
0.00164868
0.00116103
0.00180379
0.00125964
0.000703719
0.00104869
0.000783284
0.00116137
0.000868037
0.00128287
0.000957704
0.00141374
0.0010518
0.000544168
0.000784908
0.000612394
0.000876086
0.000686172
0.000974916
0.000765595
0.00108195
0.000850634
0.00119783
0.000464729
0.000644526
0.000526384
0.000723252
0.000593601
0.000808869
0.000666632
0.000901885
0.000745675
0.00100291
0.000342166
0.000460854
0.000392006
0.000522404
0.000446857
0.000589675
0.000507059
0.00066305
0.000572963
0.000742965
0.00064492
0.000283078
0.0003655
0.000326544
0.000417388
0.000374637
0.000474312
0.00042771
0.000536601
0.000486149
0.000604611
0.000231132
0.000284779
0.000268559
0.000328072
0.000310168
0.000375779
0.000356299
0.000428182
0.000407324
0.000485576
0.000186128
0.000217222
0.000217971
0.000252937
0.000253535
0.000292508
0.00029313
0.000336184
0.000337095
0.000384216
0.000123931
0.000135428
0.000147691
0.000161364
0.000174467
0.000190446
0.000204515
0.000222888
0.000238114
0.000258909
0.000275563
0.000298735
9.5694e-05
9.52156e-05
0.00011532
0.000115803
0.000137569
0.000139115
0.000162671
0.000165344
0.000190871
0.000194688
0.000222433
0.000227348
7.24502e-05
6.32477e-05
8.84446e-05
7.92212e-05
0.000106703
9.75446e-05
0.000127427
0.000118391
0.000150834
0.000141937
0.000177155
0.000168366
5.36255e-05
3.83856e-05
6.6467e-05
5.04063e-05
8.12446e-05
6.44436e-05
9.81369e-05
8.06522e-05
0.000117335
9.91922e-05
0.000139044
0.000120228
3.86532e-05
1.95924e-05
4.87875e-05
2.82513e-05
6.05627e-05
3.86311e-05
7.41359e-05
5.08704e-05
8.96756e-05
6.51125e-05
0.000107362
8.15057e-05
2.69898e-05
5.93173e-06
3.4827e-05
1.17552e-05
4.40402e-05
1.90381e-05
5.47674e-05
2.7904e-05
6.71566e-05
3.84812e-05
8.13666e-05
5.09025e-05
1.81249e-05
-3.4368e-06
2.40381e-05
1.84542e-08
3.1091e-05
4.70238e-06
3.9404e-05
1.07251e-05
4.91069e-05
1.8201e-05
6.03391e-05
2.72489e-05
1.15867e-05
-9.26368e-06
1.5913e-05
-7.76317e-06
2.11686e-05
-5.23706e-06
2.74583e-05
-1.58739e-06
3.48956e-05
3.28777e-06
4.36025e-05
9.49421e-06
1.71415e-05
6.94473e-06
-1.2216e-05
9.98652e-06
-1.23055e-05
1.37709e-05
-1.15476e-05
1.8389e-05
-9.8552e-06
2.39395e-05
-7.1378e-06
3.05284e-05
-3.30121e-06
3.82705e-05
1.75213e-06
3.81081e-06
-1.28841e-05
5.83756e-06
-1.42428e-05
8.44207e-06
-1.491e-05
1.1703e-05
-1.48085e-05
1.57056e-05
-1.38578e-05
2.05422e-05
-1.19743e-05
2.63122e-05
-9.07121e-06
1.83827e-06
-1.17877e-05
3.08883e-06
-1.41346e-05
4.77213e-06
-1.5926e-05
6.95561e-06
-1.70935e-05
9.7126e-06
-1.75655e-05
1.31226e-05
-1.72679e-05
1.72719e-05
-1.61236e-05
1.40548e-06
-1.24724e-05
2.39592e-06
-1.51251e-05
3.74946e-06
-1.72796e-05
5.52867e-06
-1.88727e-05
7.80174e-06
-1.98386e-05
1.06428e-05
-2.01089e-05
-1.9613e-05
4.93256e-07
-9.68511e-06
9.91126e-07
-1.29703e-05
1.73244e-06
-1.58664e-05
2.77014e-06
-1.83173e-05
4.16214e-06
-2.02647e-05
5.9717e-06
-2.16481e-05
8.26773e-06
-2.24049e-05
9.61947e-08
-6.14455e-06
2.75875e-07
-9.86479e-06
5.9526e-07
-1.32897e-05
1.09855e-06
-1.63697e-05
1.83447e-06
-1.90532e-05
2.8565e-06
-2.12867e-05
4.2232e-06
-2.30148e-05
-2.41803e-05
-5.85129e-09
-2.16853e-06
6.16927e-09
-6.15657e-06
6.86426e-08
-9.92726e-06
2.17894e-07
-1.34389e-05
4.94316e-07
-1.66461e-05
9.42609e-07
-1.95015e-05
1.61203e-06
-2.19561e-05
2.55669e-06
-2.39595e-05
-2.68856e-08
-2.14165e-06
-7.94686e-08
-6.10399e-06
-1.28455e-07
-9.87827e-06
-1.40959e-07
-1.34264e-05
-8.02047e-08
-1.67069e-05
9.47068e-08
-1.96764e-05
4.29022e-07
-2.22905e-05
-4.68528e-08
-2.0948e-06
-1.6072e-07
-5.99012e-06
-3.15396e-07
-9.7236e-06
-4.81234e-07
-1.32606e-05
-6.24865e-07
-1.65632e-05
-7.08982e-07
-1.95923e-05
-2.23073e-05
-6.57474e-08
-2.02905e-06
-2.37558e-07
-5.81831e-06
-4.92106e-07
-9.46905e-06
-8.02775e-07
-1.29499e-05
-1.13939e-06
-1.62266e-05
-1.46802e-06
-1.92637e-05
-2.20245e-05
-8.3556e-08
-1.94549e-06
-3.09923e-07
-5.59194e-06
-6.58442e-07
-9.12053e-06
-1.10531e-06
-1.2503e-05
-1.62334e-06
-1.57086e-05
-2.18174e-06
-1.87052e-05
-1.00256e-07
-1.84524e-06
-3.77723e-07
-5.31447e-06
-8.14191e-07
-8.68406e-06
-1.38846e-06
-1.19288e-05
-2.07608e-06
-1.5021e-05
-1.79321e-05
-1.15814e-07
-1.72942e-06
-4.4083e-07
-4.98946e-06
-9.59069e-07
-8.16582e-06
-1.65171e-06
-1.12361e-05
-2.49682e-06
-1.41758e-05
-1.30191e-07
-1.59923e-06
-4.99089e-07
-4.62056e-06
-1.09273e-06
-7.57218e-06
-1.89444e-06
-1.04344e-05
-1.31857e-05
-1.4334e-07
-1.45589e-06
-5.52321e-07
-4.21158e-06
-1.21477e-06
-6.90973e-06
-2.11596e-06
-9.53324e-06
-1.20633e-05
-1.5521e-07
-1.30068e-06
-6.0033e-07
-3.76646e-06
-1.32477e-06
-6.18529e-06
-2.31551e-06
-8.5425e-06
-1.0822e-05
-1.65747e-07
-1.13494e-06
-6.42913e-07
-3.28929e-06
-1.42228e-06
-5.40592e-06
-2.49232e-06
-7.47247e-06
-1.74899e-07
-9.60037e-07
-6.79867e-07
-2.78432e-06
-1.50686e-06
-4.57892e-06
-6.33373e-06
-1.82614e-07
-7.77423e-07
-7.10999e-07
-2.25594e-06
-1.57807e-06
-3.71185e-06
-5.13718e-06
-1.88847e-07
-5.88576e-07
-7.36137e-07
-1.70865e-06
-1.63555e-06
-2.81243e-06
-3.89401e-06
-1.93558e-07
-3.95018e-07
-7.55129e-07
-1.14708e-06
-1.67897e-06
-1.8886e-06
-2.61566e-06
-1.96717e-07
-1.98301e-07
-7.67858e-07
-5.75937e-07
-1.70806e-06
-9.48397e-07
-1.31373e-06
-1.98302e-07
-7.74243e-07
-1.72265e-06
0.000725202
-0.00627727
0.000689058
-0.00626388
0.000653163
-0.0062512
0.000617503
-0.00623922
0.000582063
-0.00622792
0.000546829
-0.0062173
0.000511785
-0.00620734
0.000476919
-0.00619804
0.000442218
-0.00618938
0.000407666
-0.00618136
0.000373251
-0.00617397
0.00033896
-0.00616719
0.000304779
-0.00616103
0.000270696
-0.00615548
0.000236698
-0.00615054
0.00020277
-0.0061462
0.000168902
-0.00614245
0.000135079
-0.00613931
0.00010129
-0.00613677
6.75205e-05
-0.00613483
3.37607e-05
-0.00613351
-0.0061328
0.00139848
-0.00499326
0.00151703
-0.00540795
0.00161559
-0.00575387
0.00169388
-0.00604269
0.0017525
-0.00627743
0.00179267
-0.00646156
0.00181609
-0.00660067
0.00182479
-0.00670083
0.00182093
-0.00676832
0.00180673
-0.00680924
0.00178423
-0.00682921
0.00175532
-0.00683316
0.0017216
-0.00682527
0.00168442
-0.00680894
0.00164486
-0.00678685
0.00160375
-0.00676103
0.00156172
-0.006733
0.00151925
-0.00670384
0.00147665
-0.0066743
0.00143416
-0.00664491
0.00139193
-0.00661599
0.00135005
-0.00658775
0.00130859
-0.00656034
0.00126757
-0.00653381
0.001227
-0.0065082
0.0011869
-0.00648354
0.00114725
-0.0064598
0.00110805
-0.00643699
0.00106928
-0.0064151
0.00103094
-0.00639409
0.000992994
-0.00637396
0.000955439
-0.00635468
0.000918257
-0.00633623
0.00088143
-0.0063186
0.000844942
-0.00630176
0.000808779
-0.00628569
0.000772922
-0.00627038
0.000737358
-0.00625582
0.00070207
-0.00624198
0.000667042
-0.00622885
0.000632262
-0.00621642
0.000597712
-0.00620467
0.00056338
-0.00619359
0.000529251
-0.00618317
0.000495311
-0.0061734
0.000461547
-0.00616428
0.000427944
-0.00615578
0.00039449
-0.00614791
0.000361173
-0.00614065
0.000327978
-0.006134
0.000294893
-0.00612795
0.000261905
-0.0061225
0.000229002
-0.00611764
0.000196171
-0.00611337
0.000163399
-0.00610968
0.000130674
-0.00610659
9.79837e-05
-0.00610408
6.53151e-05
-0.00610217
3.26573e-05
-0.00610085
-0.00610014
0.0014003
-0.00512667
0.00151287
-0.00552051
0.00160513
-0.00584613
0.00167707
-0.00611463
0.00172954
-0.0063299
0.001764
-0.00649602
0.00178232
-0.00661899
0.00178665
-0.00670515
0.00177922
-0.00676088
0.00176221
-0.00679223
0.00173766
-0.00680466
0.00170736
-0.00680286
0.00167284
-0.00679075
0.00163533
-0.00677144
0.00159583
-0.00674735
0.00155509
-0.00672029
0.00151367
-0.00669158
0.00147198
-0.00666215
0.00143029
-0.00663262
0.0013888
-0.00660342
0.00134763
-0.00657482
0.00130686
-0.00654698
0.00126653
-0.00652001
0.00122666
-0.00649394
0.00118726
-0.0064688
0.00114833
-0.0064446
0.00110986
-0.00642133
0.00107183
-0.00639897
0.00103424
-0.0063775
0.000997059
-0.00635691
0.000960283
-0.00633718
0.000923892
-0.00631829
0.00088787
-0.00630021
0.0008522
-0.00628293
0.000816866
-0.00626642
0.000781851
-0.00625068
0.00074714
-0.00623567
0.000712717
-0.0062214
0.000678567
-0.00620783
0.000644674
-0.00619496
0.000611025
-0.00618277
0.000577604
-0.00617125
0.000544398
-0.00616038
0.000511392
-0.00615017
0.000478573
-0.00614059
0.000445927
-0.00613163
0.000413442
-0.00612329
0.000381104
-0.00611557
0.000348901
-0.00610844
0.00031682
-0.00610192
0.000284848
-0.00609598
0.000252974
-0.00609062
0.000221184
-0.00608585
0.000189467
-0.00608165
0.000157809
-0.00607803
0.0001262
-0.00607498
9.46255e-05
-0.00607251
6.30748e-05
3.15362e-05
0.00139921
-0.00525424
0.00150548
-0.00562678
0.00159124
-0.00593189
0.00165676
-0.00618015
0.00170313
-0.00637627
0.00173202
-0.00652491
0.00174547
-0.00663243
0.00174569
-0.00670538
0.00173496
-0.00675016
0.00171545
-0.00677272
0.00168912
-0.00677833
0.00165768
-0.00677142
0.00162257
-0.00675563
0.00158492
0.00154564
0.00150539
0.00146468
0.00142385
0.00138314
0.0013427
0.00130263
0.001263
0.00122384
0.00118515
0.00114693
0.00110919
0.00107191
0.00103507
0.000998669
0.00096268
0.000927089
0.000891879
0.000857034
0.000822537
0.000788372
0.000754523
0.000720974
0.00068771
0.000654714
0.000621973
0.000589472
0.000557196
0.000525132
0.000493266
0.000461585
0.000430075
0.000398724
0.000367519
0.000336447
0.000305497
0.000274655
0.00024391
0.00021325
0.000182663
0.000152137
0.000121659
0.00139503
0.00149475
0.00157387
0.00163296
0.00167332
0.00169683
0.00170564
0.00170204
0.00168831
0.00166658
0.00163874
0.0016064
0.00139503
0.00525424
0.00149475
0.00562678
0.00157387
0.00593189
0.00163296
0.00618015
0.00167332
0.00637627
0.00169683
0.00652491
0.00170564
0.00663243
0.00170204
0.00670538
0.00168831
0.00675016
0.00166658
0.00677272
0.00163874
0.00677833
0.0016064
0.00677142
0.0015709
0.00675563
0.00153329
0.00673379
0.00149437
0.00670807
0.00145474
0.00668005
0.00141483
0.00665087
0.00137493
0.00662131
0.00133525
0.0065919
0.00656298
0.00139921
0.00512667
0.00150548
0.00552051
0.00159124
0.00584613
0.00165676
0.00611463
0.00170313
0.0063299
0.00173202
0.00649602
0.00174547
0.00661899
0.00174569
0.00670515
0.00173496
0.00676088
0.00171545
0.00679223
0.00168912
0.00680466
0.00165768
0.00680286
0.00162257
0.00679075
0.00158492
0.00677144
0.00154564
0.00674735
0.00150539
0.00672029
0.00146468
0.00669158
0.00142385
0.00666214
0.00138314
0.00663262
0.0013427
0.00660342
0.00130263
0.00657482
0.001263
0.00654698
0.00122384
0.00652001
0.00118515
0.00649394
0.00114693
0.0064688
0.00110919
0.0064446
0.00107191
0.00642133
0.00103507
0.00639897
0.000998669
0.0063775
0.00096268
0.00635691
0.000927089
0.00633718
0.000891879
0.00631829
0.000857034
0.00630021
0.000822537
0.00628293
0.000788373
0.00626642
0.000754523
0.00625068
0.000720974
0.00623567
0.00068771
0.0062214
0.000654714
0.00620783
0.000621973
0.00619496
0.000589472
0.00618277
0.000557196
0.00617125
0.000525132
0.00616038
0.000493266
0.00615017
0.000461585
0.00614059
0.000430075
0.00613163
0.000398724
0.00612329
0.000367519
0.00611557
0.000336447
0.00610844
0.000305497
0.00610192
0.000274655
0.00609598
0.00024391
0.00609062
0.00021325
0.00608585
0.000182663
0.00608165
0.000152137
0.00607803
0.000121659
0.00607498
9.12178e-05
0.00607251
6.08015e-05
0.00607062
3.03989e-05
0.00606931
0.0060686
0.0014003
0.00499326
0.00151287
0.00540795
0.00160513
0.00575387
0.00167707
0.00604269
0.00172954
0.00627743
0.001764
0.00646156
0.00178232
0.00660067
0.00178665
0.00670083
0.00177922
0.00676832
0.00176221
0.00680924
0.00173766
0.00682921
0.00170736
0.00683316
0.00167284
0.00682527
0.00163533
0.00680894
0.00159583
0.00678685
0.00155509
0.00676103
0.00151367
0.006733
0.00147198
0.00670384
0.00143029
0.0066743
0.0013888
0.00664491
0.00134763
0.00661599
0.00130686
0.00658775
0.00126653
0.00656034
0.00122666
0.00653381
0.00118726
0.0065082
0.00114833
0.00648354
0.00110986
0.0064598
0.00107183
0.00643699
0.00103424
0.0064151
0.000997059
0.00639409
0.000960283
0.00637396
0.000923892
0.00635468
0.00088787
0.00633623
0.0008522
0.0063186
0.000816866
0.00630176
0.000781851
0.00628569
0.00074714
0.00627038
0.000712717
0.00625582
0.000678567
0.00624198
0.000644675
0.00622885
0.000611025
0.00621642
0.000577604
0.00620467
0.000544398
0.00619359
0.000511392
0.00618317
0.000478573
0.0061734
0.000445927
0.00616428
0.000413442
0.00615578
0.000381104
0.00614791
0.000348901
0.00614065
0.00031682
0.006134
0.000284848
0.00612795
0.000252974
0.0061225
0.000221184
0.00611764
0.000189467
0.00611337
0.000157809
0.00610968
0.0001262
0.00610659
9.46255e-05
0.00610408
6.30748e-05
0.00610217
3.15362e-05
0.00610085
0.00610014
0.00139848
0.00151703
0.00161559
0.00169388
0.0017525
0.00179267
0.00181609
0.00182479
0.00182093
0.00180673
0.00178423
0.00175532
0.0017216
0.00168442
0.00164486
0.00160375
0.00156172
0.00151925
0.00147665
0.00143416
0.00139193
0.00135005
0.00130859
0.00126757
0.001227
0.0011869
0.00114725
0.00110805
0.00106928
0.00103094
0.000992994
0.000955439
0.000918257
0.00088143
0.000844942
0.000808779
0.000772922
0.000737358
0.00070207
0.000667042
0.000632262
0.000597712
0.00056338
0.000529251
0.000495311
0.000461547
0.000427944
0.00039449
0.000361173
0.000327978
0.000294893
0.000261905
0.000229002
0.000196171
0.0061462
0.000163399
0.00614245
0.000130674
0.00613931
9.79837e-05
0.00613677
6.53151e-05
0.00613483
3.26573e-05
0.00613351
0.0061328
0.00020277
0.000168902
0.000135079
0.00010129
6.75205e-05
3.37607e-05
)
;

boundaryField
{
    inlet
    {
        type            calculated;
        value           nonuniform 0();
    }
    outlet
    {
        type            calculated;
        value           nonuniform 0();
    }
    cylinder
    {
        type            calculated;
        value           uniform 0;
    }
    top
    {
        type            symmetryPlane;
        value           uniform 0;
    }
    bottom
    {
        type            symmetryPlane;
        value           uniform 0;
    }
    defaultFaces
    {
        type            empty;
        value           nonuniform 0();
    }
    procBoundary14to13
    {
        type            processor;
        value           nonuniform List<scalar> 
233
(
2.17439e-06
-1.6256e-08
6.06461e-06
-1.90623e-07
9.38248e-06
-7.20805e-07
-9.58512e-07
1.0908e-05
-2.28931e-06
1.13626e-05
-4.56124e-06
9.83252e-06
-8.09203e-06
5.76906e-06
-1.32392e-05
-1.44891e-06
-2.04004e-05
-1.25211e-05
-3.00134e-05
-2.82322e-05
-4.25538e-05
-4.94573e-05
-5.85309e-05
-7.71671e-05
-7.84796e-05
-0.00011243
-0.000102948
-0.000156411
-0.000185124
-0.00015772
-0.00024563
-0.000197572
-0.000318338
-0.000243908
-0.00040467
-0.000297011
-0.000506009
-0.000572244
-0.000408356
-0.000700899
-0.000481328
-0.000847748
-0.000944312
-0.000629448
-0.00112296
-0.000719395
-0.00132046
-0.00145194
-0.000896324
-0.00168009
-0.00183301
-0.0010842
-0.00208721
-0.00118116
-0.0023513
-0.0023513
-0.00118116
-0.00208721
-0.00168009
-0.0010842
-0.00183301
-0.00132046
-0.000896324
-0.00145194
-0.000719395
-0.00112296
-0.000847748
-0.000629448
-0.000944312
-0.000481328
-0.000700899
-0.000506009
-0.000408355
-0.000572244
-0.000297011
-0.00040467
-0.000243908
-0.000318338
-0.000197572
-0.00024563
-0.000156411
-0.00015772
-0.000185124
-0.000102948
-0.00011243
-7.84795e-05
-7.71671e-05
-5.85309e-05
-4.94573e-05
-4.25538e-05
-2.82322e-05
-3.00134e-05
-1.25211e-05
-2.04004e-05
-1.44893e-06
-1.32392e-05
5.76905e-06
-8.09203e-06
9.83251e-06
-4.56123e-06
1.13626e-05
-2.28931e-06
1.0908e-05
-9.58511e-07
-7.20804e-07
9.38247e-06
-1.90622e-07
6.06461e-06
-1.6256e-08
2.17439e-06
-0.00607062
-0.00606931
-0.0060686
-0.00673379
-0.00670807
-0.00668005
-0.00665087
-0.00662131
-0.0065919
-0.00656298
-0.00653475
-0.00650735
-0.00648084
-0.00645525
-0.00643059
-0.00640686
-0.00638405
-0.00636213
-0.0063411
-0.00632092
-0.00630159
-0.00628308
-0.00626536
-0.00624843
-0.00623226
-0.00621683
-0.00620212
-0.00618813
-0.00617483
-0.00616222
-0.00615027
-0.00613897
-0.00612832
-0.0061183
-0.0061089
-0.00610012
-0.00609194
-0.00608436
-0.00607737
-0.00607097
-0.00606514
-0.00605988
-0.00605519
-0.00605106
-0.0060475
-0.0060445
9.12178e-05
-0.00604206
-0.00537558
-0.0057265
-0.00601101
-0.00623923
-0.00641663
-0.00654842
-0.00664124
-0.00670178
-0.00673643
-0.00675099
-0.00675049
-0.00673909
0.0015709
-0.00672013
-0.00537558
-0.0057265
-0.00601101
-0.00623923
-0.00641663
-0.00654842
-0.00664124
-0.00670178
-0.00673643
-0.00675099
-0.00675049
-0.00673909
-0.00672013
-0.00669618
-0.00666915
-0.00664042
-0.00661096
-0.00658141
-0.00655222
-0.00652364
0.0012959
-0.00653475
-0.00650735
-0.00648084
-0.00645525
-0.00643059
-0.00640686
-0.00638405
-0.00636213
-0.0063411
-0.00632092
-0.00630159
-0.00628308
-0.00626536
-0.00624843
-0.00623226
-0.00621683
-0.00620212
-0.00618813
-0.00617483
-0.00616222
-0.00615027
-0.00613897
-0.00612832
-0.0061183
-0.0061089
-0.00610012
-0.00609194
-0.00608436
-0.00607737
-0.00607097
-0.00606514
-0.00605988
-0.00605519
-0.00605106
-0.0060475
-0.0060445
-0.00604206
-0.0060402
-0.00603891
-0.0060382
)
;
    }
    procBoundary14to15
    {
        type            processor;
        value           nonuniform List<scalar> 
250
(
-3.03639e-06
-3.00998e-06
-2.95732e-06
-2.87872e-06
-2.77462e-06
-2.6456e-06
-9.47539e-06
-3.83892e-06
-3.55684e-06
-3.23833e-06
-2.8846e-06
-1.69597e-05
-3.46928e-06
-2.84921e-06
-2.14603e-05
-2.74601e-06
-1.75079e-06
-2.46667e-05
-5.28506e-07
9.72596e-07
-2.54594e-05
3.83582e-06
5.99855e-06
-2.24705e-05
1.11252e-05
-1.8278e-05
1.83572e-05
2.22536e-05
-5.05891e-06
3.31232e-05
8.12298e-06
4.7289e-05
5.37099e-05
3.79915e-05
7.32502e-05
6.53051e-05
9.75672e-05
0.000100202
0.000127388
0.000143929
0.000163481
0.000197865
0.000206638
0.00026353
0.000257638
0.000342594
0.000317186
0.000436869
0.000385803
0.00054828
0.000463655
0.000678744
0.000759473
0.000620826
0.000924567
0.00072326
0.00111268
0.000830822
0.00132329
0.000941081
0.00155459
0.00170601
0.00114959
0.00196878
0.00196878
0.00155459
0.00114959
0.00170601
0.000941081
0.00132329
0.000830822
0.00111268
0.000829928
0.00072326
0.000924567
0.00055037
0.000678744
0.000463655
0.00054828
0.000385802
0.000436869
0.000317186
0.000342594
0.000257638
0.00026353
0.000206638
0.000197865
0.000163481
0.000143929
0.000127388
0.000100202
9.75671e-05
6.53051e-05
7.32502e-05
3.79915e-05
5.37099e-05
4.7289e-05
8.12302e-06
3.31232e-05
-5.05887e-06
2.22536e-05
-1.40529e-05
1.41322e-05
1.11252e-05
-2.24704e-05
5.99854e-06
3.83581e-06
-2.54594e-05
9.72589e-07
-2.4503e-05
-6.92138e-07
-1.7508e-06
-2.74601e-06
-2.14602e-05
-2.84922e-06
-3.46929e-06
-1.69597e-05
-2.8846e-06
-3.23833e-06
-3.55684e-06
-3.83893e-06
-9.47536e-06
-2.6456e-06
-2.77462e-06
-2.87872e-06
-2.95732e-06
-3.00998e-06
-3.03639e-06
0.00631368
0.00630002
0.00628709
0.00627488
0.00626336
0.00625254
0.00624239
0.00623291
0.00622408
0.00621591
0.00620838
0.00620148
0.00619521
0.00618957
0.00618454
0.00618012
0.00617632
0.00617313
0.00617056
0.0061686
0.00616727
0.00616656
0.00485442
0.0052894
0.00565531
0.0059644
0.00621881
0.00642138
0.00657724
0.00669213
0.00677217
0.00682345
0.0068517
0.00686207
0.00685899
0.00684613
0.00682642
0.00680215
0.00677503
0.00674631
0.0067169
0.0066874
0.00665822
0.00662963
0.0066018
0.00657483
0.00654877
0.00652364
0.00649945
0.0064762
0.00645386
0.00643244
0.0064119
0.00639223
0.00637341
0.00635542
0.00633824
0.00632185
0.00630624
-0.000761611
0.00629138
0.00485442
0.0052894
0.0056553
0.0059644
0.00621881
0.00642138
0.00657724
0.00669213
0.00677217
0.00682345
0.0068517
0.00686207
0.00685899
0.00684613
0.00682642
0.00680214
0.00677503
0.00674631
0.0067169
0.0066874
0.00665822
0.00662963
0.0066018
0.00657483
0.00654877
0.00652364
0.00649945
0.0064762
0.00645386
0.00643244
0.0064119
0.00639223
0.00637341
0.00635542
0.00633824
0.00632185
0.00630624
0.00629138
0.00627727
0.00626388
0.0062512
0.00623922
0.00622792
0.0062173
0.00620734
0.00619804
0.00618938
0.00618136
0.00617397
0.00616719
0.00616103
0.00615548
0.00615054
-0.000236698
0.00618012
0.00617632
0.00617313
0.00617056
0.0061686
0.00616727
0.00616656
)
;
    }
}


// ************************************************************************* //
