/*--------------------------------*- C++ -*----------------------------------*\
  =========                 |
  \\      /  F ield         | OpenFOAM: The Open Source CFD Toolbox
   \\    /   O peration     | Website:  https://openfoam.org
    \\  /    A nd           | Version:  7
     \\/     M anipulation  |
\*---------------------------------------------------------------------------*/
FoamFile
{
    version     2.0;
    format      ascii;
    class       volScalarField;
    location    "50";
    object      p;
}
// * * * * * * * * * * * * * * * * * * * * * * * * * * * * * * * * * * * * * //

dimensions      [0 2 -2 0 0 0 0];

internalField   nonuniform List<scalar> 
392
(
-0.090899
-0.119013
-0.102324
-0.085508
-0.0705828
-0.129743
-0.112553
-0.0959024
-0.0798136
-0.0635705
-0.0494071
-0.138651
-0.12157
-0.104604
-0.0879784
-0.0719483
-0.0565205
-0.159853
-0.144199
-0.128007
-0.111516
-0.0949631
-0.0785741
-0.0625718
-0.158209
-0.144702
-0.130251
-0.115067
-0.0993857
-0.0834486
-0.0674942
-0.149143
-0.138487
-0.126568
-0.113541
-0.0995992
-0.0849629
-0.0698692
-0.131529
-0.124175
-0.115391
-0.105243
-0.0938484
-0.0813729
-0.0680174
-0.104899
-0.100941
-0.0955863
-0.0887866
-0.0805577
-0.0709766
-0.0601738
-0.0483233
-0.0687234
-0.0666907
-0.0633515
-0.058599
-0.0523967
-0.044774
-0.0358202
-0.0283848
-0.029098
-0.0288857
-0.0275194
-0.0248252
-0.0207081
-0.0151453
-0.00817926
0.0187647
0.0160225
0.0137266
0.0122721
0.0117801
0.0124629
0.014488
0.0179378
0.0634003
0.0596775
0.0565188
0.054318
0.0531124
0.0530967
0.0544307
0.108545
0.103841
0.0998189
0.096869
0.0949427
0.0942156
0.154012
0.14833
0.143447
0.139748
0.199612
0.192958
0.187218
0.245147
0.237529
0.290415
0.290415
0.245147
0.237529
0.199612
0.192958
0.187218
0.154012
0.14833
0.143447
0.139748
0.108545
0.103841
0.099819
0.0968691
0.0949428
0.0942157
0.0634004
0.0596776
0.0565189
0.0543181
0.0531125
0.0530967
0.0544307
0.0187647
0.0160226
0.0137267
0.0122722
0.0117801
0.0124629
0.0144881
0.0179378
-0.0283847
-0.0290979
-0.0288856
-0.0275194
-0.0248251
-0.020708
-0.0151453
-0.0081792
-0.0687233
-0.0666906
-0.0633514
-0.0585989
-0.0523967
-0.044774
-0.0358201
-0.10094
-0.0955862
-0.0887865
-0.0805576
-0.0709766
-0.0601737
-0.0483232
-0.124175
-0.115391
-0.105243
-0.0938483
-0.0813729
-0.0680174
-0.0540069
-0.149143
-0.138487
-0.126568
-0.113541
-0.0995991
-0.0849628
-0.0698691
-0.158209
-0.144702
-0.13025
-0.115067
-0.0993856
-0.0834486
-0.0674941
-0.144199
-0.128007
-0.111516
-0.0949631
-0.0785741
-0.0625717
-0.138651
-0.12157
-0.104604
-0.0879783
-0.0719483
-0.0565204
-0.129743
-0.112553
-0.0959023
-0.0798136
-0.0635705
-0.0494071
-0.119013
-0.102324
-0.0855079
-0.0705827
-0.0908989
-0.084856
-0.0678158
-0.0575526
-0.0479995
-0.0398952
-0.0329135
-0.0267247
-0.0212455
-0.0163596
-0.0119715
-0.00801964
-0.0044493
-0.00121561
0.00172042
0.00438761
0.00681873
0.00903471
0.011057
0.0129033
0.0145897
0.0161298
-0.0668595
-0.0525436
-0.0446111
-0.0368446
-0.0301555
-0.024297
-0.0190411
-0.0143296
-0.0100852
-0.00624295
-0.00275842
0.000408072
0.00329013
0.00591766
0.0083138
0.010504
0.0125061
0.0143375
0.0160132
0.0175465
0.0189493
0.0202319
0.0214037
0.0224729
0.0234466
0.0243316
0.0251335
0.0258574
0.0265078
0.0270886
0.0276032
0.0280546
0.0284454
0.0287777
0.0290535
0.0292741
0.0294407
0.0295538
0.0296172
0.029614
-0.0254241
-0.0202131
-0.0155321
-0.0112446
-0.0073288
-0.00374751
-0.000466494
0.00253895
0.00529267
0.00781628
0.0101302
0.012251
0.0141974
0.015983
0.0176217
0.0191252
0.0205043
0.0217688
0.0229272
0.0239874
0.0249562
0.0258396
0.0266434
0.0273725
0.0280312
0.0286233
0.0291522
0.0296208
0.0300318
0.0303874
0.0306894
0.0309395
0.0311387
0.0312883
0.0313884
0.0314429
0.0314346
0.0331357
0.0332234
0.0332694
0.0332568
-0.0481339
-0.0368886
-0.0313017
-0.0254241
-0.0202131
-0.0155321
-0.0112446
-0.00732883
-0.00374754
-0.000466535
0.0025389
0.00529262
0.00781623
0.0101301
0.012251
0.0141973
0.015983
0.0176216
0.0191251
0.0205043
0.0217688
0.0229272
0.0239874
0.0249562
0.0258396
0.0266435
0.0273726
0.0280312
0.0286233
0.0291522
0.0296209
0.0300319
0.0303875
0.0306895
0.0309395
0.0311388
0.0312884
0.0313885
0.0314429
0.0314347
-0.0668595
-0.0525436
-0.044611
-0.0368446
-0.0301555
-0.024297
-0.0190411
-0.0143296
-0.0100853
-0.00624299
-0.00275847
0.000408017
0.00329007
0.0059176
0.00831374
0.010504
0.012506
0.0143374
0.0160131
0.0175465
0.0189493
0.0202319
0.0214037
0.022473
0.0234466
0.0243317
0.0251336
0.0258575
0.0265079
0.0270886
0.0276032
0.0280547
0.0284455
0.0287778
0.0290536
0.0292741
0.0294408
0.0295539
0.0296173
0.0296141
-0.0848559
-0.0678157
-0.0575525
-0.0479995
-0.0398952
-0.0329135
-0.0267247
-0.0212456
-0.0163596
-0.0119715
-0.0080197
-0.00444936
-0.00121567
0.00172036
)
;

boundaryField
{
    inlet
    {
        type            zeroGradient;
    }
    outlet
    {
        type            fixedValue;
        value           nonuniform 0();
    }
    cylinder
    {
        type            zeroGradient;
    }
    top
    {
        type            symmetryPlane;
    }
    bottom
    {
        type            symmetryPlane;
    }
    defaultFaces
    {
        type            empty;
    }
    procBoundary9to8
    {
        type            processor;
        value           nonuniform List<scalar> 
161
(
-0.0409029
-0.0274632
-0.048134
-0.0472137
-0.0409029
-0.0324932
-0.0517436
-0.0472137
-0.0364164
-0.0545604
-0.0517436
-0.0392714
-0.054007
-0.0545604
-0.0395793
-0.054007
-0.0356322
-0.0256761
-0.0356322
-0.0145243
-0.0256761
8.88392e-05
0.022821
8.88392e-05
0.0290821
0.022821
0.0571836
0.0571836
0.0948391
0.137096
0.0948391
0.135647
0.137096
0.182771
0.182771
0.230941
0.230941
0.281847
0.281847
0.335212
0.335212
0.281847
0.281847
0.230941
0.230941
0.182771
0.182771
0.137096
0.137096
0.135647
0.0948392
0.0948392
0.0571836
0.0571836
0.022821
0.022821
0.0290822
8.88986e-05
8.88986e-05
-0.0256761
-0.0256761
-0.0145242
-0.0356322
-0.0356322
-0.0223281
-0.0395792
-0.0395792
-0.0545603
-0.0545603
-0.0392713
-0.0517436
-0.0517436
-0.0364164
-0.0472137
-0.0472137
-0.0324932
-0.0409029
-0.0409029
-0.0274632
-0.048134
-0.0368886
-0.0313018
-0.0313018
-0.0137384
-0.0100691
-0.00661858
-0.00333534
-0.000243228
0.00265352
0.00535754
0.00787196
0.0102038
0.0123621
0.014357
0.0161983
0.0178976
0.0194644
0.0209084
0.0222381
0.0234619
0.0245872
0.0256207
0.0265687
0.0274367
0.0282296
0.0289522
0.0296084
0.0302019
0.0307358
0.031213
0.0316359
0.0320068
0.0323275
0.0325995
0.0328242
0.0330026
0.0331356
0.0332233
0.0332693
0.0332567
0.0349818
0.0350576
0.0350957
0.0350797
-0.0287345
-0.0208082
-0.0176241
-0.0137384
-0.0100691
-0.00661859
-0.00333536
-0.000243254
0.00265348
0.0053575
0.00787192
0.0102038
0.012362
0.014357
0.0161983
0.0178976
0.0194644
0.0209083
0.0222381
0.0234619
0.0245872
0.0256207
0.0265687
0.0274367
0.0282296
0.0289522
0.0296084
0.0302019
0.0307358
0.031213
0.031636
0.0320069
0.0323276
0.0325996
0.0328243
0.0330027
0.0330027
)
;
    }
    procBoundary9to10
    {
        type            processor;
        value           nonuniform List<scalar> 
152
(
-0.110911
-0.141229
-0.124004
-0.106686
-0.106686
-0.153914
-0.136225
-0.136225
-0.164759
-0.14722
-0.14722
-0.188297
-0.17225
-0.155624
-0.155624
-0.188653
-0.174739
-0.174739
-0.18169
-0.170585
-0.170585
-0.166294
-0.15843
-0.15843
-0.142001
-0.13745
-0.13745
-0.107579
-0.107579
-0.0696499
-0.0696287
-0.0696287
-0.0251842
-0.0269488
-0.0269488
-0.0251841
-0.0269488
-0.0269488
-0.0696498
-0.0696287
-0.0696287
-0.107579
-0.104899
-0.104899
-0.13745
-0.131529
-0.131529
-0.158429
-0.158429
-0.18169
-0.170585
-0.170585
-0.188653
-0.174739
-0.159853
-0.159853
-0.17225
-0.155623
-0.155623
-0.164759
-0.14722
-0.14722
-0.153914
-0.136225
-0.136225
-0.141229
-0.124004
-0.106686
-0.106686
-0.110911
-0.101839
-0.0827452
-0.070128
-0.0588988
-0.0494316
-0.0413841
-0.0342948
-0.0280766
-0.0225705
-0.0176517
-0.0132442
-0.00927874
-0.00570009
-0.00246053
0.000473398
0.00314254
0.00557003
0.00778126
0.00979685
0.011635
0.0133117
0.017536
0.017536
0.0188189
0.0199882
0.0210519
0.0220179
0.0228926
0.0236818
0.0243905
0.0250233
0.025584
0.026076
0.0265023
0.0268653
0.0271672
0.0274095
0.0275936
0.0277201
0.027793
0.0277956
0.00438754
0.00681866
0.00903465
0.0110569
0.0129033
0.0145896
0.0161298
0.017536
0.0188189
0.0199883
0.0210519
0.0220179
0.0228926
0.0236818
0.0243906
0.0250233
0.0255841
0.0260761
0.0265024
0.0268654
0.0271673
0.0274096
0.0275937
0.0277202
0.0277931
0.0277957
-0.101839
-0.0827452
-0.070128
-0.0588988
-0.0494316
-0.0413841
-0.0342948
-0.0280766
-0.0225706
-0.0176518
-0.0132442
-0.0092788
-0.00570016
0.00438754
-0.0024606
)
;
    }
}


// ************************************************************************* //
