/*--------------------------------*- C++ -*----------------------------------*\
  =========                 |
  \\      /  F ield         | OpenFOAM: The Open Source CFD Toolbox
   \\    /   O peration     | Website:  https://openfoam.org
    \\  /    A nd           | Version:  7
     \\/     M anipulation  |
\*---------------------------------------------------------------------------*/
FoamFile
{
    version     2.0;
    format      ascii;
    class       surfaceScalarField;
    location    "5";
    object      phi;
}
// * * * * * * * * * * * * * * * * * * * * * * * * * * * * * * * * * * * * * //

dimensions      [0 3 -1 0 0 0 0];

internalField   nonuniform List<scalar> 
1645
(
7.50843e-07
-6.7106e-06
3.06329e-06
-2.17465e-05
-3.91188e-05
7.81833e-07
-7.49243e-06
3.18624e-06
-2.41509e-05
7.34027e-06
-4.32729e-05
1.33779e-05
-6.50742e-05
-8.97859e-05
8.12125e-07
-8.30455e-06
3.30602e-06
-2.66448e-05
7.60943e-06
-4.75763e-05
1.38566e-05
-7.13214e-05
2.21882e-05
-9.81175e-05
3.27511e-05
-0.000128214
4.56977e-05
-0.000161872
-0.000199363
8.41603e-07
-9.14616e-06
3.42219e-06
-2.92254e-05
7.86971e-06
-5.20238e-05
1.43182e-05
-7.77699e-05
2.29074e-05
-0.000106707
3.37826e-05
-0.000139089
4.70941e-05
-0.000175183
6.29963e-05
-0.000215265
8.16469e-05
-0.000259619
-0.00030854
8.7016e-07
-1.00163e-05
3.53428e-06
-3.18895e-05
8.12002e-06
-5.66095e-05
1.47606e-05
-8.44105e-05
2.35943e-05
-0.000115541
3.47644e-05
-0.000150259
4.84178e-05
-0.000188837
6.47049e-05
-0.000231552
8.3778e-05
-0.000278692
0.00010579
-0.000330551
0.000130892
-0.000387427
0.000159231
-0.000449617
-0.000517419
8.97665e-07
-1.0914e-05
3.64176e-06
-3.46336e-05
8.35915e-06
-6.13269e-05
1.51816e-05
-9.1233e-05
2.42456e-05
-0.000124604
3.56911e-05
-0.000161705
4.96617e-05
-0.000202807
6.63024e-05
-0.000248193
8.57595e-05
-0.000298149
0.000108178
-0.00035297
0.000133699
-0.000412948
0.00016246
-0.000478378
0.000194588
-0.000549548
0.000230201
-0.000626737
0.000269398
-0.000710212
-0.00080022
9.23973e-07
-1.1838e-05
3.74407e-06
-3.74537e-05
8.58579e-06
-6.61686e-05
1.5579e-05
-9.82262e-05
2.48574e-05
-0.000133883
3.65575e-05
-0.000173405
5.08183e-05
-0.000217068
6.77791e-05
-0.000265154
8.75789e-05
-0.000317949
0.000110354
-0.000375745
0.000136236
-0.00043883
0.000165349
-0.000507491
0.000197806
-0.000582005
0.000233708
-0.000662639
0.000273136
-0.00074964
0.000316151
-0.000843234
0.000362786
-0.000943616
0.000413043
-0.00105095
-0.00116534
9.48924e-07
-1.27869e-05
3.84056e-06
-4.03453e-05
8.79852e-06
-7.11266e-05
1.59502e-05
-0.000105378
2.54258e-05
-0.000143358
3.73578e-05
-0.000185337
5.18797e-05
-0.00023159
6.91245e-05
-0.000282398
8.92231e-05
-0.000338048
0.000112302
-0.000398824
0.000138483
-0.00046501
0.000167875
-0.000536883
0.000200577
-0.000614708
0.000236673
-0.000698735
0.000276224
-0.000789191
0.000319269
-0.000886279
0.000365817
-0.000990165
0.000415847
-0.00110098
0.000469297
-0.00121879
0.000526064
-0.00134363
0.000586001
-0.00147545
-0.00161415
9.72357e-07
3.93058e-06
8.99586e-06
1.62924e-05
-0.000112674
2.59466e-05
-0.000153013
3.80859e-05
-0.000197476
5.28378e-05
-0.000246342
7.0328e-05
-0.000299889
9.06787e-05
-0.000358399
0.000114006
-0.000422152
0.000140419
-0.000491423
0.000170015
-0.000566478
0.000202875
-0.000647568
0.000239065
-0.000734924
0.000278626
-0.000828753
0.000321576
-0.000929229
0.000367902
-0.00103649
0.000417553
-0.00115063
0.000470445
-0.00127168
0.000526448
-0.00139963
0.000585387
-0.00153439
0.000647039
-0.0016758
0.000711134
-0.00182363
0.000777351
-0.00197757
-0.00213719
1.6603e-05
2.64155e-05
3.87357e-05
5.36842e-05
7.13787e-05
9.1932e-05
-0.000378952
0.00011545
-0.000445669
0.000142027
-0.000518
0.000171746
-0.000596197
0.000204673
-0.000680495
0.000240854
-0.000771105
0.000280311
-0.00086821
0.000323039
-0.000971958
0.000369001
-0.00108245
0.000418123
-0.00119975
0.000470294
-0.00132385
0.000525358
-0.00145469
0.000583118
-0.00159215
0.000643327
-0.00173601
0.000705695
-0.001886
0.000769885
-0.00204176
0.000835519
-0.00220282
0.000902182
-0.00236867
0.000969428
-0.00253866
-0.00271207
9.29696e-05
0.000116615
0.000143285
0.000173045
0.000205945
0.000242012
-0.000807172
0.000281248
-0.000907446
0.000323624
-0.00101433
0.000369081
-0.00112791
0.000417521
-0.00124819
0.000468808
-0.00137514
0.000522763
-0.00150865
0.000579164
-0.00164855
0.000637747
-0.00179459
0.000698201
-0.00194646
0.00076018
-0.00210373
0.000823296
-0.00226594
0.000887136
-0.00243251
0.000951258
-0.00260278
0.00101521
-0.00277602
0.00107853
-0.00295141
-0.00312788
0.00114076
0.000242514
0.000281408
0.000323302
0.000368112
0.000415718
0.000465959
0.000518636
-0.00156132
0.000573505
-0.00170342
0.000630282
-0.00185137
0.000688646
-0.00200482
0.000748237
-0.00216333
0.000808666
-0.00232637
0.00086952
-0.00249336
0.00093037
-0.00266363
0.000990782
-0.00283644
0.00105032
-0.00301096
-0.00318614
0.00110858
0.00051296
0.000566128
0.000620931
0.000677034
0.000734073
0.000791657
-0.00238395
0.000849378
-0.00255108
0.000906823
-0.00272108
0.000963578
-0.00289319
0.00101924
-0.00306662
-0.00324033
0.00107343
0.000772313
0.000826772
0.000880695
0.000933693
0.000985393
0.00103546
0.000772313
0.00238396
0.000826772
0.00255109
0.000880695
0.00272108
0.000933693
0.0028932
0.000985393
0.00306662
0.00324034
0.00103546
0.000461727
0.00142538
0.00051296
0.00156133
0.000566128
0.00170342
0.00062093
0.00185138
0.000677034
0.00200483
0.000734073
0.00216333
0.000791656
0.00232638
0.000849378
0.00249337
0.000906823
0.00266364
0.000963578
0.00283644
0.00101924
0.00301096
0.00318614
0.00107343
0.000242513
0.000807175
0.000281408
0.000907449
0.000323302
0.00101434
0.000368112
0.00112791
0.000415717
0.00124819
0.000465959
0.00137514
0.000518635
0.00150865
0.000573504
0.00164855
0.000630282
0.0017946
0.000688646
0.00194646
0.000748237
0.00210374
0.000808665
0.00226595
0.000869519
0.00243251
0.00093037
0.00260279
0.000990782
0.00277603
0.00105032
0.00295142
0.00312789
0.00110858
9.29695e-05
0.000378953
0.000116615
0.000445671
0.000143285
0.000518002
0.000173045
0.000596199
0.000205945
0.000680497
0.000242012
0.000771108
0.000281248
0.000868213
0.000323624
0.000971961
0.000369081
0.00108246
0.000417521
0.00119975
0.000468807
0.00132385
0.000522762
0.0014547
0.000579164
0.00159215
0.000637746
0.00173602
0.000698201
0.00188601
0.000760179
0.00204176
0.000823296
0.00220283
0.000887135
0.00236868
0.000951258
0.00253866
0.00101521
0.00271208
0.00107853
0.00114076
1.6603e-05
0.000112675
2.64155e-05
0.000153013
3.87357e-05
0.000197477
5.36842e-05
0.000246342
7.13787e-05
0.000299889
9.1932e-05
0.0003584
0.00011545
0.000422153
0.000142027
0.000491425
0.000171746
0.00056648
0.000204673
0.00064757
0.000240854
0.000734927
0.000280311
0.000828756
0.000323039
0.000929233
0.000369001
0.00103649
0.000418123
0.00115063
0.000470293
0.00127168
0.000525358
0.00139963
0.000583117
0.00153439
0.000643327
0.00167581
0.000705694
0.00182364
0.000769885
0.00197757
0.000835519
0.000902182
0.000969428
9.72357e-07
1.27869e-05
3.93058e-06
4.03454e-05
8.99586e-06
7.11268e-05
1.62924e-05
0.000105378
2.59466e-05
0.000143359
3.80859e-05
0.000185338
5.28378e-05
0.000231591
7.0328e-05
0.000282399
9.06787e-05
0.000338049
0.000114006
0.000398825
0.000140419
0.000465012
0.000170015
0.000536885
0.000202875
0.00061471
0.000239065
0.000698737
0.000278626
0.000789194
0.000321576
0.000886283
0.000367901
0.000990169
0.000417553
0.00110098
0.000470445
0.00121879
0.000526447
0.00134363
0.000585386
0.00147545
0.000647039
0.000711134
9.48925e-07
1.1838e-05
3.84057e-06
3.74538e-05
8.79853e-06
6.61688e-05
1.59502e-05
9.82265e-05
2.54258e-05
0.000133883
3.73578e-05
0.000173406
5.18797e-05
0.000217069
6.91245e-05
0.000265154
8.92232e-05
0.00031795
0.000112302
0.000375746
0.000138483
0.000438832
0.000167875
0.000507493
0.000200577
0.000582007
0.000236673
0.000662642
0.000276224
0.000749643
0.000319269
0.000843238
0.000365817
0.00094362
0.000415847
0.00105095
0.000469297
0.000526064
9.23975e-07
1.0914e-05
3.74408e-06
3.46337e-05
8.5858e-06
6.13271e-05
1.5579e-05
9.12332e-05
2.48574e-05
0.000124605
3.65576e-05
0.000161705
5.08183e-05
0.000202808
6.77791e-05
0.000248194
8.75789e-05
0.000298151
0.000110354
0.000352971
0.000136236
0.00041295
0.000165349
0.00047838
0.000197806
0.00054955
0.000233708
0.00062674
0.000273136
0.000710215
0.000316151
0.000800223
0.000362786
8.97668e-07
1.00163e-05
3.64177e-06
3.18896e-05
8.35917e-06
5.66097e-05
1.51817e-05
8.44107e-05
2.42456e-05
0.000115541
3.56912e-05
0.00015026
4.96617e-05
0.000188837
6.63025e-05
0.000231553
8.57595e-05
0.000278694
0.000108178
0.000330553
0.000133699
0.000387428
0.00016246
0.000449619
0.000194588
0.000517422
0.000230201
0.000269398
8.70163e-07
9.14618e-06
3.53429e-06
2.92255e-05
8.12004e-06
5.2024e-05
1.47606e-05
7.77702e-05
2.35944e-05
0.000106707
3.47644e-05
0.00013909
4.84178e-05
0.000175184
6.47049e-05
0.000215266
8.3778e-05
0.00025962
0.00010579
0.000308541
0.000130892
0.000159231
8.41606e-07
8.30457e-06
3.4222e-06
2.66449e-05
7.86973e-06
4.75764e-05
1.43182e-05
7.13217e-05
2.29074e-05
9.81179e-05
3.37827e-05
0.000128215
4.70942e-05
0.000161872
6.29964e-05
0.000199364
8.1647e-05
8.12122e-07
7.49245e-06
3.30602e-06
2.4151e-05
7.60943e-06
4.3273e-05
1.38566e-05
6.50745e-05
2.21883e-05
8.97863e-05
3.27511e-05
4.56978e-05
7.8183e-07
6.71062e-06
3.18623e-06
2.17466e-05
7.34027e-06
1.33779e-05
7.50842e-07
0.000528763
-0.00596454
0.000506511
-0.00594857
0.000484587
-0.00593332
0.000462972
-0.00591877
0.000441648
-0.0059049
0.0004206
-0.00589171
0.000399811
-0.00587917
0.000379265
-0.00586728
0.000358949
-0.00585602
0.000338847
-0.00584538
0.000318947
-0.00583535
0.000299234
-0.00582592
0.000279697
-0.00581708
0.000260322
-0.00580882
0.000241099
-0.00580114
0.000222015
-0.00579403
0.00020306
-0.00578747
0.000184221
-0.00578147
0.00016549
-0.00577602
0.000146854
-0.0057711
0.000128305
-0.00576673
0.000109831
-0.00576288
9.14221e-05
-0.00575957
7.30687e-05
-0.00575679
5.47603e-05
-0.00575453
3.64863e-05
-0.0057528
1.82362e-05
-0.00575161
-0.00575097
0.00119311
-0.00626934
0.00122687
-0.00642407
0.00124449
-0.00652846
0.00124844
-0.00659193
0.00124125
-0.0066236
0.00122537
-0.00663123
0.00120306
-0.00662167
0.00117621
-0.0066005
0.0011464
-0.00657201
0.00111483
-0.00653934
0.00108238
-0.00650467
0.0010497
-0.00646942
0.0010172
-0.00643446
0.000985148
-0.00640029
0.000953711
-0.00636717
0.000922969
-0.0063352
0.000892954
-0.00630438
0.000863673
-0.00627471
0.000835109
-0.00624614
0.000807241
-0.00621862
0.000780041
-0.00619212
0.000753477
-0.00616659
0.000727522
-0.00614202
0.000702144
-0.00611837
0.000677317
-0.00609561
0.000653013
-0.00607372
0.000629206
-0.00605269
0.000605871
-0.00603248
0.000582983
-0.00601309
0.00056052
-0.00599449
0.000538459
-0.00597665
0.000516779
-0.00595957
0.00049546
-0.00594322
0.000474482
-0.00592759
0.000453826
-0.00591266
0.000433475
-0.00589841
0.000413411
-0.00588484
0.000393618
-0.00587191
0.00037408
-0.00585963
0.000354782
-0.00584798
0.000335708
-0.00583694
0.000316846
-0.00582651
0.000298182
-0.00581668
0.000279703
-0.00580744
0.000261397
-0.00579877
0.000243251
-0.00579068
0.000225253
-0.00578314
0.000207393
-0.00577617
0.000189659
-0.00576974
0.000172042
-0.00576385
0.000154529
-0.0057585
0.000137112
-0.00575369
0.00011978
-0.0057494
0.000102523
-0.00574563
8.53317e-05
-0.00574238
6.81954e-05
-0.00573965
5.11043e-05
-0.00573744
3.40482e-05
-0.00573575
1.70168e-05
-0.00573458
-0.00573395
0.00115391
-0.00631468
0.00118159
-0.00645175
0.0011941
-0.00654097
0.00119394
-0.00659176
0.0011836
-0.00661327
0.00116549
-0.00661313
0.00114175
-0.00659793
0.00111417
-0.00657292
0.00108418
-0.00654202
0.00105287
-0.00650803
0.00102103
-0.00647283
0.000989196
-0.00643758
0.000957718
-0.00640298
0.000926811
-0.00636939
0.000896594
-0.00633696
0.000867122
-0.00630573
0.000838409
-0.00627567
0.000810447
-0.00624675
0.000783214
-0.0062189
0.000756679
-0.00619208
0.000730813
-0.00616625
0.000705584
-0.00614136
0.000680959
-0.00611739
0.000656909
-0.00609432
0.000633406
-0.0060721
0.000610421
-0.00605074
0.000587929
-0.00603019
0.000565903
-0.00601046
0.00054432
-0.00599151
0.000523157
-0.00597332
0.000502391
-0.00595589
0.000482001
-0.00593918
0.000461967
-0.00592319
0.000442269
-0.0059079
0.000422889
-0.00589328
0.000403808
-0.00587933
0.00038501
-0.00586604
0.000366479
-0.00585338
0.000348199
-0.00584135
0.000330154
-0.00582993
0.000312332
-0.00581912
0.000294717
-0.0058089
0.000277296
-0.00579926
0.000260058
-0.0057902
0.000242989
-0.0057817
0.000226079
-0.00577377
0.000209314
-0.00576638
0.000192685
-0.00575954
0.000176181
-0.00575323
0.000159791
-0.00574746
0.000143505
-0.00574222
0.000127314
-0.00573749
0.000111206
-0.00573329
9.51738e-05
-0.0057296
7.92063e-05
-0.00572641
6.3294e-05
-0.00572374
4.74274e-05
-0.00572157
3.15963e-05
-0.00571991
1.57904e-05
-0.00571877
-0.00571816
0.00111195
-0.0063532
0.00113382
-0.00647362
0.00114152
-0.00654866
0.00113754
-0.00658779
0.00112436
-0.00660009
0.0011043
-0.00659306
0.00107938
-0.00657301
0.00105127
-0.00654481
0.00102128
-0.00651203
0.000990374
-0.00647712
0.000959234
-0.00644169
0.000928318
-0.00640666
0.000897912
-0.00637257
0.000868181
-0.00633966
0.000839208
-0.00630798
0.000811022
-0.00627754
0.000783622
-0.00624827
0.000756987
-0.00622011
0.000731088
-0.006193
0.000705893
-0.00616689
0.000681365
-0.00614172
0.000657473
-0.00611747
0.000634183
-0.0060941
0.000611465
-0.0060716
0.000589289
-0.00604993
0.000567628
-0.00602908
0.000546455
-0.00600902
0.000525743
-0.00598975
0.00050547
-0.00597123
0.000485612
-0.00595346
0.000466146
-0.00593642
0.000447051
-0.00592009
0.000428307
-0.00590445
0.000409895
-0.00588948
0.000391795
-0.00587518
0.000373991
-0.00586153
0.000356466
-0.00584851
0.000339203
-0.00583612
0.000322186
-0.00582433
0.000305402
-0.00581315
0.000288836
-0.00580255
0.000272474
-0.00579254
0.000256304
-0.00578309
0.000240313
-0.00577421
0.000224489
-0.00576588
0.00020882
-0.0057581
0.000193295
-0.00575086
0.000177903
-0.00574415
0.000162635
-0.00573797
0.000147479
-0.00573231
0.000132426
-0.00572716
0.000117466
-0.00572253
0.00010259
-0.00571841
8.77879e-05
-0.00571479
7.30505e-05
-0.00571168
5.83687e-05
-0.00570906
4.37325e-05
-0.00570693
2.91323e-05
-0.00570531
1.45582e-05
-0.0057042
-0.0057036
0.00106741
0.00108374
0.00108692
0.00107945
0.00106372
0.00104197
0.0010161
0.000987653
0.000957808
0.000927416
0.000897064
0.000867129
0.000837839
0.000809312
0.000781601
0.000754713
0.000728633
0.000703331
0.000678771
0.000654916
0.00063173
0.000609178
0.000587226
0.000565842
0.000544997
0.000524663
0.000504812
0.00048542
0.00046646
0.000447911
0.000429749
0.000411954
0.000394505
0.000377383
0.00036057
0.000344047
0.000327799
0.000311809
0.000296062
0.000280543
0.000265239
0.000250136
0.000235221
0.000220483
0.000205908
0.000191486
0.000177207
0.000163058
0.000149031
0.000135115
0.0001213
0.000107577
9.39376e-05
8.03712e-05
6.68695e-05
5.34231e-05
4.00226e-05
2.66584e-05
1.33209e-05
0.00102044
0.00638516
0.00103153
0.00648998
0.0010305
0.00655186
0.00101982
0.00658033
0.00658438
0.00106741
0.00635321
0.00108374
0.00647364
0.00108692
0.00654867
0.00107945
0.00658781
0.00106372
0.0066001
0.00104197
0.00659308
0.0010161
0.00657302
0.000987654
0.00654482
0.000957808
0.00651204
0.000927416
0.00647714
0.000897064
0.0064417
0.00086713
0.00640668
0.000837839
0.00637259
0.000809312
0.00633967
0.000781601
0.00630799
0.000754714
0.00627755
0.000728633
0.00624828
0.000703331
0.00622012
0.000678771
0.00619301
0.000654916
0.0061669
0.00063173
0.00614173
0.000609178
0.00611748
0.000587225
0.00609411
0.000565842
0.0060716
0.000544997
0.00604993
0.000524663
0.00602908
0.000504812
0.00600903
0.00048542
0.00598975
0.00046646
0.00597124
0.000447911
0.00595347
0.000429749
0.00593643
0.000411954
0.00592009
0.000394505
0.00590445
0.000377383
0.00588949
0.00036057
0.00587519
0.000344047
0.00586153
0.000327799
0.00584852
0.000311809
0.00583612
0.000296062
0.00582434
0.000280543
0.00581315
0.000265239
0.00580256
0.000250136
0.00579254
0.000235221
0.0057831
0.000220482
0.00577421
0.000205908
0.00576588
0.000191486
0.0057581
0.000177207
0.00575086
0.000163058
0.00574415
0.000149031
0.00573797
0.000135115
0.00573231
0.0001213
0.00572717
0.000107577
0.00572254
9.39375e-05
0.00571841
8.03712e-05
0.0057148
6.68695e-05
0.00571168
5.34231e-05
0.00570906
4.00226e-05
0.00570694
2.66584e-05
0.00570532
1.33209e-05
0.0057042
0.00570361
0.00111195
0.00631469
0.00113382
0.00645177
0.00114152
0.00654098
0.00113754
0.00659178
0.00112436
0.00661328
0.0011043
0.00661314
0.00107938
0.00659794
0.00105127
0.00657293
0.00102128
0.00654203
0.000990374
0.00650805
0.000959234
0.00647284
0.000928318
0.00643759
0.000897912
0.00640299
0.000868181
0.0063694
0.000839208
0.00633697
0.000811022
0.00630574
0.000783622
0.00627568
0.000756987
0.00624676
0.000731088
0.00621891
0.000705892
0.00619209
0.000681365
0.00616626
0.000657473
0.00614137
0.000634183
0.0061174
0.000611465
0.00609432
0.000589289
0.00607211
0.000567628
0.00605074
0.000546454
0.0060302
0.000525743
0.00601046
0.00050547
0.00599151
0.000485612
0.00597333
0.000466146
0.00595589
0.000447051
0.00593919
0.000428307
0.00592319
0.000409894
0.0059079
0.000391795
0.00589329
0.000373991
0.00587934
0.000356466
0.00586604
0.000339202
0.00585338
0.000322186
0.00584135
0.000305402
0.00582994
0.000288836
0.00581912
0.000272474
0.0058089
0.000256304
0.00579927
0.000240313
0.0057902
0.000224488
0.00578171
0.00020882
0.00577377
0.000193295
0.00576638
0.000177903
0.00575954
0.000162635
0.00575324
0.000147479
0.00574747
0.000132426
0.00574222
0.000117466
0.0057375
0.00010259
0.00573329
8.77879e-05
0.0057296
7.30505e-05
0.00572641
5.83686e-05
0.00572374
4.37325e-05
0.00572157
2.91323e-05
0.00571992
1.45582e-05
0.00571878
0.00571816
0.00115391
0.00626936
0.00118159
0.00642409
0.0011941
0.00652847
0.00119394
0.00659194
0.0011836
0.00662362
0.00116549
0.00663125
0.00114175
0.00662168
0.00111417
0.00660051
0.00108418
0.00657202
0.00105287
0.00653935
0.00102103
0.00650468
0.000989197
0.00646943
0.000957718
0.00643447
0.000926811
0.00640031
0.000896594
0.00636718
0.000867122
0.00633521
0.00083841
0.00630439
0.000810447
0.00627472
0.000783214
0.00624614
0.000756679
0.00621863
0.000730813
0.00619212
0.000705584
0.0061666
0.000680959
0.00614203
0.000656909
0.00611837
0.000633406
0.00609561
0.000610421
0.00607373
0.000587929
0.00605269
0.000565903
0.00603249
0.00054432
0.0060131
0.000523157
0.00599449
0.000502391
0.00597666
0.000482001
0.00595958
0.000461967
0.00594323
0.000442269
0.0059276
0.000422888
0.00591267
0.000403808
0.00589842
0.00038501
0.00588484
0.000366479
0.00587192
0.000348198
0.00585963
0.000330154
0.00584798
0.000312331
0.00583695
0.000294717
0.00582652
0.000277296
0.00581669
0.000260058
0.00580744
0.000242989
0.00579878
0.000226078
0.00579068
0.000209314
0.00578315
0.000192685
0.00577617
0.000176181
0.00576974
0.000159791
0.00576386
0.000143505
0.00575851
0.000127314
0.00575369
0.000111206
0.0057494
9.51737e-05
0.00574563
7.92063e-05
0.00574238
6.32939e-05
0.00573965
4.74274e-05
0.00573744
3.15963e-05
0.00573575
1.57904e-05
0.00573458
0.00573396
0.00119311
0.00122687
0.00124449
0.00124844
0.00124125
0.00122538
0.00120306
0.00117621
0.0011464
0.00111483
0.00108238
0.0010497
0.0010172
0.000985148
0.000953711
0.000922969
0.000892955
0.000863673
0.000835109
0.000807241
0.000780041
0.000753477
0.000727521
0.000702144
0.000677317
0.000653013
0.000629206
0.00060587
0.000582983
0.000560519
0.000538459
0.000516779
0.00049546
0.000474482
0.000453826
0.000433475
0.000413411
0.000393618
0.00037408
0.000354781
0.000335708
0.000316846
0.000298182
0.000279703
0.000261397
0.00024325
0.000225253
0.00580114
0.000207393
0.00579403
0.000189659
0.00578747
0.000172041
0.00578147
0.000154529
0.00577602
0.000137112
0.00577111
0.00011978
0.00576673
0.000102523
0.00576289
8.53316e-05
0.00575957
6.81954e-05
0.00575679
5.11043e-05
0.00575453
3.40481e-05
0.0057528
1.70168e-05
0.00575161
0.00575097
0.000241099
0.000222015
0.000203059
0.000184221
0.00016549
0.000146854
0.000128304
0.00010983
9.1422e-05
7.30687e-05
5.47602e-05
3.64863e-05
1.82362e-05
)
;

boundaryField
{
    inlet
    {
        type            calculated;
        value           nonuniform 0();
    }
    outlet
    {
        type            calculated;
        value           nonuniform 0();
    }
    cylinder
    {
        type            calculated;
        value           uniform 0;
    }
    top
    {
        type            symmetryPlane;
        value           uniform 0;
    }
    bottom
    {
        type            symmetryPlane;
        value           uniform 0;
    }
    defaultFaces
    {
        type            empty;
        value           nonuniform 0();
    }
    procBoundary11to10
    {
        type            processor;
        value           nonuniform List<scalar> 
192
(
-1.37592e-05
-4.33036e-05
-7.61919e-05
-9.17623e-06
-0.000120101
-0.000162825
-0.000209797
-0.00026129
-0.000317583
-7.22658e-05
-0.000399656
-0.000469315
-0.00054467
-0.000625958
-0.000713395
-0.000206668
-0.000843017
-0.00094634
-0.00105623
-0.00117272
-0.0012958
-0.00142538
-0.000461727
-0.00161256
-0.00175659
-0.00190617
-0.00206092
-0.00222036
-0.000717718
-0.00243855
-0.00260554
-0.002775
-0.00294619
-0.00311832
-0.0032904
-0.00243856
-0.00260555
-0.00277501
-0.0029462
-0.00311833
-0.0032904
-0.000994816
-0.00147442
-0.00161256
-0.00175659
-0.00190618
-0.00206093
-0.000717717
-0.00222037
-0.00084302
-0.000946343
-0.00105623
-0.00117272
-0.000412689
-0.0012958
-0.000399657
-0.000469316
-0.000544671
-0.00062596
-0.000206668
-0.000713397
-0.000120101
-0.000162826
-0.000209797
-0.000261291
-7.22658e-05
-0.000317584
-1.37593e-05
-4.33037e-05
-9.17623e-06
-7.61921e-05
-0.00638514
-0.00648996
-0.00655184
-0.00658031
-0.00658436
-0.00657131
-0.00654714
-0.00651636
-0.00648218
-0.00644673
-0.00641133
-0.00637673
-0.00634328
-0.00631113
-0.00628027
-0.00625065
-0.00622219
-0.00619481
-0.00616844
-0.00614303
-0.00611854
-0.00609492
-0.00607215
-0.00605021
-0.00602908
-0.00600874
-0.00598917
-0.00597035
-0.00595227
-0.00593491
-0.00591826
-0.00590229
-0.005887
-0.00587236
-0.00585837
-0.00584501
-0.00583226
-0.00582013
-0.00580859
-0.00579763
-0.00578725
-0.00577743
-0.00576818
-0.00575947
-0.00575131
-0.00574368
-0.00573658
-0.00573
-0.00572394
-0.00571839
-0.00571335
-0.00570881
-0.00570477
-0.00570123
-0.00569817
-0.00569561
-0.00569353
-0.00569195
-0.00569086
-0.00569028
-0.00641078
-0.00650107
-0.00655083
-0.00656965
-0.00656638
0.00100183
-0.00657133
-0.00654715
-0.00651638
-0.0064822
-0.00644675
-0.00641135
-0.00637674
-0.0063433
-0.00631114
-0.00628028
-0.00625066
-0.0062222
-0.00619482
-0.00616845
-0.00614304
-0.00611854
-0.00609493
-0.00607216
-0.00605022
-0.00602909
-0.00600875
-0.00598918
-0.00597036
-0.00595228
-0.00593492
-0.00591826
-0.0059023
-0.005887
-0.00587237
-0.00585837
-0.00584501
-0.00583227
-0.00582013
-0.00580859
-0.00579763
-0.00578725
-0.00577744
-0.00576818
-0.00575947
-0.00575131
-0.00574368
-0.00573658
-0.00573
-0.00572394
-0.00571839
-0.00571335
-0.00570881
-0.00570477
-0.00570123
-0.00569818
-0.00569561
-0.00569354
-0.00569195
-0.00569087
-0.00569029
)
;
    }
    procBoundary11to12
    {
        type            processor;
        value           nonuniform List<scalar> 
202
(
5.95975e-06
1.94341e-05
3.51189e-05
7.06324e-06
5.90366e-05
8.17238e-05
2.14401e-05
0.000117651
0.000148925
0.000183874
6.1186e-05
0.000240969
0.000286981
0.000103206
0.000362325
0.000421277
0.0004857
0.00019095
0.000591125
0.000671015
0.000757357
0.000312261
0.000896982
0.00100069
0.00111149
0.000466889
0.00128686
0.00141551
0.00155124
0.00064891
0.00175954
0.00191135
0.00206922
0.000845322
0.00230201
0.00247141
0.00264471
0.00103678
0.00288809
0.00306565
0.0028881
0.00306566
0.0021372
0.00230201
0.00247142
0.00103678
0.00264472
0.00161415
0.00175954
0.000777351
0.00191135
0.00116534
0.00128686
0.000586001
0.00141552
0.000896985
0.000413043
0.00100069
0.000591128
0.000671018
0.000312261
0.00075736
0.000362327
0.000421279
0.00019095
0.000485703
0.00024097
0.000103206
0.000286982
0.000117652
0.000148926
6.11861e-05
0.000183875
3.9119e-05
5.90368e-05
2.14401e-05
8.17242e-05
5.95978e-06
3.06328e-06
1.94341e-05
0.00598714
0.00597082
0.00595524
0.00594038
0.00592622
0.00591275
0.00589996
0.00588782
0.00587633
0.00586548
0.00585525
0.00584563
0.00583662
0.0058282
0.00582037
0.00581311
0.00580643
0.00580031
0.00579475
0.00578974
0.00578528
0.00578136
0.00577798
0.00577514
0.00577284
0.00577108
0.00576986
0.00576921
0.006217
0.00639032
0.00651084
0.00658797
0.0066308
0.00664711
0.00664399
0.00662734
0.00660182
0.00657091
0.00653711
0.0065021
0.00646696
0.00643234
0.00639861
0.00636594
0.0063344
0.00630399
0.0062747
0.00624649
0.00621932
0.00619316
0.00616798
0.00614374
0.00612043
0.00609803
0.00607649
0.00605582
0.00603598
0.00601695
0.00599871
-0.00055136
0.00598125
0.00621701
0.00639033
0.00651085
0.00658799
0.00663081
0.00664712
0.006644
0.00662735
0.00660183
0.00657093
0.00653713
0.00650211
0.00646697
0.00643235
0.00639862
0.00636595
0.00633441
0.006304
0.00627471
0.0062465
0.00621933
0.00619317
0.00616798
0.00614375
0.00612044
0.00609803
0.0060765
0.00605582
0.00603598
0.00601695
0.00599872
0.00598126
0.00596455
0.00594858
0.00593332
0.00591877
0.0059049
0.00589171
0.00587917
0.00586728
0.00585602
0.00584538
0.00583535
0.00582592
0.00581708
0.00580883
-0.000260322
0.00582037
0.00581311
0.00580643
0.00580031
0.00579475
0.00578974
0.00578528
0.00578136
0.00577798
0.00577514
0.00577284
0.00577108
0.00576986
0.00576921
)
;
    }
}


// ************************************************************************* //
