/*--------------------------------*- C++ -*----------------------------------*\
  =========                 |
  \\      /  F ield         | OpenFOAM: The Open Source CFD Toolbox
   \\    /   O peration     | Website:  https://openfoam.org
    \\  /    A nd           | Version:  7
     \\/     M anipulation  |
\*---------------------------------------------------------------------------*/
FoamFile
{
    version     2.0;
    format      ascii;
    class       volScalarField;
    location    "35";
    object      p;
}
// * * * * * * * * * * * * * * * * * * * * * * * * * * * * * * * * * * * * * //

dimensions      [0 2 -2 0 0 0 0];

internalField   nonuniform List<scalar> 
392
(
-0.0247374
-0.0238141
-0.0229249
-0.0247481
-0.0238244
-0.0229348
-0.0247696
-0.0238451
-0.0229546
-0.0248018
-0.023876
-0.0229843
-0.0248448
-0.0239172
-0.0230239
-0.0248984
-0.0239687
-0.0230733
-0.0249626
-0.0240304
-0.0231325
-0.0250375
-0.0241022
-0.0232015
-0.0251228
-0.0241842
-0.0232802
-0.0252187
-0.0242762
-0.0233685
-0.0253249
-0.0243782
-0.0234664
-0.0254415
-0.02449
-0.0235738
-0.0255683
-0.0246117
-0.0236906
-0.0257051
-0.024743
-0.0238166
-0.0258519
-0.0248839
-0.0239519
-0.0260085
-0.0250341
-0.0240961
-0.0251937
-0.0242492
-0.0233395
-0.0253623
-0.0244111
-0.0234949
-0.02554
-0.0245816
-0.0236585
-0.0257255
-0.0247596
-0.0238293
-0.0259177
-0.024944
-0.0240064
-0.026124
-0.025142
-0.0241964
-0.0263634
-0.0253713
-0.0244161
-0.0265868
-0.0255854
-0.0246213
-0.0267035
-0.0256999
-0.0247336
-0.027081
-0.0260693
-0.0250948
-0.0274533
-0.0264347
-0.0254531
-0.0278409
-0.0268155
-0.0258271
-0.0282538
-0.0272217
-0.0262263
-0.0286874
-0.0276488
-0.0266464
-0.0291373
-0.0280925
-0.0270835
-0.0295998
-0.0285492
-0.027534
-0.0300705
-0.0290148
-0.0279939
-0.0305451
-0.029485
-0.0284591
-0.0310194
-0.0299557
-0.0289255
-0.0314892
-0.0304229
-0.0293892
-0.0319508
-0.0308828
-0.0298466
-0.0324009
-0.0313322
-0.0302942
-0.0328367
-0.0317681
-0.0307293
-0.0332557
-0.0321882
-0.0311495
-0.0336562
-0.0325906
-0.0315528
-0.0340368
-0.0329739
-0.0319377
-0.0343965
-0.033337
-0.0323031
-0.0347348
-0.0336792
-0.0326483
-0.0350514
-0.0340004
-0.0329729
-0.0353464
-0.0343003
-0.0332768
-0.0356201
-0.0345793
-0.0335599
-0.035873
-0.0348376
-0.0338228
-0.0361056
-0.0350759
-0.0340657
-0.0330749
-0.0363187
-0.0352946
-0.0342892
-0.0333023
-0.036513
-0.0354945
-0.0344939
-0.033511
-0.0366893
-0.0356764
-0.0346804
-0.0337015
-0.0368485
-0.0358409
-0.0348495
-0.0338744
-0.0369912
-0.0359887
-0.0350017
-0.0340304
-0.0371183
-0.0361206
-0.0351378
-0.03417
-0.0372304
-0.0362373
-0.0352584
-0.0342939
-0.0363393
-0.035364
-0.0344026
-0.0364273
-0.0354551
-0.0344965
-0.0365017
-0.0355323
-0.0345762
-0.036563
-0.035596
-0.0346419
-0.0366116
-0.0356466
-0.0346941
-0.0366478
-0.0356842
-0.034733
-0.0366718
-0.0357092
-0.0347589
-0.0366837
-0.0357216
-0.0347717
-0.0267035
-0.0270811
-0.0274534
-0.0278409
-0.0282539
-0.0286875
-0.0291374
-0.0295998
-0.0300705
-0.0305451
-0.0310194
-0.0314892
-0.0319508
-0.032401
-0.0328367
-0.0332558
-0.0336563
-0.0340368
-0.0343965
-0.0347348
-0.0350514
-0.0353464
-0.0356201
-0.035873
-0.0361056
-0.0363187
-0.036513
-0.0366893
-0.0368485
-0.0369912
-0.0371183
-0.0372304
-0.0373284
-0.0374127
-0.0374839
-0.0375425
-0.0375888
-0.0376233
-0.0376462
-0.0376576
-0.0256999
-0.0260693
-0.0264347
-0.0268156
-0.0272218
-0.0276488
-0.0280925
-0.0285492
-0.0290148
-0.0294851
-0.0299558
-0.0304229
-0.0308828
-0.0313322
-0.0317681
-0.0321882
-0.0325907
-0.0329739
-0.033337
-0.0336793
-0.0340004
-0.0343003
-0.0345793
-0.0348376
-0.0350759
-0.0352946
-0.0354946
-0.0356764
-0.0358409
-0.0359887
-0.0361206
-0.0362373
-0.0363393
-0.0364273
-0.0365017
-0.036563
-0.0366116
-0.0366478
-0.0366718
-0.0366837
-0.0247336
-0.0250948
-0.0254532
-0.0258271
-0.0262263
-0.0266465
-0.0270836
-0.027534
-0.0279939
-0.0284592
-0.0289256
-0.0293893
-0.0298466
-0.0302942
-0.0307294
-0.0311495
-0.0315528
-0.0319378
-0.0323032
-0.0326484
-0.0329729
-0.0332768
-0.03356
-0.0338228
-0.0340657
-0.0342892
-0.0344939
-0.0346804
-0.0348495
-0.0350017
-0.0351378
-0.0352584
-0.035364
-0.0354551
-0.0355324
-0.0355961
-0.0356466
-0.0356842
-0.0357092
-0.0357216
-0.0265869
-0.0255855
-0.0246214
-0.0263634
-0.0253714
-0.0244162
-0.0261241
-0.025142
-0.0241964
-0.0259177
-0.024944
-0.0240064
-0.0257255
-0.0247596
-0.0238294
-0.02554
-0.0245816
-0.0236585
-0.0253624
-0.0244111
-0.0234949
-0.0251937
-0.0242492
-0.0233395
-0.0260085
-0.0250342
-0.0240961
-0.0258519
-0.0248839
-0.0239519
-0.0257051
-0.024743
-0.0238167
-0.0255683
-0.0246117
-0.0236906
-0.0254415
-0.0244901
-0.0235738
-0.025325
-0.0243782
-0.0234664
-0.0252187
-0.0242762
-0.0233685
-0.0251229
-0.0241842
-0.0232802
-0.0250375
-0.0241022
-0.0232015
-0.0249626
-0.0240304
-0.0231325
-0.0248984
-0.0239687
-0.0230733
-0.0248448
-0.0239172
-0.0230239
-0.0248018
-0.023876
-0.0229843
-0.0247696
-0.0238451
-0.0229546
-0.0247481
-0.0238244
-0.0229348
-0.0247374
-0.0238141
-0.0229249
)
;

boundaryField
{
    inlet
    {
        type            zeroGradient;
    }
    outlet
    {
        type            fixedValue;
        value           nonuniform 0();
    }
    cylinder
    {
        type            zeroGradient;
    }
    top
    {
        type            symmetryPlane;
    }
    bottom
    {
        type            symmetryPlane;
    }
    defaultFaces
    {
        type            empty;
    }
    procBoundary45to44
    {
        type            processor;
        value           nonuniform List<scalar> 
131
(
-0.0256964
-0.0257076
-0.02573
-0.0257636
-0.0258083
-0.0258642
-0.0259311
-0.0260091
-0.0260981
-0.0261979
-0.0263086
-0.0264301
-0.0265622
-0.0267048
-0.0268578
-0.027021
-0.0261747
-0.0261747
-0.0263505
-0.0265357
-0.026729
-0.0269293
-0.0271444
-0.0273943
-0.0276275
-0.0277464
-0.028132
-0.028511
-0.028905
-0.0293244
-0.0297641
-0.0302197
-0.0306873
-0.0311625
-0.0316407
-0.0321178
-0.0325893
-0.0330517
-0.0335016
-0.0339361
-0.034353
-0.0347504
-0.0351271
-0.0354823
-0.0358154
-0.0361263
-0.0364153
-0.0366826
-0.036929
-0.037155
-0.0373614
-0.0375492
-0.0377191
-0.037872
-0.0380089
-0.0381304
-0.0382375
-0.0373284
-0.0373284
-0.0374126
-0.0374838
-0.0375424
-0.0375888
-0.0376233
-0.0376462
-0.0376576
-0.0277464
-0.028132
-0.028511
-0.0289051
-0.0293244
-0.0297641
-0.0302198
-0.0306873
-0.0311625
-0.0316408
-0.0321178
-0.0325894
-0.0330518
-0.0335016
-0.0339362
-0.034353
-0.0347505
-0.0351272
-0.0354823
-0.0358154
-0.0361263
-0.0364153
-0.0366827
-0.036929
-0.037155
-0.0373614
-0.0375492
-0.0377191
-0.0378721
-0.0380089
-0.0381304
-0.0382375
-0.0383307
-0.0384109
-0.0384784
-0.0385339
-0.0385778
-0.0386104
-0.038632
-0.0386428
-0.0276275
-0.0273943
-0.0271444
-0.0269293
-0.0267291
-0.0265357
-0.0263505
-0.0261747
-0.0261747
-0.027021
-0.0268578
-0.0267048
-0.0265622
-0.0264301
-0.0263087
-0.026198
-0.0260981
-0.0260091
-0.0259311
-0.0258642
-0.0258083
-0.0257636
-0.02573
-0.0257076
-0.0256964
)
;
    }
    procBoundary45to46
    {
        type            processor;
        value           nonuniform List<scalar> 
131
(
-0.0220679
-0.0220774
-0.0220965
-0.022125
-0.022163
-0.0222105
-0.0222673
-0.0223336
-0.0224091
-0.022494
-0.022588
-0.0226911
-0.0228032
-0.0229242
-0.023054
-0.0231925
-0.0231925
-0.0224627
-0.0226119
-0.022769
-0.022933
-0.023103
-0.0232854
-0.023496
-0.0236927
-0.0238028
-0.0241557
-0.0245069
-0.0248737
-0.0252657
-0.0256787
-0.0261088
-0.0265526
-0.0270064
-0.027466
-0.0279274
-0.028387
-0.0288409
-0.029286
-0.0297195
-0.0301388
-0.0305421
-0.0309276
-0.0312944
-0.0316416
-0.0319686
-0.0322754
-0.0325619
-0.0328283
-0.0328283
-0.0321035
-0.032334
-0.0325458
-0.0327395
-0.0329157
-0.0330748
-0.0332174
-0.0333441
-0.0334554
-0.0335517
-0.0336334
-0.0337009
-0.0337546
-0.0337946
-0.0338211
-0.0338344
-0.0238028
-0.0241558
-0.0245069
-0.0248738
-0.0252657
-0.0256787
-0.0261088
-0.0265527
-0.0270064
-0.027466
-0.0279275
-0.028387
-0.0288409
-0.0292861
-0.0297195
-0.0301388
-0.0305421
-0.0309277
-0.0312944
-0.0316416
-0.0319686
-0.0322754
-0.0325619
-0.0328283
-0.0330749
-0.0333023
-0.033511
-0.0337015
-0.0338744
-0.0340304
-0.03417
-0.0342939
-0.0344026
-0.0344965
-0.0345762
-0.0346419
-0.0346941
-0.034733
-0.0347589
-0.0347717
-0.0236927
-0.023496
-0.0232854
-0.023103
-0.022933
-0.022769
-0.022612
-0.0224628
-0.0231925
-0.0231925
-0.0230541
-0.0229243
-0.0228032
-0.0226911
-0.022588
-0.022494
-0.0224092
-0.0223336
-0.0222673
-0.0222105
-0.022163
-0.022125
-0.0220965
-0.0220774
-0.0220679
)
;
    }
}


// ************************************************************************* //
