/*--------------------------------*- C++ -*----------------------------------*\
  =========                 |
  \\      /  F ield         | OpenFOAM: The Open Source CFD Toolbox
   \\    /   O peration     | Website:  https://openfoam.org
    \\  /    A nd           | Version:  7
     \\/     M anipulation  |
\*---------------------------------------------------------------------------*/
FoamFile
{
    version     2.0;
    format      ascii;
    class       labelList;
    note        "nPoints: 546 nCells: 183 nFaces: 821 nInternalFaces: 277";
    location    "constant/polyMesh";
    object      owner;
}
// * * * * * * * * * * * * * * * * * * * * * * * * * * * * * * * * * * * * * //


821
(
0
0
0
1
1
2
2
3
4
4
5
6
6
7
8
8
9
10
10
11
12
12
13
14
14
15
16
16
17
18
18
19
20
20
21
22
22
23
24
24
25
26
26
27
28
28
29
30
30
31
32
32
33
33
34
35
35
36
36
37
38
38
39
39
40
41
41
42
42
43
44
45
45
46
47
47
48
49
49
50
51
51
52
53
53
54
55
55
56
57
57
58
59
59
60
61
61
62
63
63
64
65
65
66
67
67
68
69
69
70
71
71
72
73
73
74
75
75
76
77
77
78
79
79
80
81
81
82
83
83
84
85
85
86
87
89
89
90
90
91
91
92
92
93
93
94
95
95
95
96
96
97
97
98
98
99
99
100
100
101
101
102
102
103
103
104
104
105
105
106
106
107
107
108
108
109
109
110
110
111
111
112
112
113
113
114
114
115
116
116
117
118
119
120
121
122
123
124
125
126
127
128
129
130
131
132
133
134
135
137
137
138
138
139
140
140
141
141
142
143
143
144
144
145
146
146
147
147
149
149
150
151
151
152
153
153
154
155
155
156
157
157
158
159
159
160
161
161
162
163
163
164
165
165
166
167
167
168
169
169
170
171
171
172
173
173
174
175
175
176
177
177
178
179
179
180
181
87
88
94
115
136
0
2
4
6
8
10
12
14
16
18
20
22
24
26
28
30
32
35
38
41
44
1
3
5
7
9
11
13
15
17
19
21
23
25
27
29
31
33
36
39
42
45
34
37
40
43
46
0
2
4
6
8
10
12
14
16
18
20
22
24
26
28
30
32
35
38
41
44
1
3
5
7
9
11
13
15
17
19
21
23
25
27
29
31
33
36
39
42
45
34
37
40
43
46
47
49
51
53
55
57
59
61
63
65
67
69
71
73
75
77
79
81
83
85
87
48
50
52
54
56
58
60
62
64
66
68
70
72
74
76
78
80
82
84
86
88
47
49
51
53
55
57
59
61
63
65
67
69
71
73
75
77
79
81
83
85
87
48
50
52
54
56
58
60
62
64
66
68
70
72
74
76
78
80
82
84
86
88
95
116
96
117
97
118
98
119
99
120
100
121
101
122
102
123
103
124
104
125
105
126
106
127
107
128
108
129
109
130
89
110
131
90
111
132
91
112
133
92
113
134
93
114
135
94
115
136
95
116
96
117
97
118
98
119
99
120
100
121
101
122
102
123
103
124
104
125
105
126
106
127
107
128
108
129
109
130
89
110
131
90
111
132
91
112
133
92
113
134
93
114
135
94
115
136
137
140
143
146
149
151
153
155
157
159
161
163
165
167
169
171
173
175
177
179
181
138
141
144
147
150
152
154
156
158
160
162
164
166
168
170
172
174
176
178
180
182
139
142
145
148
137
140
143
146
149
151
153
155
157
159
161
163
165
167
169
171
173
175
177
179
181
138
141
144
147
150
152
154
156
158
160
162
164
166
168
170
172
174
176
178
180
182
139
142
145
148
0
2
4
6
8
10
12
14
16
18
20
22
24
26
28
30
32
35
38
41
44
44
47
49
51
53
55
57
59
61
63
65
67
69
71
73
75
77
79
81
83
85
87
89
90
91
92
93
94
95
137
96
97
98
99
100
101
102
103
104
105
106
107
108
89
109
137
140
143
146
149
151
153
155
157
159
161
163
165
167
169
171
173
175
177
179
181
1
3
5
7
9
11
13
15
17
19
21
23
25
27
29
31
34
34
37
40
43
46
48
50
52
54
56
58
60
62
64
66
68
70
72
74
76
78
80
82
84
86
88
116
117
118
119
120
121
122
123
124
125
126
127
128
129
130
131
132
133
134
135
136
139
142
145
148
148
150
152
154
156
158
160
162
164
166
168
170
172
174
176
178
180
182
)


// ************************************************************************* //
