/*--------------------------------*- C++ -*----------------------------------*\
  =========                 |
  \\      /  F ield         | OpenFOAM: The Open Source CFD Toolbox
   \\    /   O peration     | Website:  https://openfoam.org
    \\  /    A nd           | Version:  7
     \\/     M anipulation  |
\*---------------------------------------------------------------------------*/
FoamFile
{
    version     2.0;
    format      ascii;
    class       vectorField;
    location    "constant/polyMesh";
    object      points;
}
// * * * * * * * * * * * * * * * * * * * * * * * * * * * * * * * * * * * * * //


1066
(
(1.525 0 -0.05)
(1.6 0 -0.05)
(1.675 0 -0.05)
(1.75 0 -0.05)
(1.524495819 0.03252913189 -0.05)
(1.599500281 0.03250199605 -0.05)
(1.674504743 0.03247486022 -0.05)
(1.749509205 0.03244772438 -0.05)
(1.522983819 0.06502527114 -0.05)
(1.598001661 0.06497129144 -0.05)
(1.673019503 0.06491731174 -0.05)
(1.748037346 0.06486333204 -0.05)
(1.520465616 0.09745546047 -0.05)
(1.595505744 0.09737522053 -0.05)
(1.670545871 0.09729498059 -0.05)
(1.745585998 0.09721474066 -0.05)
(1.51694391 0.1297868132 -0.05)
(1.592015203 0.1296811877 -0.05)
(1.667086495 0.1295755622 -0.05)
(1.742157788 0.1294699367 -0.05)
(1.512422469 0.1619865485 -0.05)
(1.587533775 0.1618567022 -0.05)
(1.66264508 0.1617268558 -0.05)
(1.737756386 0.1615970095 -0.05)
(1.506906137 0.1940220265 -0.05)
(1.58206626 0.1938694129 -0.05)
(1.657226382 0.1937167994 -0.05)
(1.732386505 0.1935641858 -0.05)
(1.50040082 0.2258607831 -0.05)
(1.575618512 0.2256871433 -0.05)
(1.650836204 0.2255135034 -0.05)
(1.726053896 0.2253398635 -0.05)
(1.492913484 0.2574705651 -0.05)
(1.568197436 0.2572779252 -0.05)
(1.643481387 0.2570852854 -0.05)
(1.718765338 0.2568926455 -0.05)
(1.79404929 0.2567000056 -0.05)
(1.484452147 0.2888193642 -0.05)
(1.559810978 0.288610034 -0.05)
(1.635169808 0.2884007037 -0.05)
(1.710528639 0.2881913734 -0.05)
(1.785887469 0.2879820431 -0.05)
(1.550468118 0.3196520215 -0.05)
(1.625910367 0.3194285912 -0.05)
(1.701352616 0.3192051609 -0.05)
(1.776794865 0.3189817305 -0.05)
(1.540178862 0.3503727507 -0.05)
(1.61571298 0.3501380887 -0.05)
(1.691247097 0.3499034267 -0.05)
(1.766781214 0.3496687647 -0.05)
(1.528954228 0.3807414282 -0.05)
(1.604588565 0.3804986779 -0.05)
(1.680222902 0.3802559276 -0.05)
(1.755857239 0.3800131772 -0.05)
(1.516806234 0.4107276379 -0.05)
(1.592549035 0.4104802141 -0.05)
(1.668291837 0.4102327903 -0.05)
(1.744034638 0.4099853665 -0.05)
(1.503747889 0.4403013731 -0.05)
(1.579607283 0.4400529586 -0.05)
(1.655466677 0.4398045442 -0.05)
(1.731326071 0.4395561297 -0.05)
(1.489793177 0.4694330687 -0.05)
(1.565777167 0.4691876104 -0.05)
(1.641761156 0.4689421521 -0.05)
(1.717745146 0.4686966937 -0.05)
(1.793729135 0.4684512354 -0.05)
(1.551073496 0.4978553375 -0.05)
(1.627189951 0.4976170418 -0.05)
(1.703306406 0.4973787462 -0.05)
(1.779422861 0.4971404505 -0.05)
(1.535512015 0.526027808 -0.05)
(1.611768664 0.5258011368 -0.05)
(1.688025312 0.5255744655 -0.05)
(1.764281961 0.5253477943 -0.05)
(1.519109389 0.5536772203 -0.05)
(1.595513809 0.5534668858 -0.05)
(1.671918229 0.5532565512 -0.05)
(1.748322649 0.5530462167 -0.05)
(1.501883181 0.5807763331 -0.05)
(1.578442792 0.5805872929 -0.05)
(1.655002403 0.5803982526 -0.05)
(1.731562014 0.5802092124 -0.05)
(1.483851838 0.6072984941 -0.05)
(1.560573893 0.6071359459 -0.05)
(1.637295949 0.6069733978 -0.05)
(1.714018004 0.6068108496 -0.05)
(1.79074006 0.6066483015 -0.05)
(1.541926247 0.6330870451 -0.05)
(1.618817827 0.6329564213 -0.05)
(1.695709406 0.6328257976 -0.05)
(1.772600986 0.6326951738 -0.05)
(1.522519822 0.6584154304 -0.05)
(1.599587824 0.6583223921 -0.05)
(1.676655825 0.6582293538 -0.05)
(1.753723827 0.6581363154 -0.05)
(1.502375399 0.6830966087 -0.05)
(1.579626531 0.6830470396 -0.05)
(1.656877664 0.6829974704 -0.05)
(1.734128797 0.6829479012 -0.05)
(1.481514548 0.70710678 -0.05)
(1.558955325 0.70710678 -0.05)
(1.636396102 0.70710678 -0.05)
(1.713836879 0.70710678 -0.05)
(1.791277656 0.70710678 -0.05)
(1.525 0 0.05)
(1.6 0 0.05)
(1.675 0 0.05)
(1.75 0 0.05)
(1.524495819 0.03252913189 0.05)
(1.599500281 0.03250199605 0.05)
(1.674504743 0.03247486022 0.05)
(1.749509205 0.03244772438 0.05)
(1.522983819 0.06502527114 0.05)
(1.598001661 0.06497129144 0.05)
(1.673019503 0.06491731174 0.05)
(1.748037346 0.06486333204 0.05)
(1.520465616 0.09745546047 0.05)
(1.595505744 0.09737522053 0.05)
(1.670545871 0.09729498059 0.05)
(1.745585998 0.09721474066 0.05)
(1.51694391 0.1297868132 0.05)
(1.592015203 0.1296811877 0.05)
(1.667086495 0.1295755622 0.05)
(1.742157788 0.1294699367 0.05)
(1.512422469 0.1619865485 0.05)
(1.587533775 0.1618567022 0.05)
(1.66264508 0.1617268558 0.05)
(1.737756386 0.1615970095 0.05)
(1.506906137 0.1940220265 0.05)
(1.58206626 0.1938694129 0.05)
(1.657226382 0.1937167994 0.05)
(1.732386505 0.1935641858 0.05)
(1.50040082 0.2258607831 0.05)
(1.575618512 0.2256871433 0.05)
(1.650836204 0.2255135034 0.05)
(1.726053896 0.2253398635 0.05)
(1.492913484 0.2574705651 0.05)
(1.568197436 0.2572779252 0.05)
(1.643481387 0.2570852854 0.05)
(1.718765338 0.2568926455 0.05)
(1.79404929 0.2567000056 0.05)
(1.484452147 0.2888193642 0.05)
(1.559810978 0.288610034 0.05)
(1.635169808 0.2884007037 0.05)
(1.710528639 0.2881913734 0.05)
(1.785887469 0.2879820431 0.05)
(1.550468118 0.3196520215 0.05)
(1.625910367 0.3194285912 0.05)
(1.701352616 0.3192051609 0.05)
(1.776794865 0.3189817305 0.05)
(1.540178862 0.3503727507 0.05)
(1.61571298 0.3501380887 0.05)
(1.691247097 0.3499034267 0.05)
(1.766781214 0.3496687647 0.05)
(1.528954228 0.3807414282 0.05)
(1.604588565 0.3804986779 0.05)
(1.680222902 0.3802559276 0.05)
(1.755857239 0.3800131772 0.05)
(1.516806234 0.4107276379 0.05)
(1.592549035 0.4104802141 0.05)
(1.668291837 0.4102327903 0.05)
(1.744034638 0.4099853665 0.05)
(1.503747889 0.4403013731 0.05)
(1.579607283 0.4400529586 0.05)
(1.655466677 0.4398045442 0.05)
(1.731326071 0.4395561297 0.05)
(1.489793177 0.4694330687 0.05)
(1.565777167 0.4691876104 0.05)
(1.641761156 0.4689421521 0.05)
(1.717745146 0.4686966937 0.05)
(1.793729135 0.4684512354 0.05)
(1.551073496 0.4978553375 0.05)
(1.627189951 0.4976170418 0.05)
(1.703306406 0.4973787462 0.05)
(1.779422861 0.4971404505 0.05)
(1.535512015 0.526027808 0.05)
(1.611768664 0.5258011368 0.05)
(1.688025312 0.5255744655 0.05)
(1.764281961 0.5253477943 0.05)
(1.519109389 0.5536772203 0.05)
(1.595513809 0.5534668858 0.05)
(1.671918229 0.5532565512 0.05)
(1.748322649 0.5530462167 0.05)
(1.501883181 0.5807763331 0.05)
(1.578442792 0.5805872929 0.05)
(1.655002403 0.5803982526 0.05)
(1.731562014 0.5802092124 0.05)
(1.483851838 0.6072984941 0.05)
(1.560573893 0.6071359459 0.05)
(1.637295949 0.6069733978 0.05)
(1.714018004 0.6068108496 0.05)
(1.79074006 0.6066483015 0.05)
(1.541926247 0.6330870451 0.05)
(1.618817827 0.6329564213 0.05)
(1.695709406 0.6328257976 0.05)
(1.772600986 0.6326951738 0.05)
(1.522519822 0.6584154304 0.05)
(1.599587824 0.6583223921 0.05)
(1.676655825 0.6582293538 0.05)
(1.753723827 0.6581363154 0.05)
(1.502375399 0.6830966087 0.05)
(1.579626531 0.6830470396 0.05)
(1.656877664 0.6829974704 0.05)
(1.734128797 0.6829479012 0.05)
(1.481514548 0.70710678 0.05)
(1.558955325 0.70710678 0.05)
(1.636396102 0.70710678 0.05)
(1.713836879 0.70710678 0.05)
(1.791277656 0.70710678 0.05)
(1.558955325 0.7894291105 -0.05)
(1.636396102 0.7894291105 -0.05)
(1.713836879 0.7894291105 -0.05)
(1.791277656 0.7894291105 -0.05)
(1.558955325 0.871751441 -0.05)
(1.636396102 0.871751441 -0.05)
(1.713836879 0.871751441 -0.05)
(1.791277656 0.871751441 -0.05)
(1.558955325 0.9540737715 -0.05)
(1.636396102 0.9540737715 -0.05)
(1.713836879 0.9540737715 -0.05)
(1.791277656 0.9540737715 -0.05)
(1.558955325 1.036396102 -0.05)
(1.636396102 1.036396102 -0.05)
(1.713836879 1.036396102 -0.05)
(1.791277656 1.036396102 -0.05)
(1.558955325 1.118718433 -0.05)
(1.636396102 1.118718433 -0.05)
(1.713836879 1.118718433 -0.05)
(1.791277656 1.118718432 -0.05)
(1.558955325 1.201040763 -0.05)
(1.636396102 1.201040763 -0.05)
(1.713836879 1.201040763 -0.05)
(1.791277656 1.201040763 -0.05)
(1.558955325 1.283363093 -0.05)
(1.636396102 1.283363093 -0.05)
(1.713836879 1.283363093 -0.05)
(1.791277656 1.283363093 -0.05)
(1.558955325 1.365685424 -0.05)
(1.636396102 1.365685424 -0.05)
(1.713836879 1.365685424 -0.05)
(1.791277656 1.365685424 -0.05)
(1.558955325 1.448007755 -0.05)
(1.636396102 1.448007755 -0.05)
(1.713836879 1.448007755 -0.05)
(1.791277656 1.448007755 -0.05)
(1.558955325 1.530330085 -0.05)
(1.636396102 1.530330085 -0.05)
(1.713836879 1.530330085 -0.05)
(1.791277656 1.530330085 -0.05)
(1.558955325 1.612652416 -0.05)
(1.636396102 1.612652416 -0.05)
(1.713836879 1.612652416 -0.05)
(1.791277656 1.612652416 -0.05)
(1.558955325 1.694974746 -0.05)
(1.636396102 1.694974746 -0.05)
(1.713836879 1.694974746 -0.05)
(1.791277656 1.694974746 -0.05)
(1.558955325 1.777297077 -0.05)
(1.636396102 1.777297077 -0.05)
(1.713836879 1.777297077 -0.05)
(1.791277656 1.777297077 -0.05)
(1.558955325 1.859619407 -0.05)
(1.636396102 1.859619407 -0.05)
(1.713836879 1.859619407 -0.05)
(1.791277656 1.859619407 -0.05)
(1.558955325 1.941941737 -0.05)
(1.636396102 1.941941738 -0.05)
(1.713836879 1.941941737 -0.05)
(1.791277656 1.941941737 -0.05)
(1.558955325 2.024264068 -0.05)
(1.636396102 2.024264068 -0.05)
(1.713836879 2.024264068 -0.05)
(1.791277656 2.024264068 -0.05)
(1.558955325 2.106586398 -0.05)
(1.636396102 2.106586398 -0.05)
(1.713836879 2.106586398 -0.05)
(1.791277656 2.106586399 -0.05)
(1.558955325 2.188908729 -0.05)
(1.636396102 2.188908729 -0.05)
(1.713836879 2.188908729 -0.05)
(1.791277656 2.188908729 -0.05)
(1.558955325 2.271231059 -0.05)
(1.636396102 2.27123106 -0.05)
(1.713836879 2.271231059 -0.05)
(1.791277656 2.271231059 -0.05)
(1.558955325 2.35355339 -0.05)
(1.636396102 2.35355339 -0.05)
(1.713836879 2.35355339 -0.05)
(1.791277656 2.35355339 -0.05)
(1.558955325 2.43587572 -0.05)
(1.636396102 2.43587572 -0.05)
(1.713836879 2.43587572 -0.05)
(1.791277656 2.43587572 -0.05)
(1.558955325 2.518198051 -0.05)
(1.636396102 2.518198051 -0.05)
(1.713836879 2.518198051 -0.05)
(1.791277656 2.518198051 -0.05)
(1.558955325 2.600520381 -0.05)
(1.636396102 2.600520382 -0.05)
(1.713836879 2.600520381 -0.05)
(1.791277656 2.600520381 -0.05)
(1.558955325 2.682842712 -0.05)
(1.636396102 2.682842712 -0.05)
(1.713836879 2.682842712 -0.05)
(1.791277656 2.682842712 -0.05)
(1.558955325 2.765165043 -0.05)
(1.636396102 2.765165043 -0.05)
(1.713836879 2.765165043 -0.05)
(1.791277656 2.765165043 -0.05)
(1.558955325 2.847487373 -0.05)
(1.636396102 2.847487373 -0.05)
(1.713836879 2.847487373 -0.05)
(1.791277656 2.847487373 -0.05)
(1.558955325 2.929809704 -0.05)
(1.636396102 2.929809704 -0.05)
(1.713836879 2.929809704 -0.05)
(1.791277656 2.929809704 -0.05)
(1.558955325 3.012132034 -0.05)
(1.636396102 3.012132034 -0.05)
(1.713836879 3.012132034 -0.05)
(1.791277656 3.012132034 -0.05)
(1.558955325 3.094454365 -0.05)
(1.636396102 3.094454365 -0.05)
(1.713836879 3.094454364 -0.05)
(1.791277656 3.094454364 -0.05)
(1.558955325 3.176776695 -0.05)
(1.636396102 3.176776695 -0.05)
(1.713836879 3.176776695 -0.05)
(1.791277656 3.176776695 -0.05)
(1.558955325 3.259099025 -0.05)
(1.636396102 3.259099026 -0.05)
(1.713836879 3.259099025 -0.05)
(1.791277656 3.259099025 -0.05)
(1.558955325 3.341421356 -0.05)
(1.636396102 3.341421356 -0.05)
(1.713836879 3.341421356 -0.05)
(1.791277656 3.341421356 -0.05)
(1.558955325 3.423743686 -0.05)
(1.636396102 3.423743686 -0.05)
(1.713836879 3.423743686 -0.05)
(1.791277656 3.423743686 -0.05)
(1.558955325 3.506066017 -0.05)
(1.636396102 3.506066017 -0.05)
(1.713836879 3.506066017 -0.05)
(1.791277656 3.506066017 -0.05)
(1.558955325 3.588388348 -0.05)
(1.636396102 3.588388348 -0.05)
(1.713836879 3.588388347 -0.05)
(1.791277656 3.588388348 -0.05)
(1.558955325 3.670710678 -0.05)
(1.636396102 3.670710678 -0.05)
(1.713836879 3.670710678 -0.05)
(1.791277656 3.670710678 -0.05)
(1.558955325 3.753033008 -0.05)
(1.636396102 3.753033008 -0.05)
(1.713836879 3.753033009 -0.05)
(1.791277656 3.753033008 -0.05)
(1.558955325 3.835355339 -0.05)
(1.636396102 3.835355339 -0.05)
(1.713836879 3.835355339 -0.05)
(1.791277656 3.835355339 -0.05)
(1.558955325 3.91767767 -0.05)
(1.636396102 3.917677669 -0.05)
(1.713836879 3.917677669 -0.05)
(1.791277656 3.917677669 -0.05)
(1.558955325 4 -0.05)
(1.636396102 4 -0.05)
(1.713836879 4 -0.05)
(1.791277656 4 -0.05)
(1.558955325 0.7894291105 0.05)
(1.636396102 0.7894291105 0.05)
(1.713836879 0.7894291105 0.05)
(1.791277656 0.7894291105 0.05)
(1.558955325 0.871751441 0.05)
(1.636396102 0.871751441 0.05)
(1.713836879 0.871751441 0.05)
(1.791277656 0.871751441 0.05)
(1.558955325 0.9540737715 0.05)
(1.636396102 0.9540737715 0.05)
(1.713836879 0.9540737715 0.05)
(1.791277656 0.9540737715 0.05)
(1.558955325 1.036396102 0.05)
(1.636396102 1.036396102 0.05)
(1.713836879 1.036396102 0.05)
(1.791277656 1.036396102 0.05)
(1.558955325 1.118718433 0.05)
(1.636396102 1.118718433 0.05)
(1.713836879 1.118718433 0.05)
(1.791277656 1.118718432 0.05)
(1.558955325 1.201040763 0.05)
(1.636396102 1.201040763 0.05)
(1.713836879 1.201040763 0.05)
(1.791277656 1.201040763 0.05)
(1.558955325 1.283363093 0.05)
(1.636396102 1.283363093 0.05)
(1.713836879 1.283363093 0.05)
(1.791277656 1.283363093 0.05)
(1.558955325 1.365685424 0.05)
(1.636396102 1.365685424 0.05)
(1.713836879 1.365685424 0.05)
(1.791277656 1.365685424 0.05)
(1.558955325 1.448007755 0.05)
(1.636396102 1.448007755 0.05)
(1.713836879 1.448007755 0.05)
(1.791277656 1.448007755 0.05)
(1.558955325 1.530330085 0.05)
(1.636396102 1.530330085 0.05)
(1.713836879 1.530330085 0.05)
(1.791277656 1.530330085 0.05)
(1.558955325 1.612652416 0.05)
(1.636396102 1.612652416 0.05)
(1.713836879 1.612652416 0.05)
(1.791277656 1.612652416 0.05)
(1.558955325 1.694974746 0.05)
(1.636396102 1.694974746 0.05)
(1.713836879 1.694974746 0.05)
(1.791277656 1.694974746 0.05)
(1.558955325 1.777297077 0.05)
(1.636396102 1.777297077 0.05)
(1.713836879 1.777297077 0.05)
(1.791277656 1.777297077 0.05)
(1.558955325 1.859619407 0.05)
(1.636396102 1.859619407 0.05)
(1.713836879 1.859619407 0.05)
(1.791277656 1.859619407 0.05)
(1.558955325 1.941941737 0.05)
(1.636396102 1.941941738 0.05)
(1.713836879 1.941941737 0.05)
(1.791277656 1.941941738 0.05)
(1.558955325 2.024264068 0.05)
(1.636396102 2.024264068 0.05)
(1.713836879 2.024264068 0.05)
(1.791277656 2.024264068 0.05)
(1.558955325 2.106586398 0.05)
(1.636396102 2.106586398 0.05)
(1.713836879 2.106586399 0.05)
(1.791277656 2.106586398 0.05)
(1.558955325 2.188908729 0.05)
(1.636396102 2.188908729 0.05)
(1.713836879 2.188908729 0.05)
(1.791277656 2.188908729 0.05)
(1.558955325 2.271231059 0.05)
(1.636396102 2.27123106 0.05)
(1.713836879 2.271231059 0.05)
(1.791277656 2.271231059 0.05)
(1.558955325 2.35355339 0.05)
(1.636396102 2.35355339 0.05)
(1.713836879 2.35355339 0.05)
(1.791277656 2.35355339 0.05)
(1.558955325 2.43587572 0.05)
(1.636396102 2.43587572 0.05)
(1.713836879 2.43587572 0.05)
(1.791277656 2.43587572 0.05)
(1.558955325 2.518198051 0.05)
(1.636396102 2.518198051 0.05)
(1.713836879 2.518198051 0.05)
(1.791277656 2.518198051 0.05)
(1.558955325 2.600520381 0.05)
(1.636396102 2.600520382 0.05)
(1.713836879 2.600520381 0.05)
(1.791277656 2.600520381 0.05)
(1.558955325 2.682842712 0.05)
(1.636396102 2.682842712 0.05)
(1.713836879 2.682842712 0.05)
(1.791277656 2.682842712 0.05)
(1.558955325 2.765165043 0.05)
(1.636396102 2.765165043 0.05)
(1.713836879 2.765165043 0.05)
(1.791277656 2.765165043 0.05)
(1.558955325 2.847487373 0.05)
(1.636396102 2.847487373 0.05)
(1.713836879 2.847487373 0.05)
(1.791277656 2.847487373 0.05)
(1.558955325 2.929809704 0.05)
(1.636396102 2.929809704 0.05)
(1.713836879 2.929809704 0.05)
(1.791277656 2.929809704 0.05)
(1.558955325 3.012132034 0.05)
(1.636396102 3.012132034 0.05)
(1.713836879 3.012132034 0.05)
(1.791277656 3.012132034 0.05)
(1.558955325 3.094454365 0.05)
(1.636396102 3.094454365 0.05)
(1.713836879 3.094454364 0.05)
(1.791277656 3.094454364 0.05)
(1.558955325 3.176776695 0.05)
(1.636396102 3.176776695 0.05)
(1.713836879 3.176776695 0.05)
(1.791277656 3.176776695 0.05)
(1.558955325 3.259099025 0.05)
(1.636396102 3.259099025 0.05)
(1.713836879 3.259099025 0.05)
(1.791277656 3.259099025 0.05)
(1.558955325 3.341421356 0.05)
(1.636396102 3.341421356 0.05)
(1.713836879 3.341421356 0.05)
(1.791277656 3.341421356 0.05)
(1.558955325 3.423743686 0.05)
(1.636396102 3.423743686 0.05)
(1.713836879 3.423743686 0.05)
(1.791277656 3.423743686 0.05)
(1.558955325 3.506066017 0.05)
(1.636396102 3.506066017 0.05)
(1.713836879 3.506066017 0.05)
(1.791277656 3.506066017 0.05)
(1.558955325 3.588388348 0.05)
(1.636396102 3.588388348 0.05)
(1.713836879 3.588388348 0.05)
(1.791277656 3.588388348 0.05)
(1.558955325 3.670710678 0.05)
(1.636396102 3.670710678 0.05)
(1.713836879 3.670710678 0.05)
(1.791277656 3.670710678 0.05)
(1.558955325 3.753033008 0.05)
(1.636396102 3.753033008 0.05)
(1.713836879 3.753033009 0.05)
(1.791277656 3.753033008 0.05)
(1.558955325 3.835355339 0.05)
(1.636396102 3.835355339 0.05)
(1.713836879 3.835355339 0.05)
(1.791277656 3.835355339 0.05)
(1.558955325 3.91767767 0.05)
(1.636396102 3.917677669 0.05)
(1.713836879 3.917677669 0.05)
(1.791277656 3.917677669 0.05)
(1.558955325 4 0.05)
(1.636396102 4 0.05)
(1.713836879 4 0.05)
(1.791277656 4 0.05)
(1.481514548 -0.70710678 -0.05)
(1.481514548 -2.024264068 -0.05)
(1.481514548 -2.106586398 -0.05)
(1.481514548 -2.188908729 -0.05)
(1.481514548 -2.271231059 -0.05)
(1.481514548 -2.35355339 -0.05)
(1.481514548 -2.43587572 -0.05)
(1.481514548 -2.518198051 -0.05)
(1.481514548 -2.600520381 -0.05)
(1.481514548 -2.682842712 -0.05)
(1.481514548 -2.765165043 -0.05)
(1.481514548 -2.847487373 -0.05)
(1.481514548 -2.929809704 -0.05)
(1.481514548 -3.012132034 -0.05)
(1.481514548 -3.094454365 -0.05)
(1.481514548 -3.176776695 -0.05)
(1.481514548 -3.259099025 -0.05)
(1.481514548 -3.341421356 -0.05)
(1.481514548 -3.423743686 -0.05)
(1.481514548 -3.506066017 -0.05)
(1.481514548 -3.588388348 -0.05)
(1.481514548 -3.670710678 -0.05)
(1.481514548 -3.753033009 -0.05)
(1.481514548 -3.835355339 -0.05)
(1.481514548 -3.917677669 -0.05)
(1.481514548 -4 -0.05)
(1.558955325 -0.70710678 -0.05)
(1.558955325 -0.7894291105 -0.05)
(1.558955325 -0.871751441 -0.05)
(1.558955325 -0.9540737715 -0.05)
(1.558955325 -1.036396102 -0.05)
(1.558955325 -1.118718433 -0.05)
(1.558955325 -1.201040763 -0.05)
(1.558955325 -1.283363093 -0.05)
(1.558955325 -1.365685424 -0.05)
(1.558955325 -1.448007754 -0.05)
(1.558955325 -1.530330085 -0.05)
(1.558955325 -1.612652416 -0.05)
(1.558955325 -1.694974746 -0.05)
(1.558955325 -1.777297077 -0.05)
(1.558955325 -1.859619407 -0.05)
(1.558955325 -1.941941737 -0.05)
(1.558955325 -2.024264068 -0.05)
(1.558955325 -2.106586398 -0.05)
(1.558955325 -2.188908729 -0.05)
(1.558955325 -2.271231059 -0.05)
(1.558955325 -2.35355339 -0.05)
(1.558955325 -2.43587572 -0.05)
(1.558955325 -2.518198051 -0.05)
(1.558955325 -2.600520381 -0.05)
(1.558955325 -2.682842712 -0.05)
(1.558955325 -2.765165043 -0.05)
(1.558955325 -2.847487373 -0.05)
(1.558955325 -2.929809704 -0.05)
(1.558955325 -3.012132034 -0.05)
(1.558955325 -3.094454365 -0.05)
(1.558955325 -3.176776695 -0.05)
(1.558955325 -3.259099025 -0.05)
(1.558955325 -3.341421356 -0.05)
(1.558955325 -3.423743686 -0.05)
(1.558955325 -3.506066017 -0.05)
(1.558955325 -3.588388348 -0.05)
(1.558955325 -3.670710678 -0.05)
(1.558955325 -3.753033009 -0.05)
(1.558955325 -3.835355339 -0.05)
(1.558955325 -3.917677669 -0.05)
(1.558955325 -4 -0.05)
(1.636396102 -0.70710678 -0.05)
(1.636396102 -0.7894291105 -0.05)
(1.636396102 -0.871751441 -0.05)
(1.636396102 -0.9540737715 -0.05)
(1.636396102 -1.036396102 -0.05)
(1.636396102 -1.118718433 -0.05)
(1.636396102 -1.201040763 -0.05)
(1.636396102 -1.283363093 -0.05)
(1.636396102 -1.365685424 -0.05)
(1.636396102 -1.448007755 -0.05)
(1.636396102 -1.530330085 -0.05)
(1.636396102 -1.612652416 -0.05)
(1.636396102 -1.694974746 -0.05)
(1.636396102 -1.777297077 -0.05)
(1.636396102 -1.859619407 -0.05)
(1.636396102 -1.941941738 -0.05)
(1.636396102 -2.024264068 -0.05)
(1.636396102 -2.106586398 -0.05)
(1.636396102 -2.188908729 -0.05)
(1.636396102 -2.27123106 -0.05)
(1.636396102 -2.35355339 -0.05)
(1.636396102 -2.43587572 -0.05)
(1.636396102 -2.518198051 -0.05)
(1.636396102 -2.600520382 -0.05)
(1.636396102 -2.682842712 -0.05)
(1.636396102 -2.765165043 -0.05)
(1.636396102 -2.847487373 -0.05)
(1.636396102 -2.929809704 -0.05)
(1.636396102 -3.012132034 -0.05)
(1.636396102 -3.094454365 -0.05)
(1.636396102 -3.176776695 -0.05)
(1.636396102 -3.259099025 -0.05)
(1.636396102 -3.341421356 -0.05)
(1.636396102 -3.423743687 -0.05)
(1.636396102 -3.506066017 -0.05)
(1.636396102 -3.588388348 -0.05)
(1.636396102 -3.670710678 -0.05)
(1.636396102 -3.753033008 -0.05)
(1.636396102 -3.835355339 -0.05)
(1.636396102 -3.917677669 -0.05)
(1.636396102 -4 -0.05)
(1.713836879 -0.70710678 -0.05)
(1.713836879 -0.7894291105 -0.05)
(1.713836879 -0.871751441 -0.05)
(1.713836879 -0.9540737715 -0.05)
(1.713836879 -1.036396102 -0.05)
(1.713836879 -1.118718433 -0.05)
(1.713836879 -1.201040763 -0.05)
(1.713836879 -1.283363093 -0.05)
(1.713836879 -1.365685424 -0.05)
(1.713836879 -1.448007755 -0.05)
(1.713836879 -1.530330085 -0.05)
(1.713836879 -1.612652416 -0.05)
(1.713836879 -1.694974746 -0.05)
(1.713836879 -1.777297077 -0.05)
(1.713836879 -1.859619407 -0.05)
(1.713836879 -1.941941737 -0.05)
(1.713836879 -2.024264068 -0.05)
(1.713836879 -2.106586399 -0.05)
(1.713836879 -2.188908729 -0.05)
(1.713836879 -2.27123106 -0.05)
(1.713836879 -2.35355339 -0.05)
(1.713836879 -2.43587572 -0.05)
(1.713836879 -2.518198051 -0.05)
(1.713836879 -2.600520381 -0.05)
(1.713836879 -2.682842712 -0.05)
(1.713836879 -2.765165043 -0.05)
(1.713836879 -2.847487373 -0.05)
(1.713836879 -2.929809704 -0.05)
(1.713836879 -3.012132034 -0.05)
(1.713836879 -3.094454365 -0.05)
(1.713836879 -3.176776695 -0.05)
(1.713836879 -3.259099026 -0.05)
(1.713836879 -3.341421356 -0.05)
(1.713836879 -3.423743686 -0.05)
(1.713836879 -3.506066017 -0.05)
(1.713836879 -3.588388348 -0.05)
(1.713836879 -3.670710678 -0.05)
(1.713836879 -3.753033008 -0.05)
(1.713836879 -3.835355339 -0.05)
(1.713836879 -3.917677669 -0.05)
(1.713836879 -4 -0.05)
(1.791277656 -0.70710678 -0.05)
(1.791277656 -0.7894291105 -0.05)
(1.791277656 -0.871751441 -0.05)
(1.791277656 -0.9540737715 -0.05)
(1.791277656 -1.036396102 -0.05)
(1.791277656 -1.118718433 -0.05)
(1.791277656 -1.201040763 -0.05)
(1.791277656 -1.283363093 -0.05)
(1.791277656 -1.365685424 -0.05)
(1.791277656 -1.448007755 -0.05)
(1.791277656 -1.530330085 -0.05)
(1.791277656 -1.612652416 -0.05)
(1.791277656 -1.694974746 -0.05)
(1.791277656 -1.777297077 -0.05)
(1.791277656 -1.859619407 -0.05)
(1.791277656 -1.941941737 -0.05)
(1.791277656 -2.024264068 -0.05)
(1.791277656 -2.106586398 -0.05)
(1.791277656 -2.188908729 -0.05)
(1.791277656 -2.27123106 -0.05)
(1.791277656 -2.35355339 -0.05)
(1.791277656 -2.43587572 -0.05)
(1.791277656 -2.518198051 -0.05)
(1.481514548 -0.70710678 0.05)
(1.481514548 -2.024264068 0.05)
(1.481514548 -2.106586398 0.05)
(1.481514548 -2.188908729 0.05)
(1.481514548 -2.271231059 0.05)
(1.481514548 -2.35355339 0.05)
(1.481514548 -2.43587572 0.05)
(1.481514548 -2.518198051 0.05)
(1.481514548 -2.600520381 0.05)
(1.481514548 -2.682842712 0.05)
(1.481514548 -2.765165043 0.05)
(1.481514548 -2.847487373 0.05)
(1.481514548 -2.929809704 0.05)
(1.481514548 -3.012132034 0.05)
(1.481514548 -3.094454365 0.05)
(1.481514548 -3.176776695 0.05)
(1.481514548 -3.259099025 0.05)
(1.481514548 -3.341421356 0.05)
(1.481514548 -3.423743686 0.05)
(1.481514548 -3.506066017 0.05)
(1.481514548 -3.588388348 0.05)
(1.481514548 -3.670710678 0.05)
(1.481514548 -3.753033009 0.05)
(1.481514548 -3.835355339 0.05)
(1.481514548 -3.91767767 0.05)
(1.481514548 -4 0.05)
(1.558955325 -0.70710678 0.05)
(1.558955325 -0.7894291105 0.05)
(1.558955325 -0.871751441 0.05)
(1.558955325 -0.9540737715 0.05)
(1.558955325 -1.036396102 0.05)
(1.558955325 -1.118718433 0.05)
(1.558955325 -1.201040763 0.05)
(1.558955325 -1.283363093 0.05)
(1.558955325 -1.365685424 0.05)
(1.558955325 -1.448007754 0.05)
(1.558955325 -1.530330085 0.05)
(1.558955325 -1.612652416 0.05)
(1.558955325 -1.694974746 0.05)
(1.558955325 -1.777297077 0.05)
(1.558955325 -1.859619407 0.05)
(1.558955325 -1.941941737 0.05)
(1.558955325 -2.024264068 0.05)
(1.558955325 -2.106586398 0.05)
(1.558955325 -2.188908729 0.05)
(1.558955325 -2.27123106 0.05)
(1.558955325 -2.35355339 0.05)
(1.558955325 -2.43587572 0.05)
(1.558955325 -2.518198051 0.05)
(1.558955325 -2.600520381 0.05)
(1.558955325 -2.682842712 0.05)
(1.558955325 -2.765165043 0.05)
(1.558955325 -2.847487373 0.05)
(1.558955325 -2.929809704 0.05)
(1.558955325 -3.012132034 0.05)
(1.558955325 -3.094454365 0.05)
(1.558955325 -3.176776695 0.05)
(1.558955325 -3.259099025 0.05)
(1.558955325 -3.341421356 0.05)
(1.558955325 -3.423743686 0.05)
(1.558955325 -3.506066017 0.05)
(1.558955325 -3.588388348 0.05)
(1.558955325 -3.670710678 0.05)
(1.558955325 -3.753033009 0.05)
(1.558955325 -3.835355339 0.05)
(1.558955325 -3.91767767 0.05)
(1.558955325 -4 0.05)
(1.636396102 -0.70710678 0.05)
(1.636396102 -0.7894291105 0.05)
(1.636396102 -0.871751441 0.05)
(1.636396102 -0.9540737715 0.05)
(1.636396102 -1.036396102 0.05)
(1.636396102 -1.118718433 0.05)
(1.636396102 -1.201040763 0.05)
(1.636396102 -1.283363093 0.05)
(1.636396102 -1.365685424 0.05)
(1.636396102 -1.448007755 0.05)
(1.636396102 -1.530330085 0.05)
(1.636396102 -1.612652416 0.05)
(1.636396102 -1.694974746 0.05)
(1.636396102 -1.777297077 0.05)
(1.636396102 -1.859619407 0.05)
(1.636396102 -1.941941738 0.05)
(1.636396102 -2.024264068 0.05)
(1.636396102 -2.106586398 0.05)
(1.636396102 -2.188908729 0.05)
(1.636396102 -2.27123106 0.05)
(1.636396102 -2.35355339 0.05)
(1.636396102 -2.43587572 0.05)
(1.636396102 -2.518198051 0.05)
(1.636396102 -2.600520382 0.05)
(1.636396102 -2.682842712 0.05)
(1.636396102 -2.765165043 0.05)
(1.636396102 -2.847487373 0.05)
(1.636396102 -2.929809704 0.05)
(1.636396102 -3.012132034 0.05)
(1.636396102 -3.094454365 0.05)
(1.636396102 -3.176776695 0.05)
(1.636396102 -3.259099025 0.05)
(1.636396102 -3.341421356 0.05)
(1.636396102 -3.423743687 0.05)
(1.636396102 -3.506066017 0.05)
(1.636396102 -3.588388348 0.05)
(1.636396102 -3.670710678 0.05)
(1.636396102 -3.753033008 0.05)
(1.636396102 -3.835355339 0.05)
(1.636396102 -3.91767767 0.05)
(1.636396102 -4 0.05)
(1.713836879 -0.70710678 0.05)
(1.713836879 -0.7894291105 0.05)
(1.713836879 -0.871751441 0.05)
(1.713836879 -0.9540737715 0.05)
(1.713836879 -1.036396102 0.05)
(1.713836879 -1.118718433 0.05)
(1.713836879 -1.201040763 0.05)
(1.713836879 -1.283363093 0.05)
(1.713836879 -1.365685424 0.05)
(1.713836879 -1.448007755 0.05)
(1.713836879 -1.530330085 0.05)
(1.713836879 -1.612652416 0.05)
(1.713836879 -1.694974746 0.05)
(1.713836879 -1.777297077 0.05)
(1.713836879 -1.859619407 0.05)
(1.713836879 -1.941941737 0.05)
(1.713836879 -2.024264068 0.05)
(1.713836879 -2.106586398 0.05)
(1.713836879 -2.188908729 0.05)
(1.713836879 -2.27123106 0.05)
(1.713836879 -2.35355339 0.05)
(1.713836879 -2.43587572 0.05)
(1.713836879 -2.518198051 0.05)
(1.713836879 -2.600520381 0.05)
(1.713836879 -2.682842712 0.05)
(1.713836879 -2.765165042 0.05)
(1.713836879 -2.847487373 0.05)
(1.713836879 -2.929809704 0.05)
(1.713836879 -3.012132034 0.05)
(1.713836879 -3.094454365 0.05)
(1.713836879 -3.176776695 0.05)
(1.713836879 -3.259099025 0.05)
(1.713836879 -3.341421356 0.05)
(1.713836879 -3.423743686 0.05)
(1.713836879 -3.506066017 0.05)
(1.713836879 -3.588388348 0.05)
(1.713836879 -3.670710678 0.05)
(1.713836879 -3.753033008 0.05)
(1.713836879 -3.835355339 0.05)
(1.713836879 -3.917677669 0.05)
(1.713836879 -4 0.05)
(1.791277656 -0.70710678 0.05)
(1.791277656 -0.7894291105 0.05)
(1.791277656 -0.871751441 0.05)
(1.791277656 -0.9540737715 0.05)
(1.791277656 -1.036396102 0.05)
(1.791277656 -1.118718433 0.05)
(1.791277656 -1.201040763 0.05)
(1.791277656 -1.283363093 0.05)
(1.791277656 -1.365685424 0.05)
(1.791277656 -1.448007755 0.05)
(1.791277656 -1.530330085 0.05)
(1.791277656 -1.612652415 0.05)
(1.791277656 -1.694974746 0.05)
(1.791277656 -1.777297077 0.05)
(1.791277656 -1.859619407 0.05)
(1.791277656 -1.941941738 0.05)
(1.791277656 -2.024264068 0.05)
(1.791277656 -2.106586398 0.05)
(1.791277656 -2.188908729 0.05)
(1.791277656 -2.27123106 0.05)
(1.791277656 -2.35355339 0.05)
(1.791277656 -2.43587572 0.05)
(1.791277656 -2.518198051 0.05)
(1.502375399 -0.6830966087 -0.05)
(1.579626531 -0.6830470396 -0.05)
(1.656877664 -0.6829974704 -0.05)
(1.734128797 -0.6829479012 -0.05)
(1.522519822 -0.6584154304 -0.05)
(1.599587824 -0.6583223921 -0.05)
(1.676655825 -0.6582293538 -0.05)
(1.753723827 -0.6581363154 -0.05)
(1.541926247 -0.6330870451 -0.05)
(1.618817827 -0.6329564213 -0.05)
(1.695709406 -0.6328257976 -0.05)
(1.772600986 -0.6326951738 -0.05)
(1.483851838 -0.6072984941 -0.05)
(1.560573893 -0.6071359459 -0.05)
(1.637295949 -0.6069733978 -0.05)
(1.714018004 -0.6068108496 -0.05)
(1.79074006 -0.6066483015 -0.05)
(1.501883181 -0.5807763331 -0.05)
(1.578442792 -0.5805872929 -0.05)
(1.655002403 -0.5803982526 -0.05)
(1.731562014 -0.5802092124 -0.05)
(1.519109389 -0.5536772203 -0.05)
(1.595513809 -0.5534668858 -0.05)
(1.671918229 -0.5532565512 -0.05)
(1.748322649 -0.5530462167 -0.05)
(1.535512015 -0.526027808 -0.05)
(1.611768664 -0.5258011368 -0.05)
(1.688025312 -0.5255744655 -0.05)
(1.764281961 -0.5253477943 -0.05)
(1.551073496 -0.4978553375 -0.05)
(1.627189951 -0.4976170418 -0.05)
(1.703306406 -0.4973787462 -0.05)
(1.779422861 -0.4971404505 -0.05)
(1.489793177 -0.4694330687 -0.05)
(1.565777167 -0.4691876104 -0.05)
(1.641761156 -0.4689421521 -0.05)
(1.717745146 -0.4686966937 -0.05)
(1.793729135 -0.4684512354 -0.05)
(1.503747889 -0.4403013731 -0.05)
(1.579607283 -0.4400529586 -0.05)
(1.655466677 -0.4398045442 -0.05)
(1.731326071 -0.4395561297 -0.05)
(1.516806234 -0.4107276379 -0.05)
(1.592549035 -0.4104802141 -0.05)
(1.668291837 -0.4102327903 -0.05)
(1.744034638 -0.4099853665 -0.05)
(1.528954228 -0.3807414282 -0.05)
(1.604588565 -0.3804986779 -0.05)
(1.680222902 -0.3802559276 -0.05)
(1.755857239 -0.3800131772 -0.05)
(1.540178862 -0.3503727507 -0.05)
(1.61571298 -0.3501380887 -0.05)
(1.691247097 -0.3499034267 -0.05)
(1.766781214 -0.3496687647 -0.05)
(1.550468118 -0.3196520215 -0.05)
(1.625910367 -0.3194285912 -0.05)
(1.701352616 -0.3192051609 -0.05)
(1.776794865 -0.3189817305 -0.05)
(1.484452147 -0.2888193642 -0.05)
(1.559810978 -0.288610034 -0.05)
(1.635169808 -0.2884007037 -0.05)
(1.710528639 -0.2881913734 -0.05)
(1.785887469 -0.2879820431 -0.05)
(1.492913484 -0.2574705651 -0.05)
(1.568197436 -0.2572779252 -0.05)
(1.643481387 -0.2570852854 -0.05)
(1.718765338 -0.2568926455 -0.05)
(1.79404929 -0.2567000056 -0.05)
(1.50040082 -0.2258607831 -0.05)
(1.575618512 -0.2256871433 -0.05)
(1.650836204 -0.2255135034 -0.05)
(1.726053896 -0.2253398635 -0.05)
(1.506906137 -0.1940220265 -0.05)
(1.58206626 -0.1938694129 -0.05)
(1.657226382 -0.1937167994 -0.05)
(1.732386505 -0.1935641858 -0.05)
(1.512422469 -0.1619865485 -0.05)
(1.587533775 -0.1618567022 -0.05)
(1.66264508 -0.1617268558 -0.05)
(1.737756386 -0.1615970095 -0.05)
(1.51694391 -0.1297868132 -0.05)
(1.592015203 -0.1296811877 -0.05)
(1.667086495 -0.1295755622 -0.05)
(1.742157788 -0.1294699367 -0.05)
(1.520465616 -0.09745546047 -0.05)
(1.595505744 -0.09737522053 -0.05)
(1.670545871 -0.09729498059 -0.05)
(1.745585998 -0.09721474066 -0.05)
(1.522983819 -0.06502527114 -0.05)
(1.598001661 -0.06497129144 -0.05)
(1.673019503 -0.06491731174 -0.05)
(1.748037346 -0.06486333204 -0.05)
(1.524495819 -0.03252913189 -0.05)
(1.599500281 -0.03250199605 -0.05)
(1.674504743 -0.03247486022 -0.05)
(1.749509205 -0.03244772438 -0.05)
(1.502375399 -0.6830966087 0.05)
(1.579626531 -0.6830470396 0.05)
(1.656877664 -0.6829974704 0.05)
(1.734128797 -0.6829479012 0.05)
(1.522519822 -0.6584154304 0.05)
(1.599587824 -0.6583223921 0.05)
(1.676655825 -0.6582293538 0.05)
(1.753723827 -0.6581363154 0.05)
(1.541926247 -0.6330870451 0.05)
(1.618817827 -0.6329564213 0.05)
(1.695709406 -0.6328257976 0.05)
(1.772600986 -0.6326951738 0.05)
(1.483851838 -0.6072984941 0.05)
(1.560573893 -0.6071359459 0.05)
(1.637295949 -0.6069733978 0.05)
(1.714018004 -0.6068108496 0.05)
(1.79074006 -0.6066483015 0.05)
(1.501883181 -0.5807763331 0.05)
(1.578442792 -0.5805872929 0.05)
(1.655002403 -0.5803982526 0.05)
(1.731562014 -0.5802092124 0.05)
(1.519109389 -0.5536772203 0.05)
(1.595513809 -0.5534668858 0.05)
(1.671918229 -0.5532565512 0.05)
(1.748322649 -0.5530462167 0.05)
(1.535512015 -0.526027808 0.05)
(1.611768664 -0.5258011368 0.05)
(1.688025312 -0.5255744655 0.05)
(1.764281961 -0.5253477943 0.05)
(1.551073496 -0.4978553375 0.05)
(1.627189951 -0.4976170418 0.05)
(1.703306406 -0.4973787462 0.05)
(1.779422861 -0.4971404505 0.05)
(1.489793177 -0.4694330687 0.05)
(1.565777167 -0.4691876104 0.05)
(1.641761156 -0.4689421521 0.05)
(1.717745146 -0.4686966937 0.05)
(1.793729135 -0.4684512354 0.05)
(1.503747889 -0.4403013731 0.05)
(1.579607283 -0.4400529586 0.05)
(1.655466677 -0.4398045442 0.05)
(1.731326071 -0.4395561297 0.05)
(1.516806234 -0.4107276379 0.05)
(1.592549035 -0.4104802141 0.05)
(1.668291837 -0.4102327903 0.05)
(1.744034638 -0.4099853665 0.05)
(1.528954228 -0.3807414282 0.05)
(1.604588565 -0.3804986779 0.05)
(1.680222902 -0.3802559276 0.05)
(1.755857239 -0.3800131772 0.05)
(1.540178862 -0.3503727507 0.05)
(1.61571298 -0.3501380887 0.05)
(1.691247097 -0.3499034267 0.05)
(1.766781214 -0.3496687647 0.05)
(1.550468118 -0.3196520215 0.05)
(1.625910367 -0.3194285912 0.05)
(1.701352616 -0.3192051609 0.05)
(1.776794865 -0.3189817305 0.05)
(1.484452147 -0.2888193642 0.05)
(1.559810978 -0.288610034 0.05)
(1.635169808 -0.2884007037 0.05)
(1.710528639 -0.2881913734 0.05)
(1.785887469 -0.2879820431 0.05)
(1.492913484 -0.2574705651 0.05)
(1.568197436 -0.2572779252 0.05)
(1.643481387 -0.2570852854 0.05)
(1.718765338 -0.2568926455 0.05)
(1.79404929 -0.2567000056 0.05)
(1.50040082 -0.2258607831 0.05)
(1.575618512 -0.2256871433 0.05)
(1.650836204 -0.2255135034 0.05)
(1.726053896 -0.2253398635 0.05)
(1.506906137 -0.1940220265 0.05)
(1.58206626 -0.1938694129 0.05)
(1.657226382 -0.1937167994 0.05)
(1.732386505 -0.1935641858 0.05)
(1.512422469 -0.1619865485 0.05)
(1.587533775 -0.1618567022 0.05)
(1.66264508 -0.1617268558 0.05)
(1.737756386 -0.1615970095 0.05)
(1.51694391 -0.1297868132 0.05)
(1.592015203 -0.1296811877 0.05)
(1.667086495 -0.1295755622 0.05)
(1.742157788 -0.1294699367 0.05)
(1.520465616 -0.09745546047 0.05)
(1.595505744 -0.09737522053 0.05)
(1.670545871 -0.09729498059 0.05)
(1.745585998 -0.09721474066 0.05)
(1.522983819 -0.06502527114 0.05)
(1.598001661 -0.06497129144 0.05)
(1.673019503 -0.06491731174 0.05)
(1.748037346 -0.06486333204 0.05)
(1.524495819 -0.03252913189 0.05)
(1.599500281 -0.03250199605 0.05)
(1.674504743 -0.03247486022 0.05)
(1.749509205 -0.03244772438 0.05)
)


// ************************************************************************* //
