/*--------------------------------*- C++ -*----------------------------------*\
  =========                 |
  \\      /  F ield         | OpenFOAM: The Open Source CFD Toolbox
   \\    /   O peration     | Website:  https://openfoam.org
    \\  /    A nd           | Version:  7
     \\/     M anipulation  |
\*---------------------------------------------------------------------------*/
FoamFile
{
    version     2.0;
    format      ascii;
    class       surfaceScalarField;
    location    "45";
    object      phi;
}
// * * * * * * * * * * * * * * * * * * * * * * * * * * * * * * * * * * * * * //

dimensions      [0 3 -1 0 0 0 0];

internalField   nonuniform List<scalar> 
1655
(
-5.45632e-05
-9.13025e-06
-1.95541e-11
-4.47142e-05
-9.84895e-06
-1.94285e-11
-3.42061e-05
-1.05081e-05
-1.9189e-11
-2.30972e-05
-1.11089e-05
-1.88216e-11
-1.14438e-05
-1.16534e-05
-1.83873e-11
-1.21442e-05
-1.78713e-11
-5.09614e-05
-1.82719e-05
-4.11065e-05
-1.97038e-05
-3.05978e-05
-2.10168e-05
-1.94931e-05
-2.22136e-05
-7.84833e-06
-2.32981e-05
-2.42756e-05
-4.37771e-05
-3.39111e-05
-2.95698e-05
-2.34014e-05
-3.15265e-05
-1.23054e-05
-3.33095e-05
-6.7838e-07
-3.49252e-05
-3.63811e-05
-2.31674e-05
-3.94516e-05
-1.26574e-05
-4.20364e-05
-1.5756e-06
-4.43914e-05
1.0024e-05
-4.65247e-05
-4.84469e-05
-8.93435e-06
-4.93521e-05
1.5739e-06
-5.25447e-05
1.26349e-05
-5.54524e-05
2.41961e-05
-5.8086e-05
-6.04583e-05
8.71019e-06
-5.92724e-05
1.92129e-05
-6.30474e-05
3.02449e-05
-6.64844e-05
4.17553e-05
-6.95964e-05
-7.23991e-05
2.96701e-05
-6.92112e-05
4.01613e-05
-7.35385e-05
5.11538e-05
-7.74769e-05
6.25991e-05
-8.10417e-05
-8.42514e-05
5.38318e-05
-7.91641e-05
6.43025e-05
-8.40093e-05
7.52426e-05
-8.8417e-05
8.66062e-05
-9.24053e-05
-9.59954e-05
8.10648e-05
-8.91232e-05
9.15029e-05
-9.44474e-05
0.000102375
-9.92887e-05
0.000113637
-0.000103668
-0.000107609
0.000111223
-9.90764e-05
0.000121612
-0.000104837
0.000132396
-0.000110073
0.000143535
-0.000114807
0.000154993
-0.000119067
-0.00012288
0.000144144
0.000154465
-0.000115158
0.000165137
-0.000120745
0.000176127
-0.000125797
0.000187401
-0.000130341
-0.000134409
0.00018988
-0.000125384
0.000200413
-0.000131279
0.000211224
-0.000136607
0.000222284
-0.0001414
-0.000145692
0.000227662
-0.000135486
0.000238025
-0.000141642
0.000248623
-0.000147205
0.000259433
-0.00015221
-0.000156692
0.000267605
-0.000145426
0.000277759
-0.000151796
0.000288106
-0.000157552
0.000298627
-0.000162732
-0.000167372
0.000309487
-0.000155163
0.000319389
-0.000161698
0.000329442
-0.000167605
0.000339634
-0.000172924
0.000349952
-0.000177691
-0.000181944
0.000353075
0.000362677
-0.0001713
0.000372389
-0.000177318
0.000382205
-0.000182739
0.000392117
-0.000187603
-0.000191948
0.000407373
-0.000180549
0.000416693
-0.000186637
0.000426083
-0.000192129
0.000435542
-0.000197062
-0.000201474
0.000453217
-0.000189384
0.000462088
-0.000195509
0.000471
-0.000201041
0.000479957
-0.000206019
-0.000210478
0.000499935
0.000508299
-0.000203873
0.000516677
-0.00020942
0.00052508
-0.000214421
0.000533514
-0.000218912
-0.000222926
0.00055504
-0.000211666
0.000562828
-0.000217208
0.000570625
-0.000222218
0.000578441
-0.000226728
-0.000230771
0.000602017
-0.000218825
0.000609157
-0.000224348
0.000616295
-0.000229356
0.000623446
-0.000233879
-0.000237947
0.000648929
0.000655362
-0.000230781
0.00066179
-0.000235783
0.00066823
-0.000240319
0.000674695
-0.000244412
-0.000248087
0.000701138
-0.000236451
0.000706805
-0.000241451
0.00071249
-0.000246003
0.000718207
-0.000250129
-0.000253849
0.000746172
-0.000241303
0.000751033
-0.000246312
0.000755922
-0.000250892
0.000760856
-0.000255062
-0.00025884
0.000790153
0.000794165
-0.000250325
0.000798224
-0.000254951
0.000802344
-0.000259183
0.000806539
-0.000263035
-0.000266522
0.000835897
-0.000253452
0.000839095
-0.000258149
0.000842378
-0.000262466
0.000845757
-0.000266415
-0.000270008
0.000875924
0.000878239
-0.000260463
0.000880667
-0.000264893
0.000883217
-0.000268965
-0.000272689
0.000915354
-0.00026188
0.000916916
-0.000266455
0.00091863
-0.00027068
0.000920504
-0.000274562
-0.00027811
0.000950171
-0.000262389
0.000950862
-0.000267146
0.000951739
-0.000271558
0.000952807
-0.00027563
-0.000279369
0.000982519
0.000982348
-0.000266975
0.000982399
-0.000271609
0.000982673
-0.000275904
0.000983169
-0.000279865
-0.000283499
0.00339281
-0.000263981
0.00339013
-0.000268921
0.00338774
-0.000273521
0.00338566
-0.000277785
-0.00028172
0.00375641
-0.000255761
0.00374871
-0.000261224
0.00374151
-0.000266323
0.0037348
-0.000271067
-0.000275464
0.00411993
-0.000242504
0.00410738
-0.00024868
0.00409551
-0.000254452
0.00408428
-0.000259836
-0.000264843
0.00447632
-0.000224716
0.00445938
-0.000231741
0.00444325
-0.000238317
0.00442788
-0.000244462
-0.000250194
0.00481916
-0.000203148
0.00479852
-0.000211093
0.00477874
-0.000218543
0.0047598
-0.00022552
-0.000232044
0.00514285
-0.000178711
0.00511934
-0.000187575
0.0050967
-0.000195908
0.00507491
-0.000203731
-0.000211068
0.00544292
-0.000152369
0.00541744
-0.000162095
0.0053928
-0.000171264
0.00536896
-0.000179897
-0.000188018
0.00571615
-0.000125061
0.00568961
-0.000135549
0.00566381
-0.000145464
0.00563874
-0.000154829
-0.000163667
0.00596057
-9.76394e-05
0.00593378
-0.000108759
0.00590762
-0.000119305
0.00588209
-0.000129296
-0.000138755
0.00617539
-7.08305e-05
0.00614907
-8.24412e-05
0.00612325
-9.34856e-05
0.00609793
-0.000103982
-0.000113949
0.00636081
-4.52192e-05
0.00633555
-5.71782e-05
0.00631065
-6.85868e-05
0.00628613
-7.94609e-05
-8.98166e-05
0.0065179
-2.12476e-05
0.00649414
-3.3419e-05
0.00647062
-4.50615e-05
0.00644735
-5.61886e-05
-6.68144e-05
0.00664836
7.7722e-07
0.00662643
-1.14823e-05
0.0066046
-2.32383e-05
0.00658292
-3.45021e-05
-4.52857e-05
0.00675435
2.06688e-05
0.00673444
8.4309e-06
0.00671453
-3.33119e-06
0.00669466
-1.46271e-05
-2.54666e-05
0.00683831
3.83447e-05
0.00682052
2.62222e-05
0.00680264
1.45464e-05
0.00678471
3.30953e-06
-7.4966e-06
0.00690283
5.38079e-05
0.00688718
4.18781e-05
0.00687136
3.03658e-05
0.0068554
1.92645e-05
8.56775e-06
0.00695051
6.71277e-05
0.00693693
5.54525e-05
0.00692313
4.41657e-05
0.00690914
3.32625e-05
2.27375e-05
0.00698384
7.84227e-05
0.00697224
6.70493e-05
0.00696037
5.60362e-05
0.00694825
4.53799e-05
3.50761e-05
0.00700517
8.78439e-05
0.00699542
7.68066e-05
0.00698535
6.61028e-05
0.006975
5.57301e-05
4.56853e-05
0.00701664
9.5561e-05
0.00700857
8.48829e-05
0.00700015
7.45132e-05
0.00699143
6.44503e-05
5.46919e-05
0.00702014
0.00010175
0.00701357
9.14457e-05
0.00700666
8.14257e-05
0.00699942
7.16897e-05
6.22363e-05
0.0070173
0.000106587
0.00701209
9.6662e-05
0.00700651
8.70002e-05
0.0070006
7.76012e-05
6.84642e-05
0.00700954
0.000110236
0.00700551
0.000100692
0.00700112
9.13913e-05
0.00699639
8.23335e-05
7.35188e-05
0.00699802
0.00011285
0.00699503
0.000103685
0.00699167
9.47435e-05
0.00698798
8.60272e-05
7.75361e-05
0.0069837
0.000114568
0.00698161
0.000105775
0.00697916
9.71888e-05
0.00697638
8.88109e-05
8.06419e-05
0.00696737
0.00011551
0.00696606
0.000107082
0.0069644
9.88449e-05
0.00696241
9.08004e-05
8.29497e-05
0.00694964
0.000115782
0.00694901
0.00010771
0.00694804
9.98149e-05
0.00694674
9.20976e-05
8.45599e-05
0.00693101
0.000115475
0.00693097
0.000107751
0.0069306
0.000100189
0.0069299
9.27914e-05
8.55607e-05
0.00691187
0.000114666
0.00691234
0.00010728
0.00691249
0.000100043
0.00691232
9.29584e-05
8.60282e-05
0.00689251
0.000113421
0.00689342
0.000106363
0.00689402
9.94431e-05
0.00689432
9.26639e-05
8.60276e-05
0.00687316
0.000111795
0.00687447
0.000105056
0.00687546
9.84452e-05
0.00687616
9.19639e-05
8.56149e-05
0.006854
0.000109835
0.00685565
0.000103407
0.00685699
9.70965e-05
0.00685805
9.0906e-05
8.48378e-05
0.00683515
0.00010758
0.0068371
0.000101455
0.00683876
9.54375e-05
0.00684014
8.95308e-05
8.3737e-05
0.00681673
0.000105064
0.00681895
9.9234e-05
0.00682088
9.35026e-05
0.00682254
8.7873e-05
8.23476e-05
0.0067988
0.000102317
0.00680126
9.6774e-05
0.00680344
9.13215e-05
0.00680535
8.59625e-05
8.06997e-05
0.00678142
9.93641e-05
0.00678409
9.41003e-05
0.00678649
8.89198e-05
0.00678863
8.38253e-05
7.88193e-05
0.00676463
9.6226e-05
0.0067675
9.12348e-05
0.00677009
8.63199e-05
0.00677244
8.14839e-05
7.67293e-05
0.00674847
9.29225e-05
0.00675151
8.81971e-05
0.00675429
8.35415e-05
0.00675681
7.89583e-05
7.44499e-05
0.00673296
8.94702e-05
0.00673615
8.50043e-05
0.00673909
8.0602e-05
0.00674178
7.62661e-05
7.19988e-05
0.00671812
8.58843e-05
0.00672145
8.16716e-05
0.00672454
7.7517e-05
0.00672738
7.3423e-05
6.93919e-05
0.00670396
8.21781e-05
0.00670742
7.82127e-05
0.00671063
7.43003e-05
0.00671361
7.04432e-05
6.66437e-05
0.00669049
7.83637e-05
0.00669406
7.464e-05
0.0066974
7.09645e-05
0.0067005
6.73394e-05
6.3767e-05
0.00667772
7.44518e-05
0.00668139
7.09645e-05
0.00668484
6.75209e-05
0.00668805
6.41233e-05
6.07736e-05
0.00666565
7.04522e-05
0.00666942
6.71963e-05
0.00667296
6.398e-05
0.00667628
6.08053e-05
5.76744e-05
0.00665429
6.6374e-05
0.00665814
6.33446e-05
0.00666177
6.0351e-05
0.00666518
5.73953e-05
5.44792e-05
0.00664364
6.2225e-05
0.00664757
5.94178e-05
0.00665128
5.66428e-05
0.00665477
5.3902e-05
5.11971e-05
0.0066337
5.80128e-05
0.00663769
5.54235e-05
0.00664147
5.28632e-05
0.00664504
5.03337e-05
4.78365e-05
0.00662447
5.37441e-05
0.00662853
5.13689e-05
0.00663237
4.90196e-05
0.00663601
4.66979e-05
4.44053e-05
0.00661596
4.94251e-05
0.00662007
4.72604e-05
0.00662397
4.51187e-05
0.00662766
4.30017e-05
4.09107e-05
0.00660816
4.50615e-05
0.00661231
4.3104e-05
0.00661626
4.1167e-05
0.00662001
3.92517e-05
3.73596e-05
0.00660107
4.06587e-05
0.00660526
3.89054e-05
0.00660926
3.71701e-05
0.00661306
3.54541e-05
3.37583e-05
0.00659469
3.62216e-05
0.00659892
3.46699e-05
0.00660296
3.31338e-05
0.0066068
3.16145e-05
3.01129e-05
0.00658902
3.17548e-05
0.00659329
3.04024e-05
0.00659736
2.90633e-05
0.00660124
2.77386e-05
2.64291e-05
0.00658407
2.72628e-05
0.00658836
2.61075e-05
0.00659246
2.49635e-05
0.00659637
2.38315e-05
2.27124e-05
0.00657983
2.27498e-05
0.00658414
2.17898e-05
0.00658827
2.08391e-05
0.0065922
1.98983e-05
1.89681e-05
0.00657629
1.82196e-05
0.00658063
1.74535e-05
0.00658477
1.66946e-05
0.00658873
1.59436e-05
1.5201e-05
0.00657347
1.36761e-05
0.00657782
1.31026e-05
0.00658198
1.25345e-05
0.00658595
1.19722e-05
1.14161e-05
0.00657135
9.12274e-06
0.00657571
8.74091e-06
0.00657988
8.36266e-06
0.00658387
7.98828e-06
7.61801e-06
0.00656994
4.56296e-06
0.00657431
4.3722e-06
0.00657849
4.18323e-06
0.00658248
3.99617e-06
3.81117e-06
0.00656923
0.00657361
0.00657779
0.00658179
2.37183e-05
0.00657531
1.89925e-05
0.00657176
1.42546e-05
0.00656892
9.50788e-06
0.0065668
4.75536e-06
0.00656538
0.00656467
-0.000263981
0.00339281
0.000266975
-0.000255761
0.00375641
-0.000242504
0.00411993
-0.000224716
0.00447632
-0.000203148
0.00481916
-0.000178711
0.00514285
-0.000152369
0.00544292
-0.000125061
0.00571615
-9.76394e-05
0.00596057
-7.08305e-05
0.00617539
-4.52192e-05
0.00636081
-2.12476e-05
0.0065179
7.77226e-07
0.00664836
2.06688e-05
0.00675435
3.83447e-05
0.00683831
5.38079e-05
0.00690283
6.71277e-05
0.00695051
7.84227e-05
0.00698384
8.78439e-05
0.00700517
9.5561e-05
0.00701664
0.00010175
0.00702014
0.000106587
0.0070173
0.000110236
0.00700954
0.00011285
0.00699802
0.000114568
0.0069837
0.00011551
0.00696737
0.000115782
0.00694964
0.000115475
0.00693101
0.000114666
0.00691187
0.000113421
0.00689251
0.000111795
0.00687316
0.000109835
0.006854
0.00010758
0.00683515
0.000105064
0.00681673
0.000102317
0.0067988
9.93641e-05
0.00678142
9.6226e-05
0.00676463
9.29225e-05
0.00674847
8.94702e-05
0.00673296
8.58843e-05
0.00671812
8.21781e-05
0.00670396
7.83637e-05
0.00669049
7.44518e-05
0.00667772
7.04522e-05
0.00666565
6.6374e-05
0.00665429
6.2225e-05
0.00664364
5.80128e-05
0.0066337
5.37441e-05
0.00662447
4.94251e-05
0.00661596
4.50615e-05
0.00660816
4.06587e-05
0.00660107
3.62216e-05
0.00659469
3.17548e-05
0.00658902
2.72628e-05
0.00658407
2.27498e-05
0.00657983
1.82196e-05
0.00657629
1.36761e-05
0.00657347
9.12275e-06
0.00657135
4.56296e-06
0.00656994
0.00656923
-0.000268921
0.00339013
0.000271609
-0.000261224
0.00374871
-0.00024868
0.00410738
-0.000231741
0.00445938
-0.000211093
0.00479852
-0.000187575
0.00511934
-0.000162095
0.00541744
-0.000135549
0.00568961
-0.000108759
0.00593378
-8.24412e-05
0.00614907
-5.71782e-05
0.00633555
-3.3419e-05
0.00649414
-1.14823e-05
0.00662643
8.4309e-06
0.00673444
2.62222e-05
0.00682052
4.18781e-05
0.00688718
5.54525e-05
0.00693693
6.70493e-05
0.00697224
7.68066e-05
0.00699542
8.48829e-05
0.00700857
9.14457e-05
0.00701357
9.6662e-05
0.00701209
0.000100692
0.00700551
0.000103685
0.00699503
0.000105775
0.00698161
0.000107082
0.00696606
0.00010771
0.00694901
0.000107751
0.00693097
0.00010728
0.00691234
0.000106363
0.00689342
0.000105056
0.00687447
0.000103407
0.00685565
0.000101455
0.0068371
9.9234e-05
0.00681895
9.6774e-05
0.00680126
9.41003e-05
0.00678409
9.12348e-05
0.0067675
8.81971e-05
0.00675151
8.50043e-05
0.00673615
8.16716e-05
0.00672145
7.82127e-05
0.00670742
7.464e-05
0.00669406
7.09645e-05
0.00668139
6.71963e-05
0.00666942
6.33446e-05
0.00665814
5.94178e-05
0.00664757
5.54235e-05
0.00663769
5.13689e-05
0.00662853
4.72604e-05
0.00662007
4.3104e-05
0.00661231
3.89054e-05
0.00660526
3.46699e-05
0.00659892
3.04024e-05
0.00659329
2.61075e-05
0.00658836
2.17898e-05
0.00658414
1.74535e-05
0.00658063
1.31026e-05
0.00657782
8.74091e-06
0.00657571
4.3722e-06
0.00657431
0.00657361
-0.000273521
0.00338774
0.000275904
-0.000266323
0.00374151
-0.000254452
0.00409551
-0.000238317
0.00444325
-0.000218543
0.00477874
-0.000195908
0.0050967
-0.000171264
0.0053928
-0.000145464
0.00566381
-0.000119305
0.00590762
-9.34856e-05
0.00612325
-6.85868e-05
0.00631065
-4.50615e-05
0.00647062
-2.32382e-05
0.0066046
-3.33118e-06
0.00671453
1.45464e-05
0.00680264
3.03658e-05
0.00687136
4.41658e-05
0.00692313
5.60363e-05
0.00696037
6.61029e-05
0.00698535
7.45132e-05
0.00700015
8.14258e-05
0.00700666
8.70002e-05
0.00700651
9.13913e-05
0.00700112
9.47435e-05
0.00699167
9.71888e-05
0.00697916
9.88449e-05
0.0069644
9.9815e-05
0.00694804
0.000100189
0.0069306
0.000100043
0.00691249
9.94431e-05
0.00689402
9.84452e-05
0.00687546
9.70965e-05
0.00685699
9.54375e-05
0.00683876
9.35026e-05
0.00682088
9.13215e-05
0.00680344
8.89198e-05
0.00678649
8.63199e-05
0.00677009
8.35415e-05
0.00675429
8.0602e-05
0.00673909
7.7517e-05
0.00672454
7.43003e-05
0.00671063
7.09645e-05
0.0066974
6.75209e-05
0.00668484
6.398e-05
0.00667296
6.0351e-05
0.00666177
5.66428e-05
0.00665128
5.28632e-05
0.00664147
4.90196e-05
0.00663237
4.51188e-05
0.00662397
4.1167e-05
0.00661626
3.71701e-05
0.00660926
3.31339e-05
0.00660296
2.90633e-05
0.00659736
2.49635e-05
0.00659246
2.08391e-05
0.00658827
1.66946e-05
0.00658477
1.25345e-05
0.00658198
8.36266e-06
0.00657988
4.18323e-06
0.00657849
0.00657779
-0.000277785
0.00338566
0.000279865
-0.000271067
0.0037348
-0.000259836
0.00408428
-0.000244462
0.00442788
-0.00022552
0.0047598
-0.000203731
0.00507491
-0.000179897
0.00536896
-0.000154829
0.00563874
-0.000129296
0.00588209
-0.000103982
0.00609793
-7.94609e-05
0.00628613
-5.61886e-05
0.00644735
-3.45021e-05
0.00658292
-1.46271e-05
0.00669466
3.30954e-06
0.00678471
1.92645e-05
0.0068554
3.32625e-05
0.00690914
4.53799e-05
0.00694825
5.57301e-05
0.006975
6.44503e-05
0.00699143
7.16898e-05
0.00699942
7.76012e-05
0.0070006
8.23335e-05
0.00699639
8.60272e-05
0.00698798
8.88109e-05
0.00697638
9.08004e-05
0.00696241
9.20977e-05
0.00694674
9.27915e-05
0.0069299
9.29584e-05
0.00691232
9.26639e-05
0.00689432
9.19639e-05
0.00687616
9.09061e-05
0.00685805
8.95308e-05
0.00684014
8.7873e-05
0.00682254
8.59625e-05
0.00680535
8.38253e-05
0.00678863
8.14839e-05
0.00677244
7.89583e-05
0.00675681
7.62661e-05
0.00674178
7.3423e-05
0.00672738
7.04432e-05
0.00671361
6.73394e-05
0.0067005
6.41233e-05
0.00668805
6.08053e-05
0.00667628
5.73953e-05
0.00666518
5.3902e-05
0.00665477
5.03337e-05
0.00664504
4.66979e-05
0.00663601
4.30017e-05
0.00662766
3.92517e-05
0.00662001
3.54541e-05
0.00661306
3.16145e-05
0.0066068
2.77386e-05
0.00660124
2.38315e-05
0.00659637
1.98983e-05
0.0065922
1.59436e-05
0.00658873
1.19722e-05
0.00658595
7.98828e-06
0.00658387
3.99618e-06
0.00658248
0.00658179
-0.00028172
0.000283499
-0.000275464
-0.000264843
-0.000250194
-0.000232044
-0.000211068
-0.000188018
-0.000163667
-0.000138755
-0.000113949
-8.98166e-05
-6.68144e-05
-4.52857e-05
-2.54666e-05
-7.49658e-06
8.56776e-06
2.27375e-05
3.50761e-05
4.56853e-05
5.46919e-05
6.22363e-05
6.84642e-05
7.35188e-05
7.75361e-05
8.06419e-05
8.29497e-05
8.45599e-05
8.55607e-05
8.60282e-05
8.60276e-05
8.56149e-05
8.48378e-05
8.3737e-05
8.23476e-05
8.06997e-05
7.88193e-05
7.67294e-05
7.44499e-05
7.19988e-05
6.93919e-05
6.66437e-05
6.3767e-05
6.07736e-05
5.76744e-05
5.44792e-05
5.11971e-05
4.78365e-05
4.44053e-05
4.09107e-05
3.73596e-05
3.37583e-05
3.01129e-05
2.64291e-05
2.27124e-05
1.89681e-05
1.5201e-05
1.14161e-05
7.61801e-06
3.81117e-06
0.000982519
0.000262389
0.000982348
0.000267146
0.000982399
0.000271558
0.000982673
0.00027563
0.000983169
0.000279369
0.000950171
0.00026188
0.000950862
0.000266455
0.000951739
0.00027068
0.000952807
0.000274562
0.00027811
0.000915354
0.000260463
0.000916916
0.000264893
0.00091863
0.000268965
0.000920504
0.000272689
0.000875924
0.000253452
0.000878239
0.000258149
0.000880667
0.000262466
0.000883217
0.000266415
0.000270008
0.000835897
0.000250325
0.000839095
0.000254951
0.000842378
0.000259183
0.000845757
0.000263035
0.000266522
0.000790153
0.000241303
0.000794165
0.000246312
0.000798224
0.000250892
0.000802344
0.000255062
0.000806539
0.00025884
0.000746172
0.000236451
0.000751033
0.000241451
0.000755922
0.000246003
0.000760856
0.000250129
0.000253849
0.000701138
0.000230781
0.000706805
0.000235783
0.00071249
0.000240319
0.000718207
0.000244412
0.000248087
0.000648929
0.000218825
0.000655362
0.000224348
0.00066179
0.000229356
0.00066823
0.000233879
0.000674695
0.000237947
0.000602017
0.000211666
0.000609157
0.000217208
0.000616295
0.000222218
0.000623446
0.000226728
0.000230771
0.00055504
0.000203873
0.000562828
0.00020942
0.000570625
0.000214421
0.000578441
0.000218912
0.000222926
0.000499935
0.000189385
0.000508299
0.000195509
0.000516677
0.000201041
0.00052508
0.000206019
0.000533514
0.000210478
0.000453217
0.000180549
0.000462088
0.000186637
0.000471
0.000192129
0.000479957
0.000197062
0.000201474
0.000407373
0.0001713
0.000416693
0.000177318
0.000426083
0.000182739
0.000435542
0.000187603
0.000191948
0.000353075
0.000155163
0.000362677
0.000161698
0.000372389
0.000167605
0.000382205
0.000172924
0.000392117
0.000177691
0.000181944
0.000309487
0.000145426
0.000319389
0.000151796
0.000329442
0.000157552
0.000339633
0.000162732
0.000349952
0.000167372
0.000267605
0.000135486
0.000277759
0.000141642
0.000288105
0.000147205
0.000298627
0.00015221
0.000156692
0.000227662
0.000125384
0.000238025
0.000131279
0.000248623
0.000136607
0.000259433
0.0001414
0.000145692
0.00018988
0.000115158
0.000200413
0.000120745
0.000211224
0.000125797
0.000222284
0.000130341
0.000134409
0.000144144
9.90764e-05
0.000154465
0.000104837
0.000165137
0.000110073
0.000176127
0.000114807
0.000187401
0.000119067
0.00012288
0.000111223
8.91232e-05
0.000121612
9.44474e-05
0.000132396
9.92887e-05
0.000143535
0.000103668
0.000154993
0.000107609
8.10648e-05
7.91641e-05
9.15029e-05
8.40093e-05
0.000102375
8.8417e-05
0.000113637
9.24053e-05
9.59955e-05
5.38318e-05
6.92112e-05
6.43025e-05
7.35386e-05
7.52426e-05
7.74769e-05
8.66062e-05
8.10417e-05
8.42515e-05
2.96701e-05
5.92724e-05
4.01613e-05
6.30474e-05
5.11538e-05
6.64844e-05
6.25991e-05
6.95964e-05
7.23991e-05
8.71018e-06
4.93522e-05
1.92129e-05
5.25447e-05
3.02449e-05
5.54524e-05
4.17553e-05
5.8086e-05
6.04583e-05
-8.93435e-06
3.94517e-05
1.57389e-06
4.20365e-05
1.26349e-05
4.43914e-05
2.41961e-05
4.65248e-05
4.8447e-05
-2.31674e-05
2.95699e-05
-1.26574e-05
3.15265e-05
-1.57561e-06
3.33096e-05
1.0024e-05
3.49252e-05
3.63811e-05
-4.37771e-05
1.82719e-05
-3.39111e-05
1.97038e-05
-2.34014e-05
2.10169e-05
-1.23054e-05
2.22136e-05
-6.78384e-07
2.32981e-05
2.42756e-05
-5.09614e-05
9.13029e-06
-4.11065e-05
9.84899e-06
-3.05978e-05
1.05081e-05
-1.94931e-05
1.11089e-05
-7.84833e-06
1.16534e-05
1.21442e-05
-5.45632e-05
-4.47142e-05
-3.42061e-05
-2.30972e-05
-1.14438e-05
)
;

boundaryField
{
    inlet
    {
        type            calculated;
        value           nonuniform 0();
    }
    outlet
    {
        type            calculated;
        value           nonuniform 0();
    }
    cylinder
    {
        type            calculated;
        value           nonuniform 0();
    }
    top
    {
        type            symmetryPlane;
        value           uniform 0;
    }
    bottom
    {
        type            symmetryPlane;
        value           uniform 0;
    }
    defaultFaces
    {
        type            empty;
        value           nonuniform 0();
    }
    procBoundary21to20
    {
        type            processor;
        value           nonuniform List<scalar> 
197
(
6.36934e-05
6.0103e-05
5.29409e-05
-2.74356e-05
3.30491e-05
1.88349e-05
1.21006e-06
-1.97313e-05
-4.38789e-05
-7.11057e-05
-0.000101269
-0.000134214
-0.000109007
-0.000179653
-0.00021756
-0.000257664
-0.00029975
-0.000343591
-0.000164647
-0.000398125
-0.000444381
-0.000491576
-0.000197744
-0.000547246
-0.000594858
-0.00064247
-0.000225284
-0.000695468
-0.000741319
-0.000786167
-0.00024529
-0.000832769
-0.00087371
-0.000255667
-0.000913938
-0.000949662
-0.000982911
-0.000261996
-0.00339581
-0.00376463
-0.00413318
-0.00449411
-0.00484073
-0.00516729
-0.00546927
-0.00574346
-0.00598799
-0.0062022
-0.00638642
-0.00654187
-0.00667039
-0.00677424
-0.00685599
-0.0069183
-0.00696383
-0.00699513
-0.00701459
-0.00702436
-0.00702633
-0.00702214
-0.00701319
-0.00700063
-0.00698542
-0.00696831
-0.00694991
-0.0069307
-0.00691106
-0.00689126
-0.00687153
-0.00685204
-0.0068329
-0.00681421
-0.00679605
-0.00677846
-0.00676149
-0.00674517
-0.00672951
-0.00671453
-0.00670025
-0.00668668
-0.00667381
-0.00666165
-0.00665021
-0.00663949
-0.00662949
-0.0066202
-0.00661164
-0.00660379
-0.00659666
-0.00659025
-0.00658456
-0.00657958
-0.00657531
-0.00657176
-0.00656892
-0.0065668
-0.00656538
-0.00656467
-0.0065706
-0.00656704
-0.00656419
-0.00656205
-0.00656063
-0.00655992
-0.00339581
-0.000261996
-0.00376463
-0.00413318
-0.00449411
-0.00484073
-0.00516729
-0.00546927
-0.00574346
-0.00598799
-0.0062022
-0.00638642
-0.00654187
-0.00667039
-0.00677424
-0.00685599
-0.0069183
-0.00696383
-0.00699513
-0.00701459
-0.00702436
-0.00702633
-0.00702214
-0.00701319
-0.00700063
-0.00698542
-0.00696831
-0.00694991
-0.0069307
-0.00691106
-0.00689126
-0.00687153
-0.00685204
-0.0068329
-0.00681421
-0.00679605
-0.00677846
-0.00676149
-0.00674517
-0.00672951
-0.00671453
-0.00670025
-0.00668668
-0.00667381
-0.00666165
-0.00665021
-0.00663949
-0.00662949
-0.0066202
-0.00661164
-0.00660379
-0.00659666
-0.00659025
-0.00658456
-2.84286e-05
-0.00657958
-0.000982911
-0.000949662
-0.000913938
-0.000255667
-0.00087371
-0.000832769
-0.00024529
-0.000786167
-0.000741319
-0.000695468
-0.000225284
-0.00064247
-0.000594858
-0.000547246
-0.000197744
-0.000491576
-0.000444381
-0.000398125
-0.000164647
-0.000343591
-0.00029975
-0.000257664
-0.00021756
-0.000179653
-0.000109007
-0.000134214
-0.000101269
-7.11057e-05
-4.38789e-05
-1.97313e-05
1.21007e-06
1.88349e-05
3.30492e-05
-2.74357e-05
5.29409e-05
6.0103e-05
6.36934e-05
)
;
    }
    procBoundary21to22
    {
        type            processor;
        value           nonuniform List<scalar> 
194
(
7.00339e-07
4.28307e-06
1.14271e-05
2.20898e-05
3.62075e-05
5.36961e-05
7.44514e-05
9.83502e-05
0.000125251
0.000111137
0.000166736
0.00019893
0.000233566
0.000270433
0.000309308
0.00017151
0.000360387
0.00040212
0.000445069
0.000488961
0.000214455
0.000541985
0.000586285
0.000630621
0.000241585
0.000681197
0.000723968
0.000765847
0.000262243
0.000810819
0.000849242
0.000885898
0.000276074
0.00092254
0.000954066
0.000282783
0.000983885
0.00338388
0.00372854
0.00407366
0.00441323
0.00474165
0.00505394
0.00534591
0.00561439
0.00585718
0.00607313
0.006262
0.00642434
0.00656139
0.00667484
0.00676674
0.00683934
0.00689497
0.00693592
0.00696439
0.00698243
0.00699188
0.00699437
0.00699133
0.00698396
0.00697328
0.00696011
0.00694513
0.0069289
0.00691185
0.00689432
0.00687658
0.00685883
0.00684124
0.00682393
0.00680699
0.00679051
0.00677453
0.00675909
0.00674424
0.00672999
0.00671636
0.00670338
0.00669105
0.00667938
0.00666838
0.00665805
0.0066484
0.00663944
0.00663116
0.00662356
0.00661666
0.00661045
0.00660492
0.00660009
0.00659595
0.0065925
0.00658974
0.00658767
0.00658629
0.0065856
0.00338388
0.00372854
0.00407366
0.00441323
0.00474165
0.00505394
0.00534591
0.00561439
0.00585718
0.00607313
0.006262
0.00642434
0.00656139
0.00667484
0.00676674
0.00683934
0.00689497
0.00693592
0.00696439
0.00698243
0.00699188
0.00699437
0.00699133
0.00698396
0.00697328
0.00696011
0.00694513
0.0069289
0.00691185
0.00689432
0.00687658
0.00685883
0.00684124
0.00682393
0.00680699
0.00679051
0.00677453
0.00675909
0.00674424
0.00672999
0.00671636
0.00670338
0.00669105
0.00667938
0.00666838
0.00665805
0.0066484
0.00663944
0.00663116
0.00662356
0.00661666
0.00661045
0.00660492
0.00660009
0.00659595
0.0065925
0.00658974
0.00658767
0.00658629
0.0065856
0.000983885
0.000282783
0.000954066
0.00092254
0.000276074
0.000885898
0.000849242
0.000810819
0.000262243
0.000765847
0.000723968
0.000681197
0.000241585
0.000630621
0.000586285
0.000541985
0.000214455
0.000488961
0.000445069
0.00040212
0.000360387
0.00017151
0.000309307
0.000270433
0.000233566
0.00019893
0.000166736
0.000111137
0.000125251
9.83502e-05
7.44514e-05
5.36961e-05
3.62075e-05
2.20898e-05
1.14271e-05
4.28307e-06
7.00338e-07
)
;
    }
}


// ************************************************************************* //
