/*--------------------------------*- C++ -*----------------------------------*\
  =========                 |
  \\      /  F ield         | OpenFOAM: The Open Source CFD Toolbox
   \\    /   O peration     | Website:  https://openfoam.org
    \\  /    A nd           | Version:  7
     \\/     M anipulation  |
\*---------------------------------------------------------------------------*/
FoamFile
{
    version     2.0;
    format      ascii;
    class       surfaceScalarField;
    location    "75";
    object      phi;
}
// * * * * * * * * * * * * * * * * * * * * * * * * * * * * * * * * * * * * * //

dimensions      [0 3 -1 0 0 0 0];

internalField   nonuniform List<scalar> 
278
(
0.00381616
-0.0239296
0.0241507
-0.0259154
0.0259258
0.00379298
-0.0236764
-0.0258737
0.00376443
-0.0233925
-0.0257964
0.00373078
-0.0230796
-0.02568
0.00369231
-0.0227396
-0.0255212
0.00364927
-0.0223747
-0.0253176
0.00360194
-0.0219871
-0.0250677
0.00355053
-0.0215792
-0.0247708
0.00349522
-0.0211534
-0.0244274
0.00343621
-0.0207123
-0.0240391
0.00337375
-0.0202583
-0.0236083
0.0033081
-0.0197943
-0.0231384
0.0032395
-0.0193228
-0.0226336
0.00316825
-0.018847
-0.0220987
0.00309469
-0.0183698
-0.0215391
0.0030193
-0.0178943
-0.0209599
0.00294231
-0.0174238
-0.0203658
0.00286278
-0.0169617
-0.0197626
0.00277952
-0.0165119
-0.0191583
0.00269727
-0.0160764
-0.0185574
0.00263864
-0.0179606
0.0187294
-0.0150475
-0.0164218
0.0176819
-0.0123767
-0.012928
0.0184934
-0.0100705
-0.0090098
0.0183631
-0.00828151
-0.00588956
0.0185174
-0.00666432
-0.00379112
0.018774
-0.00527698
-0.00253056
0.0190366
-0.00404597
-0.00180604
0.0193846
-0.00305128
-0.00134745
0.0197165
-0.00228647
-0.0010349
0.0199942
-0.00171782
-0.000810074
0.0202045
-0.00129747
-0.000645636
0.0203568
-0.000985466
-0.000522808
0.0204664
-0.000752048
-0.000427403
0.0205465
-0.000575073
-0.000349657
0.0206028
-0.000439264
-0.000283956
0.0206431
-0.000332366
-0.000226176
0.0206677
-0.000246513
-0.000174668
0.0206841
-0.000174667
-0.000127475
0.0206948
-0.000111998
-8.33519e-05
0.0207019
-5.44734e-05
-4.09924e-05
0.0207034
0.0182719
0.00936714
-0.0197319
0.0151673
0.01162
0.01155
0.0162923
0.00844273
0.020175
0.00613342
0.0220202
0.00445407
0.0224153
0.00321512
0.0222621
0.00228816
0.0220058
0.00160459
0.0217721
0.0011076
0.0215765
0.000752491
0.021421
0.000501258
0.0212929
0.000326537
0.0211922
0.000206327
0.0211079
0.000126058
0.0210423
7.32131e-05
0.0209861
3.9865e-05
0.0209429
1.97877e-05
0.0209103
9.00456e-06
0.0208886
3.51161e-06
0.0208721
0.0208616
0.0177067
0.0144093
-0.0227489
0.0117166
0.0176101
0.00684362
0.0211653
0.00394046
0.0230781
0.00244251
0.0235182
0.00162117
0.0232366
0.00111361
0.0227697
0.000753422
0.022366
0.000489662
0.0220359
0.000294649
0.0217715
0.000154879
0.0215608
5.75105e-05
0.0213902
-6.32292e-06
0.0212561
-4.56868e-05
0.0211473
-6.58699e-05
0.0210625
-7.24602e-05
-6.87053e-05
-5.76011e-05
-4.09013e-05
-2.09977e-05
0.00724767
0.00308463
0.000799945
-0.00022589
-0.000526021
-0.00058851
-0.000581537
-0.000540588
-0.000489718
-0.000439355
-0.000392239
-0.000348958
-0.000307666
-0.000267642
0.0030546
-0.0204254
-0.0230772
0.00314227
-0.0210643
-0.0233654
0.00321481
-0.0216381
-0.0236279
0.00328515
-0.0221524
-0.023868
0.00335232
-0.0226121
-0.0240882
0.00341655
-0.0230216
-0.0242902
0.00347756
-0.0233843
-0.0244759
0.00353505
-0.0237022
-0.0246468
0.00358871
-0.0239764
-0.0248047
0.00363822
-0.0242079
-0.0249512
0.00368324
-0.0243975
-0.0250879
0.00372347
-0.0245457
-0.0252159
0.00375862
-0.0246534
-0.0253361
0.00378845
-0.0247211
-0.0254489
0.00381274
-0.0247499
-0.0255541
0.00383129
-0.0247405
-0.0256507
0.00384393
-0.0246939
-0.0257372
0.00385052
-0.0246109
-0.0258111
0.003851
-0.0244922
-0.0258696
0.00384536
-0.0243385
-0.0259092
0.00383369
)
;

boundaryField
{
    inlet
    {
        type            calculated;
        value           nonuniform 0();
    }
    outlet
    {
        type            calculated;
        value           nonuniform 0();
    }
    cylinder
    {
        type            calculated;
        value           nonuniform 0();
    }
    top
    {
        type            symmetryPlane;
        value           uniform 0;
    }
    bottom
    {
        type            symmetryPlane;
        value           uniform 0;
    }
    defaultFaces
    {
        type            empty;
        value           nonuniform 0();
    }
    procBoundary35to34
    {
        type            processor;
        value           nonuniform List<scalar> 
85
(
-0.00403723
-0.00404616
-0.00404831
-0.00404368
-0.00403231
-0.00401424
-0.00398956
-0.00395842
-0.00392097
-0.00387736
-0.00382769
-0.00377216
-0.00371092
-0.00364411
-0.00357192
-0.00349476
-0.00341281
-0.00332486
-0.00322929
-0.00313281
-0.00306484
-0.0156502
-0.0216425
-0.0203527
-0.0207996
-0.0201521
-0.0201346
-0.0201613
-0.0202676
-0.0203793
-0.0204813
-0.0205629
-0.0206248
-0.0206688
-0.0206998
-0.0207234
-0.0207386
-0.02075
-0.0207536
-0.0207559
-0.0207575
-0.0207595
-0.0207579
-0.00790706
-0.0085154
-0.012675
-0.0170677
-0.0197109
-0.020736
-0.0210232
-0.0210788
-0.0210885
-0.0210795
-0.0210659
-0.0210416
-0.0210175
-0.0209877
-0.0209621
-0.0209332
-0.0209096
-0.0208903
-0.0208778
-0.0208666
-0.020858
-0.00236114
-0.00250338
-0.00264096
-0.00277088
-0.0028926
-0.00300707
-0.00311486
-0.00321718
-0.00331448
-0.00340669
-0.00349368
-0.00357522
-0.003651
-0.00372069
-0.00378398
-0.00384064
-0.00389052
-0.00393355
-0.00396971
-0.00399903
-0.00402153
)
;
    }
    procBoundary35to36
    {
        type            processor;
        value           nonuniform List<scalar> 
87
(
0.00380573
0.00375121
0.00368721
0.00361437
0.00353352
0.00344568
0.00335198
0.00325363
0.00315187
0.00304791
0.00294296
0.00283818
0.00273466
0.00263339
0.00253509
0.00244007
0.00234821
0.00225955
0.00217525
0.00209636
0.0020419
0.0199626
0.0151886
0.0141882
0.0145751
0.0152429
0.016419
0.0175134
0.018312
0.018926
0.0194039
0.0197694
0.02004
0.0202339
0.0203709
0.0204687
0.0205371
0.0205853
0.0206162
0.0206369
0.0206507
0.0206596
0.0206624
0.0209926
0.0209392
0.0208992
0.0208719
0.0208522
0.0208406
0.0193583
-0.0121966
0.0217731
0.02345
0.0241039
0.0238183
0.0232991
0.0227627
0.022325
0.021985
0.0217211
0.0215137
0.021347
0.0212148
0.0211073
-0.000227753
0.0210226
0.00338299
0.00343041
0.00347733
0.00352522
0.00357251
0.00361862
0.00366319
0.00370596
0.00374661
0.00378474
0.00381989
0.00385148
0.00387886
0.00390128
0.00391791
0.0039279
0.00393036
0.00392447
0.00390951
0.00388492
0.00385036
)
;
    }
}


// ************************************************************************* //
