/*--------------------------------*- C++ -*----------------------------------*\
  =========                 |
  \\      /  F ield         | OpenFOAM: The Open Source CFD Toolbox
   \\    /   O peration     | Website:  https://openfoam.org
    \\  /    A nd           | Version:  7
     \\/     M anipulation  |
\*---------------------------------------------------------------------------*/
FoamFile
{
    version     2.0;
    format      ascii;
    class       volVectorField;
    location    "50";
    object      U;
}
// * * * * * * * * * * * * * * * * * * * * * * * * * * * * * * * * * * * * * //

dimensions      [0 1 -1 0 0 0 0];

internalField   nonuniform List<vector> 
928
(
(0.650828 -0.000387549 -3.80866e-25)
(0.652045 -0.000384536 7.18909e-25)
(0.653252 -0.000381537 -4.11051e-26)
(0.654451 -0.000378549 -1.85299e-25)
(0.655641 -0.000375569 8.3454e-25)
(0.65111 -0.00116212 3.9679e-24)
(0.652325 -0.00115309 -4.15793e-24)
(0.653531 -0.00114411 1.73386e-24)
(0.654728 -0.00113515 -1.45921e-24)
(0.655916 -0.00112622 4.69618e-25)
(0.651675 -0.00193501 2.54613e-24)
(0.652886 -0.00191999 1.15059e-25)
(0.654088 -0.00190503 -1.46567e-24)
(0.655281 -0.00189013 -1.29081e-24)
(0.656466 -0.00187527 4.86916e-25)
(0.65252 -0.0027051 1.23371e-23)
(0.653725 -0.00268411 -7.28608e-24)
(0.654922 -0.00266323 3.58258e-24)
(0.65611 -0.00264242 -2.40503e-24)
(0.657289 -0.00262166 1.52777e-24)
(0.653644 -0.00347127 5.11477e-24)
(0.654842 -0.00344438 2.86146e-24)
(0.656031 -0.00341761 -4.63491e-24)
(0.657212 -0.00339094 -1.05687e-24)
(0.658384 -0.00336434 -2.25492e-24)
(0.655045 -0.00423243 1.37909e-24)
(0.656234 -0.00419969 2.3072e-24)
(0.657414 -0.0041671 1.04084e-25)
(0.658586 -0.00413464 1.78027e-24)
(0.659749 -0.00410227 -4.58841e-24)
(0.65672 -0.0049875 -8.1588e-25)
(0.657898 -0.00494898 3.98646e-24)
(0.659067 -0.00491065 -9.95146e-24)
(0.660228 -0.00487247 5.72258e-24)
(0.661381 -0.0048344 9.03874e-25)
(0.658666 -0.0057354 -7.5543e-24)
(0.659831 -0.00569121 -3.86289e-24)
(0.660988 -0.00564723 5.96554e-24)
(0.662136 -0.00560342 -2.24391e-24)
(0.663276 -0.00555974 3.34965e-24)
(0.660878 -0.00647509 -3.98703e-24)
(0.662029 -0.00642532 4.55065e-24)
(0.663172 -0.00637579 6.97799e-25)
(0.664306 -0.00632646 1.1258e-24)
(0.665433 -0.00627728 -9.33564e-24)
(0.663354 -0.00720556 -3.91741e-24)
(0.664489 -0.00715033 -6.3275e-24)
(0.665615 -0.00709536 -1.8367e-24)
(0.666734 -0.00704062 4.59165e-24)
(0.667845 -0.00698606 -1.46287e-24)
(0.666086 -0.00792579 -1.69747e-24)
(0.667204 -0.00786523 1.43683e-23)
(0.668314 -0.00780496 -1.15513e-23)
(0.669415 -0.00774494 1.1921e-23)
(0.670509 -0.00768512 -1.19874e-23)
(0.669072 -0.00863484 2.86328e-23)
(0.67017 -0.00856908 -1.73713e-23)
(0.671261 -0.00850364 1.91092e-24)
(0.672344 -0.00843848 1.01021e-23)
(0.67342 -0.00837354 6.54769e-24)
(0.672304 -0.00933176 -1.33865e-23)
(0.673382 -0.00926095 -1.48469e-23)
(0.674453 -0.0091905 1.73375e-24)
(0.675516 -0.00912035 1.32601e-24)
(0.676572 -0.00905043 -9.68186e-24)
(0.675776 -0.0100157 -2.08109e-23)
(0.676833 -0.00993996 -1.32072e-23)
(0.677882 -0.00986465 2.11023e-23)
(0.678924 -0.00978966 -1.35512e-23)
(0.67996 -0.00971494 -1.23075e-24)
(0.679482 -0.0106857 -1.84298e-23)
(0.680516 -0.0106052 1.71483e-24)
(0.681543 -0.0105252 2.12577e-23)
(0.682563 -0.0104456 -4.89988e-25)
(0.683576 -0.0103662 9.06314e-24)
(0.683415 -0.011341 1.59161e-23)
(0.684425 -0.011256 -2.04947e-23)
(0.685428 -0.0111715 1.26848e-23)
(0.686425 -0.0110873 -2.07566e-25)
(0.687415 -0.0110035 -1.27461e-23)
(0.687567 -0.0119808 3.02507e-23)
(0.688552 -0.0118915 5.28142e-24)
(0.689531 -0.0118026 -4.08138e-24)
(0.690503 -0.0117142 -3.18715e-23)
(0.691469 -0.0116261 -4.11519e-24)
(0.69193 -0.0126044 -3.20211e-23)
(0.69289 -0.0125109 5.85067e-24)
(0.693843 -0.0124179 2.06755e-23)
(0.694791 -0.0123253 4.00625e-24)
(0.695732 -0.0122332 7.2871e-24)
(0.696498 -0.013211 -2.91685e-24)
(0.697431 -0.0131136 2.11204e-24)
(0.698358 -0.0130166 4.55784e-24)
(0.699279 -0.0129202 -2.53667e-24)
(0.700195 -0.0128241 -1.66507e-23)
(0.70126 -0.0138002 -7.09415e-24)
(0.702166 -0.0136989 1.62669e-23)
(0.703066 -0.0135982 4.46873e-24)
(0.703961 -0.0134981 -5.79184e-24)
(0.70485 -0.0133983 1.27894e-23)
(0.706209 -0.0143711 9.20871e-24)
(0.707087 -0.0142663 -2.28375e-23)
(0.70796 -0.0141621 8.78557e-24)
(0.708827 -0.0140584 -2.68455e-23)
(0.70969 -0.0139552 1.29198e-23)
(0.711336 -0.0149234 4.96552e-23)
(0.712186 -0.0148152 1.4748e-23)
(0.71303 -0.0147077 -1.69045e-23)
(0.71387 -0.0146008 -1.15197e-23)
(0.714705 -0.0144943 -9.09008e-24)
(0.716631 -0.0154565 -1.17855e-23)
(0.717453 -0.0153452 1.71234e-23)
(0.718269 -0.0152346 -1.8445e-24)
(0.719081 -0.0151245 -4.65736e-24)
(0.719888 -0.015015 5.53755e-26)
(0.722086 -0.01597 2.38922e-23)
(0.722879 -0.0158557 6.50373e-24)
(0.723667 -0.0157422 -4.21907e-24)
(0.72445 -0.0156293 -4.22755e-23)
(0.72523 -0.015517 1.5368e-23)
(0.727691 -0.0164634 2.41694e-23)
(0.728455 -0.0163465 -6.50784e-24)
(0.729214 -0.0162303 -1.2021e-23)
(0.729969 -0.0161148 1.29847e-23)
(0.730721 -0.0159998 1.67755e-23)
(0.733437 -0.0169366 -6.66283e-23)
(0.734172 -0.0168171 6.93624e-23)
(0.734902 -0.0166985 -2.661e-23)
(0.735629 -0.0165805 1.35902e-23)
(0.736352 -0.0164632 8.22129e-24)
(0.739314 -0.0173891 2.20725e-23)
(0.74002 -0.0172674 -8.43288e-23)
(0.740722 -0.0171465 7.2763e-23)
(0.74142 -0.0170263 -1.56676e-25)
(0.742116 -0.0169068 -1.28297e-23)
(0.745312 -0.0178208 -4.75087e-23)
(0.745989 -0.017697 3.01794e-23)
(0.746663 -0.0175741 -8.26659e-24)
(0.747333 -0.0174519 1.2989e-24)
(0.748001 -0.0173305 7.81788e-24)
(0.751422 -0.0182318 8.35917e-23)
(0.752071 -0.0181062 -3.17286e-23)
(0.752716 -0.0179814 1.55322e-23)
(0.753359 -0.0178575 -2.21359e-23)
(0.753999 -0.0177342 2.55625e-23)
(0.754636 -0.0176116 9.94891e-24)
(0.757634 -0.0186216 -1.21413e-22)
(0.758255 -0.0184944 4.25794e-23)
(0.758873 -0.018368 -4.25673e-13)
(0.759488 -0.0182425 4.25522e-13)
(0.760101 -0.0181177 6.25884e-24)
(0.760712 -0.0179935 2.45692e-23)
(0.768813 -0.019108 0)
(0.76938 -0.0189793 -1.17749e-12)
(0.769945 -0.0188513 1.1775e-12)
(0.770508 -0.0187242 0)
(0.77107 -0.0185978 0)
(0.784228 -0.0198582 0)
(0.78472 -0.019727 -6.29492e-13)
(0.78521 -0.0195968 6.29492e-13)
(0.785699 -0.0194674 0)
(0.786187 -0.0193388 0)
(0.800112 -0.0205022 0)
(0.800528 -0.0203694 -6.57435e-13)
(0.800943 -0.0202377 6.57435e-13)
(0.801358 -0.0201068 0)
(0.801771 -0.0199768 0)
(0.816361 -0.0210383 0)
(0.816702 -0.0209048 -6.86459e-13)
(0.817042 -0.0207724 6.86459e-13)
(0.817382 -0.020641 0)
(0.817722 -0.0205105 0)
(0.832872 -0.0214674 0)
(0.833138 -0.0213341 -7.16769e-13)
(0.833404 -0.0212019 7.16769e-13)
(0.833671 -0.0210707 0)
(0.833939 -0.0209406 0)
(0.849544 -0.0217915 0)
(0.849738 -0.0216592 -7.48178e-13)
(0.849932 -0.021528 7.48178e-13)
(0.850127 -0.021398 0)
(0.850323 -0.021269 0)
(0.86628 -0.0220136 0)
(0.866402 -0.021883 -7.80566e-13)
(0.866526 -0.0217536 7.80566e-13)
(0.866652 -0.0216253 0)
(0.866779 -0.0214983 0)
(0.882984 -0.0221372 0)
(0.883039 -0.0220089 -1.62764e-12)
(0.883095 -0.021882 1.62764e-12)
(0.883154 -0.0217563 0)
(0.883215 -0.0216318 0)
(0.899566 -0.0221666 0)
(0.899557 -0.0220413 -8.47816e-13)
(0.89955 -0.0219175 8.47816e-13)
(0.899545 -0.0217949 0)
(0.899542 -0.0216737 0)
(0.915943 -0.0221067 0)
(0.915873 -0.0219851 -8.82423e-13)
(0.915805 -0.0218648 8.82423e-13)
(0.91574 -0.021746 0)
(0.915678 -0.0216285 0)
(0.932035 -0.0219632 0)
(0.931908 -0.0218456 -9.17511e-13)
(0.931784 -0.0217294 9.17511e-13)
(0.931663 -0.0216148 0)
(0.931545 -0.0215015 0)
(0.94777 -0.0217418 0)
(0.94759 -0.0216286 2.45186e-29)
(0.947413 -0.021517 -2.45186e-29)
(0.94724 -0.0214069 0)
(0.94707 -0.0212983 0)
(0.963081 -0.0214488 0)
(0.962853 -0.0213405 -2.54359e-29)
(0.962629 -0.0212338 2.54359e-29)
(0.962408 -0.0211286 0)
(0.962191 -0.0210249 0)
(0.977911 -0.0210909 0)
(0.97764 -0.0209877 -3.60732e-29)
(0.977372 -0.020886 3.60732e-29)
(0.977108 -0.020786 0)
(0.976848 -0.0206876 0)
(0.992208 -0.0206747 0)
(0.991898 -0.0205767 1.76292e-29)
(0.991591 -0.0204804 -1.76292e-29)
(0.991289 -0.0203857 0)
(0.99099 -0.0202927 0)
(1.00593 -0.0202069 0)
(1.00558 -0.0201143 -1.0956e-12)
(1.00524 -0.0200234 1.0956e-12)
(1.00491 -0.0199342 0)
(1.00458 -0.0198467 0)
(1.01903 -0.0196944 0)
(1.01866 -0.0196073 -1.13088e-12)
(1.01829 -0.0195218 1.13088e-12)
(1.01793 -0.0194381 0)
(1.01757 -0.0193561 0)
(1.0315 -0.0191438 0)
(1.0311 -0.019062 0)
(1.03071 -0.0189821 0)
(1.03032 -0.0189038 0)
(1.02993 -0.0188274 0)
(1.0433 -0.0185615 0)
(1.04288 -0.0184851 -1.20022e-12)
(1.04247 -0.0184105 1.20022e-12)
(1.04206 -0.0183377 0)
(1.04165 -0.0182667 0)
(1.05443 -0.0179537 0)
(1.05399 -0.0178826 -1.23409e-12)
(1.05356 -0.0178133 1.23409e-12)
(1.05313 -0.0177458 0)
(1.05271 -0.0176801 0)
(1.06486 -0.0173265 0)
(1.06442 -0.0172605 -1.26733e-12)
(1.06397 -0.0171963 1.26733e-12)
(1.06354 -0.0171339 0)
(1.0631 -0.0170734 0)
(1.07461 -0.0166853 0)
(1.07416 -0.0166242 -1.29986e-12)
(1.07371 -0.016565 1.29986e-12)
(1.07326 -0.0165075 0)
(1.07282 -0.0164519 0)
(1.08368 -0.0160353 0)
(1.08322 -0.0159789 -1.33161e-12)
(1.08276 -0.0159244 1.33161e-12)
(1.08231 -0.0158716 0)
(1.08186 -0.0158208 0)
(1.09207 -0.0153813 0)
(1.09161 -0.0153294 -1.36254e-12)
(1.09115 -0.0152792 1.36254e-12)
(1.0907 -0.0152309 0)
(1.09025 -0.0151845 0)
(1.0998 -0.0147275 0)
(1.09934 -0.0146798 -1.3926e-12)
(1.09889 -0.0146338 1.3926e-12)
(1.09843 -0.0145897 0)
(1.09798 -0.0145475 0)
(1.10689 -0.0140778 0)
(1.10643 -0.0140339 -2.84352e-12)
(1.10598 -0.0139919 2.84352e-12)
(1.10553 -0.0139517 0)
(1.10509 -0.0139133 0)
(1.11336 -0.0134355 0)
(1.11291 -0.0133952 -1.44999e-12)
(1.11246 -0.0133568 1.44999e-12)
(1.11202 -0.0133202 0)
(1.11158 -0.0132854 0)
(1.11923 -0.0128034 0)
(1.11879 -0.0127665 -1.47726e-12)
(1.11835 -0.0127314 1.47726e-12)
(1.11791 -0.0126981 0)
(1.11748 -0.0126667 0)
(1.12453 -0.0121841 0)
(1.1241 -0.0121503 -3.00715e-12)
(1.12367 -0.0121182 3.00715e-12)
(1.12325 -0.0120879 0)
(1.12282 -0.0120595 0)
(1.1293 -0.0115794 0)
(1.12888 -0.0115484 -3.05783e-12)
(1.12846 -0.0115191 3.05783e-12)
(1.12804 -0.0114916 0)
(1.12763 -0.0114659 0)
(1.13356 -0.0109911 0)
(1.13315 -0.0109626 -3.10654e-12)
(1.13274 -0.0109358 3.10654e-12)
(1.13234 -0.0109107 0)
(1.13193 -0.0108875 0)
(1.13734 -0.0104201 0)
(1.13694 -0.0103939 -3.15331e-12)
(1.13655 -0.0103694 3.15331e-12)
(1.13616 -0.0103466 0)
(1.13577 -0.0103255 0)
(1.14068 -0.0098675 0)
(1.14029 -0.00984332 -1.59906e-12)
(1.13991 -0.00982081 1.59906e-12)
(1.13953 -0.00979999 0)
(1.13915 -0.0097809 0)
(1.1436 -0.00933361 0)
(1.14324 -0.00931128 -1.62051e-12)
(1.14287 -0.00929057 1.62051e-12)
(1.1425 -0.00927152 0)
(1.14213 -0.00925416 0)
(1.14615 -0.00881869 0)
(1.1458 -0.00879801 -1.64099e-12)
(1.14544 -0.00877891 1.64099e-12)
(1.14509 -0.00876143 0)
(1.14474 -0.0087456 0)
(1.14836 -0.00832268 0)
(1.14801 -0.00830347 -9.75741e-29)
(1.14767 -0.00828581 9.75741e-29)
(1.14733 -0.00826972 0)
(1.14699 -0.00825523 0)
(1.15024 -0.0078453 0)
(1.14991 -0.00782742 -1.67916e-12)
(1.14958 -0.00781103 1.67916e-12)
(1.14925 -0.00779616 0)
(1.14893 -0.00778285 0)
(1.15184 -0.00738609 0)
(1.15152 -0.00736939 -1.69686e-12)
(1.15121 -0.00735413 1.69686e-12)
(1.15089 -0.00734036 0)
(1.15058 -0.00732808 0)
(1.15319 -0.00694441 0)
(1.15288 -0.00692878 -1.71366e-12)
(1.15258 -0.00691454 1.71366e-12)
(1.15227 -0.00690173 0)
(1.15197 -0.00689036 0)
(1.1543 -0.00651952 0)
(1.15401 -0.00650486 -3.45916e-12)
(1.15371 -0.00649154 3.45916e-12)
(1.15342 -0.00647958 0)
(1.15313 -0.00646902 0)
(1.15521 -0.00611057 0)
(1.15493 -0.00609679 -3.48926e-12)
(1.15464 -0.0060843 3.48926e-12)
(1.15436 -0.00607312 0)
(1.15408 -0.00606327 0)
(1.15594 -0.00571663 0)
(1.15567 -0.00570367 -1.75883e-12)
(1.1554 -0.00569194 1.75883e-12)
(1.15512 -0.00568146 0)
(1.15485 -0.00567225 0)
(1.15651 -0.00533675 0)
(1.15625 -0.00532455 0)
(1.15599 -0.00531352 0)
(1.15573 -0.00530369 0)
(1.15546 -0.00529506 0)
(1.15695 -0.00496991 0)
(1.1567 -0.00495844 -6.28511e-29)
(1.15645 -0.00494808 6.28511e-29)
(1.15619 -0.00493884 0)
(1.15594 -0.00493075 0)
(1.15728 -0.00461513 0)
(1.15703 -0.00460435 -4.62216e-29)
(1.15679 -0.00459461 4.62216e-29)
(1.15654 -0.00458594 0)
(1.1563 -0.00457835 0)
(1.1575 -0.00427139 0)
(1.15726 -0.00426128 -1.8074e-12)
(1.15703 -0.00425216 1.8074e-12)
(1.15679 -0.00424403 0)
(1.15655 -0.00423692 0)
(1.15765 -0.00393772 0)
(1.15742 -0.00392827 -1.81755e-12)
(1.15718 -0.00391974 1.81755e-12)
(1.15695 -0.00391215 0)
(1.15672 -0.00390549 0)
(1.15773 -0.00361315 0)
(1.1575 -0.00360436 4.70055e-29)
(1.15727 -0.00359643 -4.70055e-29)
(1.15705 -0.00358935 0)
(1.15682 -0.00358315 0)
(1.15775 -0.00329679 0)
(1.15753 -0.00328865 -4.72273e-29)
(1.15731 -0.0032813 4.72273e-29)
(1.15709 -0.00327475 0)
(1.15687 -0.003269 0)
(1.15774 -0.00298773 0)
(1.15752 -0.00298026 -1.84342e-12)
(1.1573 -0.0029735 1.84342e-12)
(1.15709 -0.00296747 0)
(1.15688 -0.00296218 0)
(1.15769 -0.00268516 0)
(1.15748 -0.00267835 -1.85054e-12)
(1.15727 -0.00267219 1.85054e-12)
(1.15706 -0.0026667 0)
(1.15685 -0.00266186 0)
(1.15762 -0.00238828 0)
(1.15742 -0.00238215 0)
(1.15721 -0.0023766 0)
(1.157 -0.00237164 0)
(1.1568 -0.00236727 0)
(1.15754 -0.00209635 0)
(1.15734 -0.0020909 -1.8626e-12)
(1.15714 -0.00208597 1.8626e-12)
(1.15693 -0.00208156 0)
(1.15673 -0.00207768 0)
(1.15746 -0.00180867 0)
(1.15726 -0.00180392 -1.86754e-12)
(1.15706 -0.00179962 1.86754e-12)
(1.15686 -0.00179577 0)
(1.15666 -0.00179237 0)
(1.15738 -0.00152458 0)
(1.15718 -0.00152054 -1.87177e-12)
(1.15698 -0.00151687 1.87177e-12)
(1.15678 -0.00151359 0)
(1.15658 -0.0015107 0)
(1.1573 -0.00124345 0)
(1.1571 -0.00124013 -1.87528e-12)
(1.15691 -0.00123712 1.87528e-12)
(1.15671 -0.00123442 0)
(1.15651 -0.00123204 0)
(1.15723 -0.000964716 0)
(1.15704 -0.000962123 4.83219e-29)
(1.15684 -0.00095977 -4.83219e-29)
(1.15665 -0.000957661 0)
(1.15645 -0.000955796 0)
(1.15718 -0.0006878 0)
(1.15699 -0.000685942 -4.8376e-29)
(1.15679 -0.000684256 4.8376e-29)
(1.1566 -0.000682744 0)
(1.15641 -0.000681406 0)
(1.15715 -0.000412171 0)
(1.15695 -0.000411054 -1.8816e-12)
(1.15676 -0.000410041 1.8816e-12)
(1.15656 -0.000409131 0)
(1.15637 -0.000408326 0)
(1.15713 -0.000137307 0)
(1.15693 -0.000136934 -3.83536e-12)
(1.15674 -0.000136595 3.83536e-12)
(1.15655 -0.000136292 0)
(1.15636 -0.000136023 0)
(0.768243 0.0192378 0)
(0.783735 0.0199904 0)
(0.799696 0.020636 0)
(0.816021 0.0211729 0)
(0.832607 0.0216019 0)
(0.849352 0.0219252 0)
(0.866159 0.0221456 0)
(0.882931 0.0222668 0)
(0.899578 0.0222932 0)
(0.916016 0.0222299 0)
(0.932165 0.0220823 0)
(0.947953 0.0218564 0)
(0.963313 0.0215587 0)
(0.978186 0.0211958 0)
(0.992521 0.0207743 0)
(1.00628 0.0203012 0)
(1.01941 0.0197833 0)
(1.0319 0.0192272 0)
(1.04372 0.0186396 0)
(1.05486 0.0180266 0)
(1.06531 0.0173943 0)
(1.07507 0.0167482 0)
(1.08414 0.0160935 0)
(1.09253 0.0154351 0)
(1.10026 0.0147771 0)
(1.10735 0.0141234 0)
(1.11381 0.0134775 0)
(1.11967 0.0128421 0)
(1.12497 0.0122197 0)
(1.12972 0.0116122 0)
(1.13397 0.0110213 0)
(1.13774 0.0104481 0)
(1.14106 0.00989331 0)
(1.14398 0.00935755 0)
(1.14651 0.00884094 0)
(1.1487 0.00834342 0)
(1.15057 0.00786467 0)
(1.15216 0.00740423 0)
(1.15349 0.00696144 0)
(1.15459 0.00653552 0)
(1.15549 0.00612563 0)
(1.15621 0.00573082 0)
(1.15678 0.00535011 0)
(1.15721 0.00498249 0)
(1.15752 0.00462695 0)
(1.15774 0.00428248 0)
(1.15788 0.00394808 0)
(1.15795 0.00362279 0)
(1.15797 0.00330571 0)
(1.15795 0.00299593 0)
(1.1579 0.00269262 0)
(1.15783 0.002395 0)
(1.15775 0.00210231 0)
(1.15766 0.00181386 0)
(1.15758 0.00152899 0)
(1.1575 0.00124708 0)
(1.15743 0.000967549 0)
(1.15738 0.000689829 0)
(1.15734 0.000413391 0)
(1.15732 0.000137714 0)
(0.768813 0.0191081 0)
(0.784228 0.0198582 0)
(0.800112 0.0205022 0)
(0.816361 0.0210383 0)
(0.832872 0.0214674 0)
(0.849544 0.0217916 0)
(0.86628 0.0220136 0)
(0.882984 0.0221372 0)
(0.899566 0.0221666 0)
(0.915943 0.0221068 0)
(0.932035 0.0219632 0)
(0.94777 0.0217418 0)
(0.963081 0.0214489 0)
(0.977911 0.0210909 0)
(0.992208 0.0206747 0)
(1.00593 0.020207 0)
(1.01903 0.0196944 0)
(1.0315 0.0191438 0)
(1.0433 0.0185615 0)
(1.05443 0.0179538 0)
(1.06486 0.0173265 0)
(1.07461 0.0166853 0)
(1.08368 0.0160354 0)
(1.09207 0.0153813 0)
(1.0998 0.0147276 0)
(1.10689 0.0140778 0)
(1.11336 0.0134355 0)
(1.11923 0.0128034 0)
(1.12453 0.0121841 0)
(1.1293 0.0115795 0)
(1.13356 0.0109911 0)
(1.13734 0.0104202 0)
(1.14068 0.00986751 0)
(1.1436 0.00933363 0)
(1.14615 0.0088187 0)
(1.14836 0.00832269 0)
(1.15024 0.00784532 0)
(1.15184 0.0073861 0)
(1.15319 0.00694443 0)
(1.1543 0.00651953 0)
(1.15521 0.00611058 0)
(1.15594 0.00571665 0)
(1.15651 0.00533676 0)
(1.15695 0.00496992 0)
(1.15728 0.00461514 0)
(1.1575 0.0042714 0)
(1.15765 0.00393772 0)
(1.15773 0.00361316 0)
(1.15775 0.00329679 0)
(1.15774 0.00298774 0)
(1.15769 0.00268517 0)
(1.15762 0.00238829 0)
(1.15754 0.00209635 0)
(1.15746 0.00180867 0)
(1.15738 0.00152458 0)
(1.1573 0.00124346 0)
(1.15723 0.000964718 0)
(1.15718 0.000687801 0)
(1.15715 0.000412172 0)
(1.15713 0.000137307 0)
(0.76938 0.0189793 -5.88747e-13)
(0.78472 0.0197271 0)
(0.800528 0.0203695 0)
(0.816702 0.0209049 0)
(0.833138 0.0213341 0)
(0.849738 0.0216592 0)
(0.866402 0.021883 0)
(0.883039 0.022009 0)
(0.899557 0.0220414 0)
(0.915873 0.0219851 0)
(0.931908 0.0218456 0)
(0.94759 0.0216287 -2.45187e-29)
(0.962853 0.0213406 2.5436e-29)
(0.97764 0.0209877 -1.02435e-12)
(0.991898 0.0205767 -1.06005e-12)
(1.00558 0.0201144 -1.0956e-12)
(1.01866 0.0196073 -1.13088e-12)
(1.0311 0.0190621 0)
(1.04288 0.0184851 0)
(1.05399 0.0178827 0)
(1.06442 0.0172605 0)
(1.07416 0.0166243 0)
(1.08322 0.015979 0)
(1.09161 0.0153294 0)
(1.09934 0.0146798 0)
(1.10643 0.014034 0)
(1.11291 0.0133953 0)
(1.11879 0.0127666 0)
(1.1241 0.0121503 0)
(1.12888 0.0115484 0)
(1.13315 0.0109626 0)
(1.13694 0.0103939 0)
(1.14029 0.00984334 0)
(1.14324 0.0093113 0)
(1.1458 0.00879802 5.77894e-29)
(1.14801 0.00830349 9.75743e-29)
(1.14991 0.00782743 0)
(1.15152 0.0073694 0)
(1.15288 0.00692879 0)
(1.15401 0.00650487 0)
(1.15493 0.0060968 0)
(1.15567 0.00570368 0)
(1.15625 0.00532456 0)
(1.1567 0.00495845 6.28512e-29)
(1.15703 0.00460436 4.62217e-29)
(1.15726 0.00426129 0)
(1.15742 0.00392828 0)
(1.1575 0.00360437 -4.70056e-29)
(1.15753 0.00328866 4.72273e-29)
(1.15752 0.00298026 0)
(1.15748 0.00267836 0)
(1.15742 0.00238215 0)
(1.15734 0.00209091 0)
(1.15726 0.00180392 0)
(1.15718 0.00152054 0)
(1.1571 0.00124014 0)
(1.15704 0.000962125 -4.8322e-29)
(1.15699 0.000685944 4.83761e-29)
(1.15695 0.000411055 0)
(1.15693 0.000136934 0)
(0.769945 0.0188514 5.88757e-13)
(0.78521 0.0195968 0)
(0.800943 0.0202377 0)
(0.817042 0.0207725 0)
(0.833405 0.0212019 0)
(0.849932 0.021528 0)
(0.866526 0.0217536 0)
(0.883095 0.021882 0)
(0.89955 0.0219175 0)
(0.915805 0.0218649 0)
(0.931784 0.0217295 0)
(0.947413 0.0215171 2.45187e-29)
(0.962629 0.0212338 -2.5436e-29)
(0.977372 0.0208861 1.02435e-12)
(0.991591 0.0204804 1.06005e-12)
(1.00524 0.0200235 1.0956e-12)
(1.01829 0.0195218 1.13088e-12)
(1.03071 0.0189821 0)
(1.04247 0.0184106 0)
(1.05356 0.0178134 0)
(1.06397 0.0171963 0)
(1.07371 0.016565 0)
(1.08276 0.0159244 0)
(1.09115 0.0152793 0)
(1.09889 0.0146338 0)
(1.10598 0.0139919 0)
(1.11246 0.0133568 0)
(1.11835 0.0127314 0)
(1.12367 0.0121182 0)
(1.12846 0.0115191 0)
(1.13274 0.0109358 0)
(1.13655 0.0103694 0)
(1.13991 0.00982083 0)
(1.14287 0.00929059 0)
(1.14544 0.00877893 -5.77894e-29)
(1.14767 0.00828583 -9.75743e-29)
(1.14958 0.00781104 0)
(1.15121 0.00735415 0)
(1.15258 0.00691456 0)
(1.15371 0.00649155 0)
(1.15464 0.00608431 0)
(1.1554 0.00569195 0)
(1.15599 0.00531354 0)
(1.15645 0.00494809 -6.28512e-29)
(1.15679 0.00459462 -4.62217e-29)
(1.15703 0.00425217 0)
(1.15718 0.00391975 0)
(1.15727 0.00359643 4.70056e-29)
(1.15731 0.00328131 -4.72273e-29)
(1.1573 0.00297351 0)
(1.15727 0.0026722 0)
(1.15721 0.0023766 0)
(1.15714 0.00208598 0)
(1.15706 0.00179962 0)
(1.15698 0.00151688 0)
(1.15691 0.00123713 0)
(1.15684 0.000959773 4.8322e-29)
(1.15679 0.000684258 -4.83761e-29)
(1.15676 0.000410041 0)
(1.15674 0.000136596 0)
(0.770508 0.0187242 0)
(0.785699 0.0194674 0)
(0.801358 0.0201069 0)
(0.817382 0.020641 0)
(0.833671 0.0210708 0)
(0.850127 0.021398 0)
(0.866652 0.0216254 0)
(0.883154 0.0217563 0)
(0.899545 0.021795 0)
(0.91574 0.021746 0)
(0.931663 0.0216148 0)
(0.94724 0.021407 0)
(0.962408 0.0211286 0)
(0.977108 0.020786 0)
(0.991289 0.0203857 0)
(1.00491 0.0199342 0)
(1.01793 0.0194381 0)
(1.03032 0.0189039 0)
(1.04206 0.0183377 0)
(1.05313 0.0177458 0)
(1.06354 0.017134 0)
(1.07326 0.0165075 0)
(1.08231 0.0158717 0)
(1.0907 0.015231 0)
(1.09843 0.0145897 0)
(1.10553 0.0139517 0)
(1.11202 0.0133202 0)
(1.11791 0.0126981 0)
(1.12325 0.0120879 0)
(1.12804 0.0114916 0)
(1.13234 0.0109108 0)
(1.13616 0.0103466 0)
(1.13953 0.00980001 0)
(1.1425 0.00927154 0)
(1.14509 0.00876145 0)
(1.14733 0.00826974 0)
(1.14925 0.00779618 0)
(1.15089 0.00734037 0)
(1.15227 0.00690174 0)
(1.15342 0.0064796 0)
(1.15436 0.00607313 0)
(1.15512 0.00568147 0)
(1.15573 0.0053037 0)
(1.15619 0.00493885 0)
(1.15654 0.00458595 0)
(1.15679 0.00424404 0)
(1.15695 0.00391215 0)
(1.15705 0.00358936 0)
(1.15709 0.00327476 0)
(1.15709 0.00296748 0)
(1.15706 0.0026667 0)
(1.157 0.00237164 0)
(1.15693 0.00208157 0)
(1.15686 0.00179577 0)
(1.15678 0.0015136 0)
(1.15671 0.00123443 0)
(1.15665 0.000957663 0)
(1.1566 0.000682746 0)
(1.15656 0.000409132 0)
(1.15655 0.000136292 0)
(0.77107 0.0185978 0)
(0.786187 0.0193388 0)
(0.801771 0.0199769 0)
(0.817722 0.0205106 0)
(0.833939 0.0209407 0)
(0.850323 0.0212691 0)
(0.866779 0.0214983 0)
(0.883215 0.0216319 0)
(0.899542 0.0216737 0)
(0.915678 0.0216285 0)
(0.931545 0.0215016 0)
(0.94707 0.0212984 0)
(0.962191 0.021025 0)
(0.976848 0.0206876 0)
(0.99099 0.0202927 0)
(1.00458 0.0198467 0)
(1.01757 0.0193561 0)
(1.02993 0.0188274 0)
(1.04165 0.0182667 0)
(1.05271 0.0176801 0)
(1.0631 0.0170734 0)
(1.07282 0.0164519 0)
(1.08186 0.0158208 0)
(1.09025 0.0151846 0)
(1.09798 0.0145475 0)
(0.757634 0.0186217 1.23623e-22)
(0.758255 0.0184944 -4.33831e-23)
(0.758873 0.018368 -4.25677e-13)
(0.759488 0.0182425 4.25525e-13)
(0.760101 0.0181177 -6.65183e-24)
(0.760712 0.0179936 -2.45304e-23)
(0.751422 0.0182318 -8.58897e-23)
(0.752071 0.0181062 3.36312e-23)
(0.752716 0.0179815 -1.51839e-23)
(0.753359 0.0178575 2.34207e-23)
(0.753999 0.0177343 -2.48481e-23)
(0.745312 0.0178208 4.28278e-23)
(0.745989 0.0176971 -3.02557e-23)
(0.746663 0.0175741 3.46922e-24)
(0.747333 0.017452 -1.90595e-25)
(0.748001 0.0173305 -1.15455e-23)
(0.739314 0.0173891 -1.21695e-23)
(0.74002 0.0172674 8.73986e-23)
(0.740722 0.0171465 -6.58855e-23)
(0.74142 0.0170263 3.0527e-24)
(0.742116 0.0169068 2.05622e-23)
(0.733437 0.0169366 6.29883e-23)
(0.734172 0.0168172 -7.56876e-23)
(0.734902 0.0166985 2.68343e-23)
(0.735629 0.0165806 -1.64062e-23)
(0.736352 0.0164632 -1.2922e-23)
(0.727691 0.0164635 -2.03982e-23)
(0.728455 0.0163465 9.01595e-24)
(0.729214 0.0162303 1.18809e-23)
(0.72997 0.0161148 -1.36337e-23)
(0.730721 0.0159998 -1.30868e-23)
(0.722086 0.01597 -4.34839e-23)
(0.722879 0.0158558 -1.03647e-23)
(0.723667 0.0157422 -8.01495e-24)
(0.72445 0.0156294 3.11148e-23)
(0.72523 0.015517 -1.14544e-23)
(0.716631 0.0154565 1.25266e-23)
(0.717453 0.0153452 -1.61507e-23)
(0.718269 0.0152346 1.69307e-23)
(0.719081 0.0151246 2.18421e-23)
(0.719888 0.015015 -9.43915e-24)
(0.711336 0.0149234 -4.15328e-23)
(0.712186 0.0148153 9.50494e-25)
(0.713031 0.0147078 1.92944e-23)
(0.71387 0.0146008 -2.89934e-24)
(0.714705 0.0144943 3.505e-24)
(0.706209 0.0143712 -1.03214e-23)
(0.707087 0.0142664 3.35043e-24)
(0.70796 0.0141622 -2.39984e-23)
(0.708827 0.0140585 3.4199e-23)
(0.70969 0.0139553 -1.23237e-23)
(0.70126 0.0138002 2.39237e-23)
(0.702166 0.013699 -1.65084e-23)
(0.703066 0.0135983 -5.44582e-24)
(0.703961 0.0134981 9.87054e-25)
(0.70485 0.0133984 -5.25423e-24)
(0.696498 0.0132111 -1.89038e-23)
(0.697431 0.0131136 1.95923e-24)
(0.698358 0.0130167 -7.48235e-24)
(0.699279 0.0129202 -1.36474e-24)
(0.700195 0.0128242 8.67438e-24)
(0.69193 0.0126044 4.20633e-23)
(0.69289 0.0125109 6.94772e-24)
(0.693843 0.0124179 -1.24448e-23)
(0.694791 0.0123254 4.16317e-24)
(0.695732 0.0122332 3.7039e-24)
(0.687567 0.0119808 -1.45863e-23)
(0.688552 0.0118915 -2.04787e-23)
(0.689531 0.0118026 -2.10969e-25)
(0.690503 0.0117142 2.80608e-23)
(0.691469 0.0116261 5.64509e-24)
(0.683415 0.011341 -2.87807e-23)
(0.684425 0.011256 2.47659e-23)
(0.685428 0.0111715 -1.87149e-23)
(0.686425 0.0110874 6.05728e-24)
(0.687415 0.0110036 7.34268e-24)
(0.679482 0.0106857 2.36848e-23)
(0.680516 0.0106053 1.09657e-23)
(0.681543 0.0105253 -1.09391e-23)
(0.682563 0.0104456 -1.16931e-24)
(0.683576 0.0103663 -9.73079e-24)
(0.675776 0.0100157 2.25233e-23)
(0.676833 0.00994 -8.98256e-24)
(0.677882 0.00986469 -1.9211e-23)
(0.678924 0.0097897 9.85353e-24)
(0.67996 0.00971499 -2.37007e-24)
(0.672304 0.0093318 -5.59967e-24)
(0.673382 0.00926099 1.50985e-23)
(0.674453 0.00919054 -5.85422e-24)
(0.675516 0.00912039 -4.54707e-24)
(0.676572 0.00905048 8.22694e-24)
(0.669072 0.00863488 -1.66141e-23)
(0.67017 0.00856912 3.21493e-23)
(0.671261 0.00850369 -1.28455e-24)
(0.672344 0.00843853 -1.52711e-24)
(0.67342 0.00837358 -2.82815e-26)
(0.666086 0.00792583 -1.52985e-24)
(0.667204 0.00786527 -1.40379e-23)
(0.668314 0.007805 1.8604e-23)
(0.669415 0.00774499 -9.15126e-24)
(0.670509 0.00768516 8.94547e-24)
(0.663354 0.00720559 6.38008e-24)
(0.664489 0.00715037 3.0164e-24)
(0.665615 0.00709541 -7.32285e-26)
(0.666734 0.00704067 -4.82708e-24)
(0.667845 0.0069861 3.0094e-24)
(0.660878 0.00647513 5.94895e-24)
(0.662029 0.00642536 -9.75807e-24)
(0.663172 0.00637584 8.18757e-25)
(0.664306 0.00632651 -8.34228e-24)
(0.665433 0.00627733 8.25399e-24)
(0.658666 0.00573544 3.97752e-24)
(0.659831 0.00569125 9.60012e-24)
(0.660988 0.00564727 -6.70699e-24)
(0.662136 0.00560346 5.65635e-24)
(0.663276 0.00555978 -4.89347e-25)
(0.65672 0.00498753 3.27874e-24)
(0.657898 0.00494902 -2.32992e-24)
(0.659067 0.0049107 4.38539e-24)
(0.660228 0.00487252 -2.02179e-24)
(0.661381 0.00483445 1.52625e-24)
(0.655045 0.00423247 -2.7182e-24)
(0.656234 0.00419973 -6.34771e-24)
(0.657414 0.00416714 2.63055e-24)
(0.658586 0.00413468 -5.1048e-24)
(0.659749 0.00410231 1.56278e-24)
(0.653644 0.00347131 -8.26121e-24)
(0.654842 0.00344442 -2.85195e-24)
(0.656031 0.00341765 1.92418e-24)
(0.657212 0.00339098 -6.94672e-25)
(0.658384 0.00336439 1.62049e-24)
(0.65252 0.00270514 -8.57337e-24)
(0.653725 0.00268415 6.47397e-24)
(0.654922 0.00266327 -7.91121e-25)
(0.65611 0.00264246 4.86157e-24)
(0.657289 0.00262171 -2.12644e-24)
(0.651675 0.00193505 -1.9528e-24)
(0.652886 0.00192003 9.83556e-25)
(0.654088 0.00190507 1.64816e-24)
(0.655281 0.00189017 9.80353e-25)
(0.656466 0.00187532 9.99883e-25)
(0.65111 0.00116216 -4.82952e-24)
(0.652325 0.00115313 3.50138e-24)
(0.653531 0.00114415 -2.15122e-24)
(0.654728 0.00113519 1.37648e-24)
(0.655916 0.00112627 -9.67787e-25)
(0.650828 0.000387588 2.13998e-25)
(0.652045 0.000384576 -4.14933e-25)
(0.653252 0.000381579 1.4526e-25)
(0.654451 0.000378593 1.11468e-27)
(0.655641 0.000375615 -6.27802e-25)
)
;

boundaryField
{
    inlet
    {
        type            uniformFixedValue;
        uniformValue    constant (1 0 0);
        value           nonuniform 0();
    }
    outlet
    {
        type            pressureInletOutletVelocity;
        value           nonuniform 0();
    }
    cylinder
    {
        type            fixedValue;
        value           nonuniform 0();
    }
    top
    {
        type            symmetryPlane;
    }
    bottom
    {
        type            symmetryPlane;
    }
    defaultFaces
    {
        type            empty;
    }
    procBoundary60to59
    {
        type            processor;
        value           nonuniform List<vector> 
181
(
(0.649602 -0.000390578 8.49387e-25)
(0.649887 -0.0011712 1.12978e-24)
(0.650455 -0.00195012 4.01192e-26)
(0.651306 -0.0027262 7.98099e-24)
(0.652437 -0.00349831 9.99206e-24)
(0.653847 -0.00426535 4.2703e-24)
(0.655534 -0.00502622 -4.64743e-24)
(0.657492 -0.00577983 5.89061e-24)
(0.659719 -0.00652514 -1.13863e-23)
(0.662211 -0.00726109 -1.25559e-23)
(0.664961 -0.0079867 -7.11085e-24)
(0.667965 -0.00870098 8.8538e-24)
(0.671218 -0.00940298 -6.32256e-24)
(0.674712 -0.0100918 -1.85295e-23)
(0.678441 -0.0107666 -5.69204e-24)
(0.682398 -0.0114264 2.7271e-23)
(0.686575 -0.0120707 -1.28359e-23)
(0.690965 -0.0126984 -5.65494e-24)
(0.695559 -0.0133091 3.11672e-23)
(0.700348 -0.0139021 2.10682e-23)
(0.705326 -0.0144766 2.7013e-23)
(0.710481 -0.0150323 1.61903e-23)
(0.715805 -0.0155685 -9.02808e-23)
(0.721289 -0.016085 4.16005e-23)
(0.726924 -0.0165812 -3.65103e-23)
(0.732699 -0.0170568 -1.14356e-23)
(0.738605 -0.0175116 3.68752e-25)
(0.744632 -0.0179454 -1.23883e-23)
(0.750771 -0.0183583 5.55334e-23)
(0.757011 -0.0187498 -4.39828e-23)
(0.768243 -0.0192378 0)
(0.768243 -0.0192378 0)
(0.783735 -0.0199904 0)
(0.799696 -0.020636 0)
(0.816021 -0.0211729 0)
(0.832607 -0.0216019 0)
(0.849352 -0.0219251 0)
(0.866158 -0.0221456 0)
(0.882931 -0.0222668 0)
(0.899578 -0.0222932 0)
(0.916016 -0.0222299 0)
(0.932165 -0.0220822 0)
(0.947953 -0.0218564 0)
(0.963313 -0.0215587 0)
(0.978186 -0.0211957 0)
(0.992521 -0.0207743 0)
(1.00628 -0.0203012 0)
(1.01941 -0.0197833 0)
(1.0319 -0.0192272 0)
(1.04372 -0.0186395 0)
(1.05486 -0.0180266 0)
(1.06531 -0.0173942 0)
(1.07507 -0.0167481 0)
(1.08414 -0.0160935 0)
(1.09253 -0.015435 0)
(1.10026 -0.0147771 0)
(1.10735 -0.0141234 0)
(1.11381 -0.0134775 0)
(1.11967 -0.0128421 0)
(1.12497 -0.0122196 0)
(1.12972 -0.0116122 0)
(1.13397 -0.0110213 0)
(1.13774 -0.010448 0)
(1.14106 -0.0098933 0)
(1.14398 -0.00935753 0)
(1.14651 -0.00884092 0)
(1.1487 -0.0083434 0)
(1.15057 -0.00786466 0)
(1.15216 -0.00740421 0)
(1.15349 -0.00696142 0)
(1.15459 -0.00653551 0)
(1.15549 -0.00612562 0)
(1.15621 -0.00573081 0)
(1.15678 -0.0053501 0)
(1.15721 -0.00498248 0)
(1.15752 -0.00462694 0)
(1.15774 -0.00428247 0)
(1.15788 -0.00394807 0)
(1.15795 -0.00362279 0)
(1.15797 -0.0033057 0)
(1.15795 -0.00299592 0)
(1.1579 -0.00269261 0)
(1.15783 -0.00239499 0)
(1.15775 -0.00210231 0)
(1.15766 -0.00181386 0)
(1.15758 -0.00152899 0)
(1.1575 -0.00124708 0)
(1.15743 -0.000967547 0)
(1.15738 -0.000689827 0)
(1.15734 -0.00041339 0)
(1.15732 -0.000137713 0)
(0.767672 0.0193685 0)
(0.78324 0.0201236 0)
(0.799278 0.020771 0)
(0.81568 0.0213087 0)
(0.832342 0.0217376 0)
(0.849161 0.0220601 0)
(0.866039 0.0222789 0)
(0.88288 0.0223978 0)
(0.899593 0.0224213 0)
(0.916092 0.0223545 0)
(0.932299 0.0222029 0)
(0.948139 0.0219726 0)
(0.963547 0.0216702 0)
(0.978464 0.0213022 0)
(0.992839 0.0208756 0)
(1.00663 0.0203971 0)
(1.01979 0.0198738 0)
(1.03231 0.0193124 0)
(1.04415 0.0187194 0)
(1.0553 0.0181012 0)
(1.06576 0.0174638 0)
(1.07553 0.0168128 0)
(1.0846 0.0161534 0)
(1.093 0.0154905 0)
(1.10073 0.0148284 0)
(1.10781 0.0141708 0)
(1.11426 0.0135212 0)
(1.12012 0.0128824 0)
(1.1254 0.0122569 0)
(1.13014 0.0116466 0)
(1.13438 0.0110531 0)
(1.13813 0.0104776 0)
(1.14145 0.00992071 0)
(1.14435 0.00938304 0)
(1.14687 0.00886471 0)
(1.14904 0.00836563 0)
(1.1509 0.00788548 0)
(1.15248 0.00742376 0)
(1.1538 0.0069798 0)
(1.15489 0.00655282 0)
(1.15578 0.00614193 0)
(1.15649 0.00574619 0)
(1.15704 0.0053646 0)
(1.15746 0.00499614 0)
(1.15777 0.00463978 0)
(1.15798 0.00429451 0)
(1.15811 0.00395933 0)
(1.15818 0.00363326 0)
(1.15819 0.00331538 0)
(1.15817 0.00300481 0)
(1.15811 0.00270071 0)
(1.15804 0.00240228 0)
(1.15795 0.00210877 0)
(1.15786 0.00181949 0)
(1.15778 0.00153378 0)
(1.1577 0.00125101 0)
(1.15763 0.000970615 0)
(1.15757 0.000692025 0)
(1.15753 0.000414711 0)
(1.15752 0.000138154 0)
(0.757011 0.0187499 4.30407e-23)
(0.750771 0.0183584 -5.49628e-23)
(0.744632 0.0179455 6.59586e-24)
(0.738605 0.0175117 6.33217e-24)
(0.732699 0.0170569 1.42448e-23)
(0.726924 0.0165812 3.74243e-23)
(0.721289 0.016085 -3.40415e-23)
(0.715805 0.0155686 6.47718e-23)
(0.710481 0.0150323 -1.42113e-23)
(0.705326 0.0144767 -2.47838e-23)
(0.700349 0.0139021 3.05497e-24)
(0.695559 0.0133092 -5.99733e-23)
(0.690965 0.0126985 3.23245e-23)
(0.686575 0.0120707 -1.40731e-23)
(0.682398 0.0114265 -1.36924e-23)
(0.678441 0.0107666 -3.76137e-24)
(0.674712 0.0100918 2.93691e-23)
(0.671218 0.00940301 3.33965e-25)
(0.667966 0.00870101 -7.61651e-24)
(0.664961 0.00798674 1.67209e-23)
(0.662211 0.00726113 5.02021e-24)
(0.659719 0.00652517 9.42706e-24)
(0.657492 0.00577987 2.08483e-24)
(0.655534 0.00502625 5.7016e-24)
(0.653848 0.00426539 -9.87861e-24)
(0.652437 0.00349835 -9.77668e-24)
(0.651306 0.00272623 -9.79198e-24)
(0.650455 0.00195015 2.58555e-24)
(0.649887 0.00117124 -1.8355e-24)
(0.649602 0.000390615 -5.75898e-25)
)
;
    }
    procBoundary60to61
    {
        type            processor;
        value           nonuniform List<vector> 
183
(
(0.656823 -0.000372595 5.61696e-25)
(0.657096 -0.00111731 3.0093e-26)
(0.657642 -0.00186044 -2.38174e-24)
(0.658459 -0.00260095 -6.59826e-25)
(0.659547 -0.0033378 -5.31293e-25)
(0.660903 -0.00406996 -2.61484e-25)
(0.662525 -0.00479641 6.59628e-25)
(0.664408 -0.00551615 -7.3068e-24)
(0.666551 -0.0062282 -5.10333e-24)
(0.668948 -0.00693161 -7.32264e-24)
(0.671595 -0.00762542 -5.12927e-24)
(0.674488 -0.00830875 -2.97336e-24)
(0.677621 -0.00898069 -5.62767e-24)
(0.680988 -0.00964041 -1.58385e-24)
(0.684582 -0.0102871 6.74633e-24)
(0.688399 -0.01092 3.81834e-24)
(0.692429 -0.0115382 -1.5141e-23)
(0.696667 -0.0121413 7.27346e-24)
(0.701104 -0.0127284 -1.84627e-23)
(0.705734 -0.0132989 1.51471e-23)
(0.710547 -0.0138524 -3.16319e-24)
(0.715535 -0.0143882 -1.72012e-23)
(0.720691 -0.0149059 -6.83976e-24)
(0.726005 -0.0154051 3.26203e-24)
(0.731468 -0.0158853 -1.72701e-24)
(0.737072 -0.0163463 2.96554e-23)
(0.742807 -0.0167878 -4.19942e-24)
(0.748665 -0.0172096 -9.94058e-25)
(0.748665 -0.0172096 -9.94058e-25)
(0.755271 -0.0174895 2.78536e-23)
(0.76132 -0.01787 3.01216e-23)
(0.771629 -0.018472 0)
(0.786673 -0.0192109 0)
(0.802184 -0.0198477 0)
(0.818062 -0.0203809 0)
(0.834206 -0.0208115 0)
(0.85052 -0.0211411 0)
(0.866908 -0.0213723 0)
(0.883278 -0.0215086 0)
(0.899542 -0.0215537 0)
(0.915619 -0.0215124 0)
(0.93143 -0.0213897 0)
(0.946904 -0.0211912 0)
(0.961977 -0.0209228 0)
(0.976591 -0.0205908 0)
(0.990696 -0.0202013 0)
(1.00425 -0.0197608 0)
(1.01721 -0.0192759 0)
(1.02955 -0.0187527 0)
(1.04125 -0.0181975 0)
(1.05229 -0.0176163 0)
(1.06267 -0.0170147 0)
(1.07238 -0.0163982 0)
(1.08142 -0.0157718 0)
(1.0898 -0.01514 0)
(1.09754 -0.0145072 0)
(1.10464 -0.0138769 0)
(1.11114 -0.0132526 0)
(1.11705 -0.0126371 0)
(1.1224 -0.0120329 0)
(1.12722 -0.011442 0)
(1.13153 -0.0108661 0)
(1.13538 -0.0103063 0)
(1.13878 -0.00976356 0)
(1.14177 -0.00923852 0)
(1.14438 -0.00873144 0)
(1.14665 -0.00824237 0)
(1.1486 -0.00777112 0)
(1.15026 -0.00731733 0)
(1.15167 -0.00688047 0)
(1.15284 -0.00645987 0)
(1.1538 -0.00605477 0)
(1.15458 -0.00566433 0)
(1.1552 -0.00528766 0)
(1.15569 -0.00492381 0)
(1.15605 -0.00457185 0)
(1.15631 -0.00423082 0)
(1.15649 -0.00389979 0)
(1.1566 -0.00357784 0)
(1.15665 -0.00326407 0)
(1.15666 -0.00295763 0)
(1.15664 -0.0026577 0)
(1.15659 -0.00236351 0)
(1.15653 -0.00207432 0)
(1.15646 -0.00178943 0)
(1.15639 -0.00150819 0)
(1.15632 -0.00122997 0)
(1.15626 -0.000954178 0)
(1.15621 -0.000680245 0)
(1.15618 -0.000407627 0)
(1.15616 -0.00013579 0)
(1.10509 0.0139134 0)
(1.11158 0.0132855 0)
(1.11748 0.0126667 0)
(1.12282 0.0120595 0)
(1.12763 0.0114659 0)
(1.13193 0.0108875 0)
(1.13577 0.0103255 0)
(1.13915 0.00978092 0)
(1.14213 0.00925418 0)
(1.14474 0.00874562 0)
(1.14699 0.00825525 0)
(1.14893 0.00778287 0)
(1.15058 0.0073281 0)
(1.15197 0.00689038 0)
(1.15313 0.00646903 0)
(1.15408 0.00606328 0)
(1.15485 0.00567226 0)
(1.15546 0.00529507 0)
(1.15594 0.00493076 0)
(1.1563 0.00457836 0)
(1.15655 0.00423693 0)
(1.15672 0.0039055 0)
(1.15682 0.00358316 0)
(1.15687 0.00326901 0)
(1.15688 0.00296218 0)
(1.15685 0.00266187 0)
(1.1568 0.00236728 0)
(1.15673 0.00207768 0)
(1.15666 0.00179237 0)
(1.15658 0.0015107 0)
(1.15651 0.00123204 0)
(1.15645 0.000955798 0)
(1.15641 0.000681408 0)
(1.15637 0.000408327 0)
(1.15636 0.000136023 0)
(0.771629 0.018472 0)
(0.786673 0.0192109 0)
(0.802184 0.0198477 0)
(0.818062 0.020381 0)
(0.834206 0.0208115 0)
(0.85052 0.0211411 0)
(0.866908 0.0213724 0)
(0.883278 0.0215086 0)
(0.899542 0.0215537 0)
(0.915619 0.0215124 0)
(0.93143 0.0213897 0)
(0.946904 0.0211912 0)
(0.961977 0.0209229 0)
(0.976591 0.0205908 0)
(0.990696 0.0202013 0)
(1.00425 0.0197609 0)
(1.01721 0.0192759 0)
(1.02955 0.0187527 0)
(1.04125 0.0181975 0)
(1.05229 0.0176163 0)
(1.06267 0.0170148 0)
(1.07238 0.0163983 0)
(1.08142 0.0157718 0)
(1.0898 0.0151401 0)
(1.10509 0.0139134 0)
(1.09754 0.0145072 0)
(0.76132 0.01787 -2.94342e-23)
(0.754636 0.0176116 -1.83938e-23)
(0.754636 0.0176116 -1.83938e-23)
(0.748665 0.0172096 -3.85997e-25)
(0.742807 0.0167878 4.10734e-24)
(0.737072 0.0163464 -2.95053e-23)
(0.731468 0.0158854 3.33787e-24)
(0.726005 0.0154051 -1.15216e-25)
(0.720691 0.014906 -6.39129e-24)
(0.715535 0.0143883 2.85793e-23)
(0.710547 0.0138524 -7.64689e-24)
(0.705734 0.013299 -8.48836e-24)
(0.701104 0.0127284 1.7407e-23)
(0.696667 0.0121413 -5.92804e-24)
(0.692429 0.0115383 1.57058e-23)
(0.688399 0.01092 -6.60281e-24)
(0.684582 0.0102871 -4.54076e-24)
(0.680988 0.00964046 2.08262e-24)
(0.677621 0.00898074 2.75093e-24)
(0.674488 0.00830879 6.11269e-24)
(0.671595 0.00762547 7.15373e-24)
(0.668948 0.00693165 5.92376e-24)
(0.666551 0.00622825 5.07855e-24)
(0.664408 0.00551619 5.87489e-24)
(0.662525 0.00479645 -6.67505e-26)
(0.660903 0.00407 -2.4065e-25)
(0.659547 0.00333785 2.19587e-24)
(0.65846 0.002601 -7.45695e-25)
(0.657642 0.00186049 2.81801e-24)
(0.657096 0.00111735 -4.61628e-25)
(0.656823 0.000372642 -6.48634e-25)
)
;
    }
}


// ************************************************************************* //
