/*--------------------------------*- C++ -*----------------------------------*\
  =========                 |
  \\      /  F ield         | OpenFOAM: The Open Source CFD Toolbox
   \\    /   O peration     | Website:  https://openfoam.org
    \\  /    A nd           | Version:  7
     \\/     M anipulation  |
\*---------------------------------------------------------------------------*/
FoamFile
{
    version     2.0;
    format      ascii;
    class       surfaceScalarField;
    location    "15";
    object      phi;
}
// * * * * * * * * * * * * * * * * * * * * * * * * * * * * * * * * * * * * * //

dimensions      [0 3 -1 0 0 0 0];

internalField   nonuniform List<scalar> 
277
(
0.00342178
-7.79134e-05
5.79313e-06
-6.55349e-05
4.70101e-06
0.00343098
-0.000148609
-0.000125162
0.00344876
-0.000216611
-0.000182503
0.00347414
-0.000280835
-0.000236629
0.00350578
-0.000340444
-0.000286821
0.00354203
-0.000394895
-0.000332603
0.00358106
-0.000443949
-0.000373759
0.00362098
-0.000487659
-0.000410326
0.00365996
-0.000526343
-0.000442571
0.00369629
-0.000560527
-0.000470954
0.00372849
-0.000590895
-0.000496077
0.00375536
-0.000618228
-0.00051864
0.00377598
-0.000643352
-0.000539391
0.0037897
-0.000667092
-0.000559089
0.00379617
-0.000690241
-0.00057847
0.00379528
-0.000713537
-0.000598222
0.0037871
-0.000737648
-0.000618978
0.00377189
-0.000763172
-0.000641299
0.00375002
-0.000790626
-0.000665678
0.00372192
-0.000820473
-0.000692548
0.00368772
-0.00072239
0.0200901
-0.000718386
-0.000602688
0.0201916
-0.000709026
-0.000588002
0.0202145
-0.000696402
-0.000570387
0.0202176
-0.000679139
-0.000549478
0.0202144
-0.000657501
-0.000525886
0.020209
-0.000631689
-0.000499951
0.0202014
-0.000602133
-0.000472035
0.0201917
-0.000569361
-0.000442491
0.0201804
-0.000533757
-0.000411571
0.0201679
-0.000495659
-0.000379495
0.0201549
-0.000455464
-0.000346504
0.020142
-0.000413595
-0.000312847
0.0201295
-0.000370405
-0.000278731
0.020118
-0.000326137
-0.000244293
0.0201077
-0.000280967
-0.000209624
0.0200987
-0.000235067
-0.000174797
0.0200912
-0.000188619
-0.000139882
0.0200851
-0.000141774
-0.000104924
0.0200805
-9.46545e-05
-6.99509e-05
0.0200774
-4.73682e-05
-3.49787e-05
0.020076
-0.000750127
0.020231
-0.000713957
0.0202242
-0.000673263
0.0202155
-0.000628656
0.0202052
-0.000580685
0.020194
-0.000529811
0.0201827
-0.000476373
0.0201718
-0.000420722
0.0201616
-0.00036326
0.0201524
-0.000304441
0.0201441
-0.00024463
0.020137
-0.000184077
0.0201313
-0.000122981
0.020127
-6.15622e-05
0.020124
0.0201227
-0.000716085
0.0200897
0.000719456
-0.000706868
0.0201918
-0.000694073
0.0202151
-0.000676494
0.0202185
-0.000654598
0.0202152
-0.000628731
0.0202095
-0.000599296
0.0202015
-0.000566712
0.0201916
-0.000531351
0.0201801
-0.000493624
0.0201675
-0.000453899
0.0201543
-0.000412487
0.0201413
-0.000369615
0.0201289
-0.000325506
0.0201175
-0.000280402
0.0201072
-0.000234562
0.0200983
-0.000188197
0.0200907
-0.00014145
0.0200846
-9.44306e-05
0.02008
-4.72526e-05
0.0200769
0.0200754
-0.000600809
-0.000586251
-0.000568547
-0.000547439
-0.00052367
-0.000497681
-0.000469833
-0.000440415
-0.000409657
-0.000377813
-0.00034511
-0.000311743
-0.000277852
-0.000243561
-0.000208987
-0.000174249
-0.000139432
-0.000104581
-6.9718e-05
-3.48604e-05
0.00368747
0.000816785
0.000689464
0.0037216
0.000786713
0.00066242
0.00374962
0.000759002
0.000637842
0.00377141
0.000733189
0.000615294
0.00378652
0.000708752
0.000594283
0.0037946
0.000685094
0.000574243
0.00379539
0.000661545
0.000554543
0.00378881
0.000637367
0.000534493
0.00377499
0.000611768
0.000513358
0.00375428
0.000583925
0.000490383
0.00372734
0.000553018
0.000464823
0.00369508
0.000518274
0.000435987
0.00365873
0.00047902
0.000403281
0.00361976
0.000434744
0.000366258
0.00357989
0.000385145
0.000324665
0.00354094
0.000330188
0.000278477
0.00350482
0.00027013
0.000227928
0.00347335
0.000205534
0.000173505
0.00344817
0.000137254
0.000115943
0.00343062
6.63857e-05
5.61792e-05
0.00342166
)
;

boundaryField
{
    inlet
    {
        type            calculated;
        value           nonuniform 0();
    }
    outlet
    {
        type            calculated;
        value           nonuniform 0();
    }
    cylinder
    {
        type            calculated;
        value           nonuniform 0();
    }
    top
    {
        type            symmetryPlane;
        value           uniform 0;
    }
    bottom
    {
        type            symmetryPlane;
        value           uniform 0;
    }
    defaultFaces
    {
        type            empty;
        value           nonuniform 0();
    }
    procBoundary41to40
    {
        type            processor;
        value           nonuniform List<scalar> 
87
(
-0.00334966
-0.00336029
-0.00338076
-0.00340992
-0.00344617
-0.00348758
-0.00353201
-0.00357727
-0.00362127
-0.0036621
-0.00369812
-0.00372803
-0.00375085
-0.00376596
-0.00377302
-0.00377198
-0.00376299
-0.00374637
-0.00372257
-0.00369208
-0.00365495
-0.00085325
-0.0200941
-0.0202009
-0.0202271
-0.0202349
-0.0202361
-0.0202348
-0.020231
-0.0202245
-0.020216
-0.020206
-0.0201951
-0.0201838
-0.0201727
-0.0201623
-0.0201529
-0.0201446
-0.0201376
-0.0201319
-0.0201276
-0.0201247
-0.0201234
-0.0202621
-0.0202604
-0.0202562
-0.0202498
-0.020242
-0.0202336
-0.0202252
-0.0202173
-0.0202098
-0.0202029
-0.0201969
-0.0201919
-0.0201881
-0.0201855
-0.0201843
-0.0200931
-0.000849758
-0.0202011
-0.0202279
-0.020236
-0.0202371
0.000781265
-0.0202353
-0.0036545
-0.00369153
-0.00372191
-0.00374559
-0.00376209
-0.00377094
-0.00377184
-0.00376463
-0.00374939
-0.00372644
-0.00369643
-0.00366034
-0.00361947
-0.00357548
-0.00353029
-0.00348599
-0.00344477
-0.00340876
-0.00337989
-0.00335975
-0.00334948
)
;
    }
    procBoundary41to42
    {
        type            processor;
        value           nonuniform List<scalar> 
86
(
0.00348262
0.00349061
0.0035061
0.00352827
0.00355597
0.00358781
0.00362221
0.00365755
0.0036922
0.00372467
0.00375361
0.00377793
0.00379673
0.0038094
0.00381555
0.00381503
0.00380786
0.00379422
0.0037744
0.00374879
0.00371756
0.000613441
0.0200793
0.0201769
0.0201968
0.0201967
0.0201908
0.0201831
0.0201735
0.0201622
0.0201494
0.0201358
0.0201219
0.0201083
0.0200954
0.0200836
0.020073
0.0200639
0.0200563
0.0200501
0.0200455
0.0200425
0.020041
0.0200794
0.000611109
0.0201773
0.0201974
0.0201973
0.0201914
0.0201835
0.0201737
0.0201622
0.0201494
0.0201356
0.0201216
0.0201079
0.020095
0.0200832
0.0200727
0.0200635
0.0200559
0.0200497
0.0200451
0.020042
0.0200406
0.00371746
0.00374864
0.0037742
0.00379395
0.00380753
0.00381464
0.00381509
0.00380886
0.00379612
0.00377726
0.0037529
0.00372392
0.00369143
0.00365678
0.00362148
0.00358713
0.00355537
0.00352778
0.00350573
0.00349038
0.00348254
)
;
    }
}


// ************************************************************************* //
