/*--------------------------------*- C++ -*----------------------------------*\
  =========                 |
  \\      /  F ield         | OpenFOAM: The Open Source CFD Toolbox
   \\    /   O peration     | Website:  https://openfoam.org
    \\  /    A nd           | Version:  7
     \\/     M anipulation  |
\*---------------------------------------------------------------------------*/
FoamFile
{
    version     2.0;
    format      ascii;
    class       surfaceScalarField;
    location    "15";
    object      phi;
}
// * * * * * * * * * * * * * * * * * * * * * * * * * * * * * * * * * * * * * //

dimensions      [0 3 -1 0 0 0 0];

internalField   nonuniform List<scalar> 
650
(
0.00196526
-1.00218e-05
1.27805e-08
0.0019752
-9.95308e-06
1.24664e-08
-9.8882e-06
1.21431e-08
0.00196633
-2.00243e-05
0.00197627
-1.98878e-05
-1.9759e-05
0.00196847
-3.00142e-05
0.0019784
-2.9811e-05
-2.96193e-05
0.00197166
-3.99859e-05
0.00198157
-3.97175e-05
-3.94645e-05
0.00197588
-4.99342e-05
0.00198577
-4.96029e-05
-4.92907e-05
0.0019811
-5.98553e-05
0.00199097
-5.94637e-05
-5.90949e-05
0.00198729
-6.97462e-05
0.00199713
-6.92975e-05
-6.88752e-05
0.0019944
-7.96056e-05
0.00200421
-7.91033e-05
-7.86309e-05
0.00200239
-8.94335e-05
0.00201216
-8.88816e-05
-8.8363e-05
0.00201119
-9.92317e-05
0.00202095
-9.86345e-05
-9.80739e-05
0.00202076
-0.000109004
0.0020305
-0.000108366
-0.000107768
0.00203103
-0.000118756
0.00204075
-0.000118082
-0.000117451
0.00204194
-0.000128495
0.00205165
-0.00012779
-0.000127132
0.00205341
-0.000138231
0.00206312
-0.000137501
-0.000136821
0.00206536
-0.000147976
0.00207509
-0.000147227
-0.000146529
0.00207773
-0.000157745
0.00208749
-0.000156981
-0.000156272
0.00209044
-0.000167553
0.00210024
-0.000166781
-0.000166066
0.00210341
-0.00017742
0.00211327
-0.000176645
-0.000175929
0.00211656
-0.000187366
0.00212651
-0.000186593
-0.000185882
0.00212981
-0.000197414
0.00213987
-0.000196649
-0.000195947
0.00214309
-0.000207588
0.00215328
-0.000206836
-0.00020615
0.00215631
-0.000217916
0.00216666
-0.000217181
-0.000216516
0.00216942
0.00217995
-0.000227712
-0.000227073
0.00219307
-0.00023846
0.00220385
-0.000237851
-0.000237314
0.00650552
-0.000254985
0.0065221
-0.000254431
-0.000253951
0.00670853
-0.000268818
0.00672244
-0.000268339
-0.000267935
0.00691645
-0.000279948
0.00692767
-0.000279562
-0.000279251
0.00712606
-0.000288414
0.00713464
-0.000288136
-0.000287933
0.00733438
-0.000294298
0.00734038
-0.000294142
-0.00029406
0.00753866
-0.000297726
0.00754222
-0.0002977
-0.000297748
0.00773648
-0.000298852
0.00773774
-0.000298963
-0.000299147
0.00792575
-0.000297861
0.0079249
-0.000298113
-0.000298434
0.00810477
-0.000294957
0.008102
-0.000295347
-0.000295806
0.00827218
-0.000290355
0.00826772
-0.00029088
-0.000291471
0.00842703
-0.000284275
0.00842107
-0.000284928
-0.000285644
0.00856867
-0.00027694
0.00856145
-0.000277709
-0.00027854
0.00869684
-0.000268561
0.00868856
-0.000269435
-0.000270368
0.00881153
-0.000259341
0.0088024
-0.000260305
-0.000261327
0.00891301
-0.000249467
0.00890321
-0.000250506
-0.0002516
0.00900178
-0.000239106
0.00899148
-0.000240204
-0.000241355
0.0090785
-0.000228407
0.00906785
-0.000229548
-0.00023074
0.00914398
-0.000217496
0.00913309
-0.000218664
-0.000219881
0.0091991
-0.000206481
0.00918809
-0.00020766
-0.000208887
0.00924482
-0.000195446
0.00923378
-0.000196623
-0.000197845
0.00928213
-0.000184459
0.00927113
-0.00018562
-0.000186826
0.009312
-0.00017357
0.00930108
-0.000174705
-0.000175883
0.00933538
-0.000162814
0.00932459
-0.000163913
-0.000165053
0.00935319
-0.000152214
0.00934254
-0.000153268
-0.000154362
0.00936627
-0.000141782
0.00935578
-0.000142784
-0.000143825
0.0093754
-0.000131521
0.00936508
-0.000132466
-0.000133448
0.0093813
-0.000121428
0.00937115
-0.000122312
-0.000123231
0.00938461
-0.000111496
0.00937462
-0.000112315
-0.000113167
0.0093859
-0.000101712
0.00937605
-0.000102466
-0.000103248
0.00938565
-9.20648e-05
0.00937593
-9.275e-05
-9.34624e-05
0.00938429
-8.25388e-05
0.0093747
-8.31549e-05
-8.37961e-05
0.00938219
-7.31195e-05
0.0093727
-7.36665e-05
-7.42357e-05
0.00937966
-6.37924e-05
0.00937026
-6.427e-05
-6.47672e-05
0.00937695
-5.45433e-05
0.00936763
-5.49517e-05
-5.53771e-05
0.00937427
-4.5359e-05
0.00936502
-4.56985e-05
-4.60523e-05
0.00937181
-3.6227e-05
0.00936261
-3.64981e-05
-3.67805e-05
0.00936968
-2.71358e-05
0.00936052
-2.73385e-05
-2.75502e-05
0.009368
-1.80743e-05
0.00935887
-1.82094e-05
-1.83502e-05
0.00936684
-9.0322e-06
0.00935773
-9.0998e-06
-9.17026e-06
0.00936625
0.00935715
-8.19468e-05
0.00939383
-7.25942e-05
0.00939162
-6.33339e-05
0.00938899
-5.41514e-05
0.00938621
-4.50333e-05
0.00938347
-3.59672e-05
0.00938095
-2.69411e-05
0.00937878
-1.79448e-05
0.00937707
-8.96759e-06
0.00937589
0.00937529
-0.000254967
0.00650551
0.000238439
-0.000268801
0.00670853
-0.000279932
0.00691645
-0.000288399
0.00712606
-0.000294285
0.00733438
-0.000297713
0.00753866
-0.000298841
0.00773648
-0.000297851
0.00792576
-0.000294948
0.00810478
-0.000290346
0.00827219
-0.000284268
0.00842704
-0.000276933
0.00856868
-0.000268555
0.00869685
-0.000259336
0.00881154
-0.000249462
0.00891303
-0.000239102
0.0090018
-0.000228403
0.00907852
-0.000217493
0.00914399
-0.000206477
0.00919911
-0.000195443
0.00924483
-0.000184456
0.00928214
-0.000173567
0.00931201
-0.000162812
0.00933539
-0.000152212
0.0093532
-0.00014178
0.00936628
-0.000131519
0.00937541
-0.000121427
0.00938132
-0.000111494
0.00938463
-0.000101711
0.00938591
-9.20638e-05
0.00938566
-8.25378e-05
0.0093843
-7.31187e-05
0.0093822
-6.37917e-05
0.00937967
-5.45427e-05
0.00937696
-4.53586e-05
0.00937428
-3.62267e-05
0.00937181
-2.71356e-05
0.00936969
-1.80741e-05
0.00936801
-9.03229e-06
0.00936685
0.00936626
-0.000254414
0.00652209
0.000237832
-0.000268323
0.00672244
-0.000279547
0.00692767
-0.000288122
0.00713464
-0.000294129
0.00734039
-0.000297688
0.00754222
-0.000298953
0.00773775
-0.000298103
0.00792491
-0.000295339
0.00810201
-0.000290872
0.00826773
-0.000284921
0.00842108
-0.000277703
0.00856147
-0.00026943
0.00868857
-0.000260301
0.00880241
-0.000250502
0.00890323
-0.000240201
0.00899149
-0.000229545
0.00906786
-0.000218661
0.00913311
-0.000207658
0.00918811
-0.00019662
0.0092338
-0.000185618
0.00927114
-0.000174703
0.0093011
-0.000163911
0.0093246
-0.000153267
0.00934255
-0.000142783
0.00935579
-0.000132465
0.00936509
-0.000122311
0.00937116
-0.000112315
0.00937463
-0.000102465
0.00937606
-9.27493e-05
0.00937594
-8.31544e-05
0.00937471
-7.36659e-05
0.00937271
-6.42695e-05
0.00937027
-5.49513e-05
0.00936764
-4.56982e-05
0.00936503
-3.64978e-05
0.00936261
-2.73384e-05
0.00936053
-1.82092e-05
0.00935888
-9.09968e-06
-0.000253935
0.000237296
-0.00026792
-0.000279238
-0.000287921
-0.000294049
-0.000297738
-0.000299138
-0.000298426
-0.000295799
-0.000291464
-0.000285638
-0.000278535
-0.000270364
-0.000261323
-0.000251597
-0.000241352
-0.000230737
-0.000219879
-0.000208885
-0.000197844
-0.000186825
-0.000175881
-0.000165052
-0.000154361
-0.000143824
-0.000133447
-0.00012323
-0.000113167
-0.000103248
-9.3462e-05
-8.37958e-05
-7.42354e-05
-6.47669e-05
-5.53769e-05
-4.60521e-05
-3.67804e-05
-2.75501e-05
0.00219306
0.000227692
0.00220384
0.000227054
0.00216941
0.000217893
0.00217994
0.00021716
0.000216496
0.00215631
0.000207565
0.00216666
0.000206814
0.000206129
0.00214308
0.00019739
0.00215327
0.000196626
0.000195926
0.00212981
0.000187342
0.00213986
0.00018657
0.00018586
0.00211656
0.000177396
0.0021265
0.000176621
0.000175906
0.00210341
0.000167529
0.00211327
0.000166757
0.000166043
0.00209044
0.00015772
0.00210024
0.000156957
0.000156249
0.00207773
0.000147951
0.00208749
0.000147203
0.000146506
0.00206536
0.000138206
0.00207509
0.000137477
0.000136797
0.0020534
0.00012847
0.00206312
0.000127766
0.000127109
0.00204194
0.000118731
0.00205165
0.000118057
0.000117428
0.00203103
0.000108979
0.00204075
0.000108341
0.000107744
0.00202076
9.92065e-05
0.00203049
9.86099e-05
9.805e-05
0.00201119
8.94083e-05
0.00202095
8.88569e-05
8.8339e-05
0.00200239
7.95803e-05
0.00201216
7.90786e-05
7.86069e-05
0.0019944
6.97209e-05
0.00200421
6.92728e-05
6.88511e-05
0.00198729
5.98299e-05
0.00199712
5.94389e-05
5.90708e-05
0.0019811
4.99088e-05
0.00199097
4.95781e-05
4.92666e-05
0.00197588
3.99604e-05
0.00198577
3.96926e-05
3.94403e-05
0.00197166
2.99887e-05
0.00198157
2.97861e-05
2.95951e-05
0.00196847
1.99988e-05
0.0019784
1.98629e-05
1.97347e-05
0.00196633
9.9962e-06
0.00197627
9.92812e-06
9.86399e-06
0.00196526
0.0019752
)
;

boundaryField
{
    inlet
    {
        type            calculated;
        value           nonuniform 0();
    }
    outlet
    {
        type            calculated;
        value           nonuniform 0();
    }
    cylinder
    {
        type            calculated;
        value           nonuniform 0();
    }
    top
    {
        type            symmetryPlane;
        value           uniform 0;
    }
    bottom
    {
        type            symmetryPlane;
        value           uniform 0;
    }
    defaultFaces
    {
        type            empty;
        value           nonuniform 0();
    }
    procBoundary57to56
    {
        type            processor;
        value           nonuniform List<scalar> 
131
(
-0.00195525
-0.00195633
-0.00195848
-0.00196169
-0.00196594
-0.00197118
-0.0019774
-0.00198454
-0.00199256
-0.0020014
-0.00201099
-0.00202128
-0.0020322
-0.00204367
-0.00205562
-0.00206797
-0.00208063
-0.00209354
-0.00210661
-0.00211976
-0.00213291
-0.00214599
-0.00215891
-0.000228424
-0.00218232
-0.00648899
-0.0066947
-0.00690532
-0.0071176
-0.00732849
-0.00753523
-0.00773535
-0.00792674
-0.00810767
-0.00827679
-0.0084331
-0.00857601
-0.00870522
-0.00882075
-0.00892289
-0.00901214
-0.0090892
-0.00915489
-0.00921011
-0.00925586
-0.00929312
-0.00932289
-0.00934614
-0.00936379
-0.0093767
-0.00938566
-0.0093914
-0.00939455
-0.00939568
-0.0093953
-0.00939382
-0.00939161
-0.00938899
-0.0093862
-0.00938346
-0.00938094
-0.00937877
-0.00937706
-0.00937588
-0.00937528
-0.00940329
-0.00940097
-0.00939825
-0.00939539
-0.00939259
-0.00939001
-0.00938781
-0.00938607
-0.00938487
-0.00938426
-0.00648898
-0.00669469
-0.00690532
-0.0071176
-0.0073285
-0.00753523
-0.00773536
-0.00792675
-0.00810768
-0.0082768
-0.00843311
-0.00857602
-0.00870523
-0.00882076
-0.0089229
-0.00901216
-0.00908922
-0.0091549
-0.00921013
-0.00925587
-0.00929313
-0.0093229
-0.00934615
-0.0093638
-0.00937671
-0.00938567
-0.00939141
-0.00939456
-0.00939569
9.14061e-05
-0.00939531
-0.00218232
-0.000228403
-0.0021589
-0.00214598
-0.00213291
-0.00211976
-0.00210661
-0.00209354
-0.00208063
-0.00206796
-0.00205562
-0.00204367
-0.0020322
-0.00202128
-0.00201099
-0.00200139
-0.00199256
-0.00198454
-0.0019774
-0.00197118
-0.00196594
-0.00196169
-0.00195848
-0.00195633
-0.00195525
)
;
    }
    procBoundary57to58
    {
        type            processor;
        value           nonuniform List<scalar> 
131
(
0.00198508
0.00198614
0.00198826
0.00199142
0.0019956
0.00200077
0.00200691
0.00201396
0.0020219
0.00203066
0.00204019
0.00205043
0.00206133
0.00207281
0.0020848
0.00209723
0.00211004
0.00212314
0.00213646
0.00214993
0.00216348
0.00217703
0.00219051
0.000226504
0.00221465
0.00653874
0.00673643
0.00693899
0.00714332
0.00734651
0.0075459
0.00773914
0.00792419
0.00809938
0.00826338
0.00841525
0.00855435
0.00868039
0.00879336
0.00889349
0.00898124
0.00905723
0.00912223
0.0091771
0.00922274
0.00926011
0.00929014
0.00931376
0.00933185
0.00934524
0.0093547
0.00936093
0.00936455
0.00936613
0.00936615
0.00936503
0.00936314
0.00936079
0.00935824
0.0093557
0.00935333
0.00935129
0.00934967
0.00934855
0.00934798
0.00935774
0.00935716
0.00653873
0.00673642
0.00693899
0.00714332
0.00734652
0.00754591
0.00773915
0.0079242
0.00809939
0.00826339
0.00841526
0.00855436
0.0086804
0.00879337
0.0088935
0.00898125
0.00905725
0.00912225
0.00917711
0.00922276
0.00926012
0.00929015
0.00931377
0.00933186
0.00934526
0.00935472
0.00936094
0.00936457
0.00936614
0.00936616
0.00936504
0.00936315
0.0093608
0.00935825
0.00935571
0.00935334
0.0093513
-1.83501e-05
0.00934968
0.00221465
0.000226486
0.0021905
0.00217702
0.00216348
0.00214993
0.00213646
0.00212313
0.00211003
0.00209723
0.0020848
0.0020728
0.00206133
0.00205043
0.00204019
0.00203066
0.0020219
0.00201396
0.00200691
0.00200077
0.0019956
0.00199142
0.00198826
0.00198614
0.00198508
)
;
    }
}


// ************************************************************************* //
