/*--------------------------------*- C++ -*----------------------------------*\
  =========                 |
  \\      /  F ield         | OpenFOAM: The Open Source CFD Toolbox
   \\    /   O peration     | Website:  https://openfoam.org
    \\  /    A nd           | Version:  7
     \\/     M anipulation  |
\*---------------------------------------------------------------------------*/
FoamFile
{
    version     2.0;
    format      ascii;
    class       volVectorField;
    location    "70";
    object      U;
}
// * * * * * * * * * * * * * * * * * * * * * * * * * * * * * * * * * * * * * //

dimensions      [0 1 -1 0 0 0 0];

internalField   nonuniform List<vector> 
928
(
(0.502945 -0.00081108 7.70856e-23)
(0.505392 -0.00080314 -8.6225e-23)
(0.507817 -0.000795296 7.22878e-23)
(0.51022 -0.000787549 -6.4813e-23)
(0.512599 -0.000779897 5.15658e-23)
(0.503483 -0.00243168 3.69527e-23)
(0.505926 -0.00240788 9.14573e-23)
(0.508346 -0.00238437 3.2454e-23)
(0.510744 -0.00236115 3.36623e-23)
(0.513119 -0.00233821 -4.85411e-23)
(0.504557 -0.00404763 8.39183e-23)
(0.506991 -0.00400803 -2.58627e-22)
(0.509402 -0.00396891 2.89083e-22)
(0.511791 -0.00393027 -3.64093e-23)
(0.514158 -0.0038921 -2.28923e-22)
(0.506164 -0.00565585 -3.8153e-22)
(0.508584 -0.00560054 1.9292e-22)
(0.510982 -0.00554591 8.3433e-23)
(0.513357 -0.00549194 -4.47726e-23)
(0.515711 -0.00543864 9.97267e-23)
(0.508298 -0.00725329 1.86681e-22)
(0.510701 -0.00718241 -8.38636e-22)
(0.513081 -0.0071124 -3.1281e-22)
(0.515439 -0.00704324 4.91842e-22)
(0.517775 -0.00697492 3.5555e-23)
(0.510954 -0.00883696 7.75983e-22)
(0.513334 -0.00875068 -4.16847e-22)
(0.515692 -0.00866545 6.80945e-22)
(0.518028 -0.00858126 -1.22393e-21)
(0.520342 -0.00849811 1.17862e-22)
(0.522635 -0.00841597 4.57169e-22)
(0.514123 -0.0104039 4.98336e-22)
(0.516476 -0.0103024 1.20159e-22)
(0.518807 -0.0102022 2.53788e-22)
(0.521117 -0.0101032 6.55368e-23)
(0.523406 -0.0100054 -8.00407e-23)
(0.525673 -0.00990879 -3.3791e-22)
(0.517794 -0.0119513 5.00918e-23)
(0.520116 -0.0118348 -5.65066e-23)
(0.522417 -0.0117198 3.40778e-22)
(0.524697 -0.0116062 -4.56324e-22)
(0.526956 -0.011494 -1.32689e-22)
(0.529194 -0.0113832 4.36837e-22)
(0.521957 -0.0134763 -1.32879e-21)
(0.524245 -0.0133452 1.55419e-21)
(0.526511 -0.0132157 9.99837e-23)
(0.528757 -0.0130878 -7.76153e-22)
(0.530982 -0.0129614 4.42544e-22)
(0.533186 -0.0128366 -5.01506e-22)
(0.528848 -0.0148307 -1.79445e-21)
(0.531076 -0.014687 1.18302e-21)
(0.533284 -0.0145451 3.55781e-22)
(0.535471 -0.0144049 -1.87055e-22)
(0.537639 -0.0142664 -2.00971e-21)
(0.533912 -0.016289 1.44544e-22)
(0.536098 -0.0161315 -2.24707e-22)
(0.538264 -0.0159758 -3.31156e-22)
(0.540411 -0.0158221 -3.50442e-22)
(0.542538 -0.0156703 2.51243e-22)
(0.539422 -0.0177175 4.08399e-23)
(0.541562 -0.0175465 -7.11323e-22)
(0.543684 -0.0173775 1.72339e-22)
(0.545786 -0.0172107 1.00491e-22)
(0.547869 -0.0170458 -1.76591e-22)
(0.545361 -0.019114 -1.70266e-22)
(0.547453 -0.0189298 -6.26047e-22)
(0.549526 -0.018748 -5.54252e-22)
(0.55158 -0.0185683 9.79269e-22)
(0.553617 -0.0183908 -1.97477e-21)
(0.551711 -0.0204762 8.37106e-22)
(0.553751 -0.0202794 8.70481e-22)
(0.555773 -0.0200849 -1.67959e-21)
(0.557778 -0.0198929 7.15554e-22)
(0.559764 -0.0197031 9.18887e-22)
(0.558455 -0.0218021 5.27006e-22)
(0.56044 -0.021593 2.60243e-22)
(0.562408 -0.0213865 -1.19483e-21)
(0.564359 -0.0211825 7.16486e-22)
(0.566293 -0.0209809 -2.16139e-22)
(0.565572 -0.0230898 -2.78919e-21)
(0.5675 -0.022869 1.86438e-21)
(0.569412 -0.0226508 -1.0065e-21)
(0.571306 -0.0224352 -7.30357e-23)
(0.573185 -0.0222223 8.09843e-22)
(0.573042 -0.0243375 -1.88813e-21)
(0.574911 -0.0241054 1.33674e-22)
(0.576763 -0.0238761 8.316e-22)
(0.5786 -0.0236495 -7.43497e-22)
(0.58042 -0.0234256 1.50217e-21)
(0.580845 -0.0255438 -2.20836e-22)
(0.582652 -0.0253008 6.23873e-23)
(0.584443 -0.0250608 -3.06325e-23)
(0.586219 -0.0248236 7.59026e-22)
(0.58798 -0.0245893 -3.23547e-22)
(0.589726 -0.0243578 -6.90826e-22)
(0.590701 -0.0264538 3.10133e-21)
(0.592429 -0.0262035 -2.35254e-21)
(0.594143 -0.0259562 1.98375e-21)
(0.595842 -0.0257119 -9.44385e-22)
(0.597527 -0.0254706 8.85592e-22)
(0.599037 -0.027563 3.56696e-21)
(0.6007 -0.027303 1.02346e-21)
(0.60235 -0.0270462 -5.96284e-21)
(0.603986 -0.0267924 2.74782e-21)
(0.605609 -0.0265417 -2.6531e-21)
(0.607637 -0.0286274 1.02836e-21)
(0.609235 -0.0283583 -3.22514e-21)
(0.610819 -0.0280923 -1.54154e-21)
(0.61239 -0.0278296 4.24257e-21)
(0.613949 -0.0275699 -2.86322e-21)
(0.616479 -0.029646 8.67116e-22)
(0.618009 -0.0293683 -1.87639e-21)
(0.619527 -0.0290938 1.36362e-21)
(0.621033 -0.0288225 -1.44697e-21)
(0.622526 -0.0285545 1.77919e-21)
(0.62554 -0.0306182 3.32156e-21)
(0.627002 -0.0303323 -3.06995e-21)
(0.628452 -0.0300497 -2.42959e-21)
(0.629891 -0.0297705 4.94849e-21)
(0.631318 -0.0294946 -1.29237e-21)
(0.634796 -0.0315432 6.44448e-22)
(0.636189 -0.0312497 -1.66426e-21)
(0.637572 -0.0309596 -1.15261e-21)
(0.638943 -0.030673 -1.00163e-21)
(0.640304 -0.0303897 1.16963e-21)
(0.64555 -0.0321201 3.46469e-21)
(0.646863 -0.031823 -3.77615e-21)
(0.648167 -0.0315294 3.2993e-22)
(0.649461 -0.0312393 -9.08641e-22)
(0.650745 -0.0309526 -1.09499e-21)
(0.65506 -0.0329433 1.13936e-21)
(0.656305 -0.0326397 4.89118e-21)
(0.65754 -0.0323396 -1.2143e-21)
(0.658767 -0.0320431 -4.07983e-21)
(0.659985 -0.0317501 1.59052e-21)
(0.664698 -0.0337186 -4.91582e-22)
(0.665874 -0.033409 -1.92031e-21)
(0.667041 -0.033103 -2.01593e-21)
(0.668201 -0.0328006 -1.8137e-21)
(0.669352 -0.0325018 1.5189e-21)
(0.674441 -0.0344463 7.80736e-23)
(0.675548 -0.0341312 5.96699e-22)
(0.676648 -0.0338198 -1.39874e-21)
(0.677741 -0.0335121 3.69917e-21)
(0.678825 -0.0332079 -1.84382e-21)
(0.684268 -0.0351307 -1.79183e-21)
(0.685307 -0.0348105 -1.92629e-21)
(0.68634 -0.0344941 -5.0668e-22)
(0.687365 -0.0341814 2.41106e-21)
(0.688384 -0.0338723 1.78693e-21)
(0.694158 -0.0357741 8.9187e-22)
(0.695129 -0.0354492 -1.56354e-21)
(0.696095 -0.035128 3.48228e-21)
(0.697054 -0.0348106 -1.98163e-21)
(0.698008 -0.0344969 -1.30922e-21)
(0.711739 -0.0364046 -1.20196e-28)
(0.7126 -0.0360776 0)
(0.713457 -0.0357544 0)
(0.714308 -0.0354349 0)
(0.715155 -0.0351191 0)
(0.736106 -0.0374994 -1.22322e-29)
(0.736814 -0.0371668 0)
(0.737519 -0.0368379 0)
(0.738221 -0.0365128 0)
(0.738919 -0.0361914 0)
(0.76091 -0.0383983 0)
(0.761466 -0.0380617 0)
(0.762021 -0.0377288 0)
(0.762574 -0.0373997 0)
(0.763124 -0.0370743 0)
(0.785959 -0.0390826 6.87411e-29)
(0.786367 -0.038744 0)
(0.786774 -0.0384092 0)
(0.78718 -0.038078 0)
(0.787586 -0.0377506 0)
(0.811069 -0.0395558 0)
(0.811332 -0.0392173 0)
(0.811596 -0.0388824 0)
(0.81186 -0.0385512 0)
(0.812125 -0.0382236 0)
(0.836061 -0.0398265 -2.69938e-28)
(0.836185 -0.0394899 0)
(0.83631 -0.0391569 0)
(0.836438 -0.0388274 0)
(0.836567 -0.0385014 0)
(0.860766 -0.0399037 -1.58576e-28)
(0.860757 -0.0395708 0)
(0.860752 -0.0392413 0)
(0.86075 -0.0389152 0)
(0.86075 -0.0385926 0)
(0.885026 -0.0397982 3.39636e-28)
(0.884893 -0.0394706 0)
(0.884765 -0.0391462 0)
(0.884641 -0.0388251 0)
(0.884521 -0.0385074 0)
(0.908696 -0.0395224 0)
(0.908449 -0.0392014 0)
(0.908207 -0.0388836 0)
(0.90797 -0.038569 0)
(0.907737 -0.0382575 0)
(0.931647 -0.0390899 2.54032e-28)
(0.931295 -0.0387768 0)
(0.930949 -0.0384668 0)
(0.930608 -0.0381597 0)
(0.930273 -0.0378557 0)
(0.953764 -0.0385151 0)
(0.953317 -0.038211 0)
(0.952877 -0.0379098 0)
(0.952443 -0.0376114 0)
(0.952015 -0.0373159 0)
(0.974947 -0.0378133 -2.60217e-28)
(0.974416 -0.0375191 0)
(0.973892 -0.0372276 0)
(0.973375 -0.0369387 0)
(0.972866 -0.0366525 0)
(0.995113 -0.0370001 0)
(0.994509 -0.0367165 0)
(0.993913 -0.0364354 0)
(0.993325 -0.0361567 0)
(0.992743 -0.0358804 0)
(1.0142 -0.0360912 0)
(1.01353 -0.0358187 0)
(1.01287 -0.0355484 0)
(1.01222 -0.0352803 0)
(1.01158 -0.0350146 0)
(1.03215 -0.0351022 0)
(1.03143 -0.034841 0)
(1.03073 -0.0345819 0)
(1.03002 -0.0343248 0)
(1.02933 -0.0340698 0)
(1.04894 -0.0340482 2.73106e-28)
(1.04818 -0.0337985 0)
(1.04743 -0.0335507 0)
(1.04669 -0.0333047 0)
(1.04596 -0.0330607 0)
(1.06454 -0.0329436 3.78269e-28)
(1.06376 -0.0327054 0)
(1.06298 -0.0324689 0)
(1.0622 -0.0322341 0)
(1.06144 -0.032001 0)
(1.07896 -0.0318022 2.79623e-28)
(1.07815 -0.0315753 0)
(1.07735 -0.03135 0)
(1.07656 -0.0311261 0)
(1.07577 -0.0309039 0)
(1.09221 -0.0306366 -2.82859e-28)
(1.09138 -0.0304208 0)
(1.09057 -0.0302064 0)
(1.08976 -0.0299933 0)
(1.08896 -0.0297816 0)
(1.10429 -0.0294584 0)
(1.10347 -0.0292533 0)
(1.10265 -0.0290494 0)
(1.10183 -0.0288468 0)
(1.10103 -0.0286453 0)
(1.11526 -0.0282778 0)
(1.11443 -0.0280831 0)
(1.11361 -0.0278894 0)
(1.1128 -0.0276967 0)
(1.11199 -0.0275052 0)
(1.12514 -0.0271041 -1.88973e-28)
(1.12432 -0.0269192 0)
(1.12351 -0.0267351 0)
(1.1227 -0.026552 0)
(1.1219 -0.0263699 0)
(1.13399 -0.0259449 -8.20272e-29)
(1.13318 -0.0257693 0)
(1.13238 -0.0255944 0)
(1.13159 -0.0254204 0)
(1.1308 -0.0252472 0)
(1.14186 -0.0248069 0)
(1.14107 -0.02464 0)
(1.14028 -0.0244738 0)
(1.1395 -0.0243083 0)
(1.13873 -0.0241435 0)
(1.14881 -0.0236952 0)
(1.14804 -0.0235365 0)
(1.14727 -0.0233784 0)
(1.14651 -0.023221 0)
(1.14576 -0.0230642 0)
(1.1549 -0.022614 0)
(1.15415 -0.0224631 0)
(1.1534 -0.0223126 0)
(1.15267 -0.0221626 0)
(1.15193 -0.0220133 0)
(1.16019 -0.0215664 0)
(1.15947 -0.0214226 0)
(1.15875 -0.0212792 0)
(1.15803 -0.0211363 0)
(1.15732 -0.0209939 0)
(1.16475 -0.0205543 3.09731e-28)
(1.16405 -0.0204172 0)
(1.16336 -0.0202805 0)
(1.16267 -0.0201442 0)
(1.16199 -0.0200083 0)
(1.16865 -0.0195789 0)
(1.16798 -0.0194481 0)
(1.16731 -0.0193177 0)
(1.16664 -0.0191875 0)
(1.16598 -0.0190577 0)
(1.17194 -0.0186406 -3.14879e-28)
(1.1713 -0.0185157 0)
(1.17065 -0.0183911 0)
(1.17001 -0.0182667 0)
(1.16938 -0.0181427 0)
(1.17469 -0.017739 3.17318e-28)
(1.17407 -0.0176197 0)
(1.17345 -0.0175006 0)
(1.17284 -0.0173817 0)
(1.17223 -0.0172631 0)
(1.17695 -0.0168734 4.3753e-28)
(1.17636 -0.0167594 0)
(1.17577 -0.0166455 0)
(1.17518 -0.0165317 0)
(1.17459 -0.0164182 0)
(1.17879 -0.0160425 0)
(1.17822 -0.0159334 0)
(1.17765 -0.0158244 0)
(1.17708 -0.0157156 0)
(1.17652 -0.0156069 0)
(1.18024 -0.0152446 3.2408e-28)
(1.17969 -0.0151403 0)
(1.17915 -0.015036 0)
(1.1786 -0.0149319 0)
(1.17806 -0.0148278 0)
(1.18137 -0.0144779 0)
(1.18084 -0.0143781 0)
(1.18031 -0.0142784 0)
(1.17979 -0.0141787 0)
(1.17927 -0.0140792 0)
(1.1822 -0.0137403 -7.49362e-28)
(1.18169 -0.013645 0)
(1.18119 -0.0135496 0)
(1.18068 -0.0134543 0)
(1.18018 -0.0133591 0)
(1.18279 -0.0130297 0)
(1.1823 -0.0129387 0)
(1.18181 -0.0128476 0)
(1.18133 -0.0127565 0)
(1.18085 -0.0126655 0)
(1.18317 -0.0123439 0)
(1.1827 -0.0122571 0)
(1.18223 -0.0121701 0)
(1.18176 -0.0120832 0)
(1.18129 -0.0119963 0)
(1.18338 -0.0116807 0)
(1.18292 -0.011598 0)
(1.18246 -0.0115152 0)
(1.18201 -0.0114323 0)
(1.18156 -0.0113495 0)
(1.18344 -0.0110381 3.35097e-28)
(1.18299 -0.0109595 0)
(1.18255 -0.0108807 0)
(1.18211 -0.0108019 0)
(1.18167 -0.010723 0)
(1.18338 -0.0104141 4.60731e-28)
(1.18294 -0.0103394 0)
(1.18251 -0.0102646 0)
(1.18209 -0.0101897 0)
(1.18166 -0.0101148 0)
(1.18322 -0.00980657 0)
(1.1828 -0.00973589 0)
(1.18238 -0.00966506 0)
(1.18196 -0.00959413 0)
(1.18155 -0.00952313 0)
(1.18298 -0.00921388 0)
(1.18257 -0.00914715 0)
(1.18216 -0.00908025 0)
(1.18176 -0.00901324 0)
(1.18135 -0.00894615 0)
(1.18269 -0.00863433 0)
(1.18229 -0.00857152 0)
(1.18189 -0.00850853 0)
(1.18149 -0.00844542 0)
(1.1811 -0.00838222 0)
(1.18236 -0.00806637 0)
(1.18197 -0.00800747 0)
(1.18157 -0.00794838 0)
(1.18118 -0.00788916 0)
(1.18079 -0.00782985 0)
(1.182 -0.00750863 3.42928e-28)
(1.18161 -0.00745361 0)
(1.18123 -0.00739841 0)
(1.18084 -0.00734307 0)
(1.18046 -0.00728763 0)
(1.18162 -0.00695982 4.70761e-28)
(1.18124 -0.00690868 0)
(1.18086 -0.00685736 0)
(1.18048 -0.00680589 0)
(1.18011 -0.00675431 0)
(1.18124 -0.00641882 3.44881e-28)
(1.18086 -0.00637154 0)
(1.18049 -0.00632408 0)
(1.18012 -0.00627648 0)
(1.17975 -0.00622876 0)
(1.18086 -0.00588459 0)
(1.18049 -0.00584117 0)
(1.18012 -0.00579756 0)
(1.17975 -0.00575381 0)
(1.17938 -0.00570995 0)
(1.18049 -0.00535623 4.74291e-28)
(1.18012 -0.00531664 0)
(1.17976 -0.00527688 0)
(1.17939 -0.00523698 0)
(1.17903 -0.00519696 0)
(1.18014 -0.00483292 0)
(1.17978 -0.00479715 0)
(1.17941 -0.00476122 0)
(1.17905 -0.00472516 0)
(1.17869 -0.00468899 0)
(1.17981 -0.00431394 7.94453e-28)
(1.17945 -0.00428197 0)
(1.17909 -0.00424986 0)
(1.17873 -0.00421763 0)
(1.17837 -0.00418529 0)
(1.17951 -0.00379862 0)
(1.17915 -0.00377045 0)
(1.17879 -0.00374215 0)
(1.17843 -0.00371374 0)
(1.17808 -0.00368523 0)
(1.17924 -0.00328639 -3.48914e-28)
(1.17888 -0.00326201 0)
(1.17852 -0.00323751 0)
(1.17817 -0.0032129 0)
(1.17782 -0.00318821 0)
(1.179 -0.00277672 0)
(1.17864 -0.00275612 0)
(1.17829 -0.0027354 0)
(1.17793 -0.0027146 0)
(1.17759 -0.00269372 0)
(1.1788 -0.00226915 0)
(1.17844 -0.00225231 0)
(1.17809 -0.00223537 0)
(1.17774 -0.00221837 0)
(1.17739 -0.00220129 0)
(1.17863 -0.00176324 0)
(1.17828 -0.00175014 0)
(1.17793 -0.00173698 0)
(1.17758 -0.00172376 0)
(1.17723 -0.00171049 0)
(1.17851 -0.00125858 3.50161e-28)
(1.17815 -0.00124923 0)
(1.1778 -0.00123984 0)
(1.17745 -0.0012304 0)
(1.17711 -0.00122092 0)
(1.17843 -0.000754803 4.7946e-28)
(1.17807 -0.000749198 0)
(1.17772 -0.000743562 0)
(1.17737 -0.0007379 0)
(1.17703 -0.000732217 0)
(1.17838 -0.000251546 0)
(1.17803 -0.000249678 0)
(1.17768 -0.0002478 0)
(1.17733 -0.000245913 0)
(1.17698 -0.000244019 0)
(1.0497 0.0342997 0)
(1.06534 0.0331834 1.07414e-11)
(1.07978 0.0320305 1.08679e-11)
(1.09304 0.0308536 -1.09937e-11)
(1.10513 0.0296645 -1.11184e-11)
(1.11609 0.0284736 2.89238e-28)
(1.12597 0.0272899 1.88973e-28)
(1.1348 0.0261213 0)
(1.14266 0.0249744 -1.929e-28)
(1.14958 0.0238544 -3.01376e-28)
(1.15565 0.0227654 0)
(1.16092 0.0217105 0)
(1.16546 0.0206916 0)
(1.16933 0.0197098 -4.27517e-28)
(1.17259 0.0187655 -3.14879e-28)
(1.17532 0.0178584 3.17318e-28)
(1.17756 0.0169875 4.3753e-28)
(1.17936 0.0161516 3.21919e-28)
(1.1808 0.0153489 0)
(1.1819 0.0145776 4.46402e-28)
(1.18272 0.0138355 7.49362e-28)
(1.18329 0.0131206 -3.30002e-28)
(1.18365 0.0124306 0)
(1.18384 0.0117633 3.33489e-28)
(1.18389 0.0111166 -3.35097e-28)
(1.18381 0.0104885 1.3083e-11)
(1.18364 0.00987705 1.31386e-11)
(1.1834 0.0092804 -1.31909e-11)
(1.1831 0.00869692 -1.324e-11)
(1.18276 0.00812506 0)
(1.18239 0.00756342 1.33283e-11)
(1.18201 0.00701074 1.33678e-11)
(1.18162 0.00646588 -1.34042e-11)
(1.18124 0.00592781 -1.34376e-11)
(1.18087 0.00539563 0)
(1.18051 0.00486851 0)
(1.18018 0.00434572 7.94453e-28)
(1.17987 0.00382662 4.76895e-28)
(1.1796 0.00331063 1.3561e-11)
(1.17936 0.00279721 1.35772e-11)
(1.17916 0.00228589 -1.35907e-11)
(1.17899 0.00177625 -1.36014e-11)
(1.17887 0.00126786 0)
(1.17878 0.000760373 0)
(1.17874 0.000253402 0)
(0.711739 0.0364046 0)
(0.736106 0.0374994 -1.22322e-29)
(0.76091 0.0383983 6.80646e-29)
(0.785959 0.0390826 -9.23236e-12)
(0.811069 0.0395558 -9.32892e-12)
(0.836061 0.0398265 9.42996e-12)
(0.860766 0.0399037 0)
(0.885026 0.0397982 -9.64437e-12)
(0.908696 0.0395224 0)
(0.931647 0.0390899 0)
(0.953764 0.0385151 0)
(0.974947 0.0378133 0)
(0.995113 0.0370001 2.63392e-28)
(1.0142 0.0360912 0)
(1.03215 0.0351022 1.74422e-28)
(1.04894 0.0340482 0)
(1.06454 0.0329436 -1.07414e-11)
(1.07896 0.0318022 -1.08679e-11)
(1.09221 0.0306366 1.09937e-11)
(1.10429 0.0294584 1.11184e-11)
(1.11526 0.0282778 -2.89238e-28)
(1.12514 0.0271041 -1.88973e-28)
(1.13399 0.0259449 0)
(1.14186 0.0248069 1.929e-28)
(1.14881 0.0236952 3.01376e-28)
(1.1549 0.022614 0)
(1.16019 0.0215664 0)
(1.16475 0.0205543 0)
(1.16865 0.0195789 4.27517e-28)
(1.17194 0.0186406 3.14879e-28)
(1.17469 0.017739 -3.17318e-28)
(1.17695 0.0168734 -4.3753e-28)
(1.17879 0.0160425 -3.21919e-28)
(1.18024 0.0152446 0)
(1.18137 0.0144779 -4.46402e-28)
(1.1822 0.0137403 -7.49362e-28)
(1.18279 0.0130297 3.30002e-28)
(1.18317 0.0123439 0)
(1.18338 0.0116807 -3.33489e-28)
(1.18344 0.0110381 3.35097e-28)
(1.18338 0.0104141 -1.3083e-11)
(1.18322 0.00980657 -1.31386e-11)
(1.18298 0.00921388 1.31909e-11)
(1.18269 0.00863433 1.324e-11)
(1.18236 0.00806637 0)
(1.182 0.00750863 -1.33283e-11)
(1.18162 0.00695982 -1.33678e-11)
(1.18124 0.00641882 1.34042e-11)
(1.18086 0.00588459 1.34376e-11)
(1.18049 0.00535623 0)
(1.18014 0.00483292 0)
(1.17981 0.00431394 -7.94453e-28)
(1.17951 0.00379862 -4.76895e-28)
(1.17924 0.00328639 -1.3561e-11)
(1.179 0.00277672 -1.35772e-11)
(1.1788 0.00226915 1.35907e-11)
(1.17863 0.00176324 1.36014e-11)
(1.17851 0.00125858 0)
(1.17843 0.000754803 0)
(1.17838 0.000251546 0)
(0.7126 0.0360776 0)
(0.736814 0.0371668 0)
(0.761466 0.0380617 0)
(0.786367 0.038744 0)
(0.811332 0.0392173 0)
(0.836185 0.0394899 0)
(0.860757 0.0395708 0)
(0.884893 0.0394706 0)
(0.908449 0.0392014 0)
(0.931295 0.0387768 0)
(0.953317 0.038211 0)
(0.974416 0.0375191 0)
(0.994509 0.0367165 0)
(1.01353 0.0358187 0)
(1.03143 0.034841 0)
(1.04818 0.0337985 0)
(1.06376 0.0327054 0)
(1.07815 0.0315753 0)
(1.09138 0.0304208 0)
(1.10347 0.0292533 0)
(1.11443 0.0280831 0)
(1.12432 0.0269192 0)
(1.13318 0.0257693 0)
(1.14107 0.02464 0)
(1.14804 0.0235365 0)
(1.15415 0.0224631 0)
(1.15947 0.0214226 0)
(1.16405 0.0204172 0)
(1.16798 0.0194481 0)
(1.1713 0.0185157 0)
(1.17407 0.0176197 0)
(1.17636 0.0167594 0)
(1.17822 0.0159334 0)
(1.17969 0.0151403 0)
(1.18084 0.0143781 0)
(1.18169 0.013645 0)
(1.1823 0.0129387 0)
(1.1827 0.0122571 0)
(1.18292 0.011598 0)
(1.18299 0.0109595 0)
(1.18294 0.0103394 0)
(1.1828 0.00973589 0)
(1.18257 0.00914715 0)
(1.18229 0.00857152 0)
(1.18197 0.00800747 0)
(1.18161 0.00745361 0)
(1.18124 0.00690868 0)
(1.18086 0.00637154 0)
(1.18049 0.00584116 0)
(1.18012 0.00531664 0)
(1.17978 0.00479715 0)
(1.17945 0.00428197 0)
(1.17915 0.00377045 0)
(1.17888 0.00326201 0)
(1.17864 0.00275612 0)
(1.17844 0.00225231 0)
(1.17828 0.00175014 0)
(1.17815 0.00124923 0)
(1.17807 0.000749198 0)
(1.17803 0.000249678 0)
(0.713457 0.0357544 0)
(0.737519 0.0368379 0)
(0.762021 0.0377288 0)
(0.786774 0.0384092 0)
(0.811596 0.0388824 0)
(0.83631 0.0391569 0)
(0.860752 0.0392413 0)
(0.884765 0.0391462 0)
(0.908207 0.0388836 0)
(0.930949 0.0384668 0)
(0.952877 0.0379098 0)
(0.973892 0.0372276 0)
(0.993913 0.0364354 0)
(1.01287 0.0355484 0)
(1.03073 0.0345819 0)
(1.04743 0.0335507 0)
(1.06298 0.0324689 0)
(1.07735 0.03135 0)
(1.09057 0.0302064 0)
(1.10265 0.0290494 0)
(1.11361 0.0278894 0)
(1.12351 0.0267351 0)
(1.13238 0.0255944 0)
(1.14028 0.0244738 0)
(1.14727 0.0233784 0)
(1.1534 0.0223126 0)
(1.15875 0.0212792 0)
(1.16336 0.0202805 0)
(1.16731 0.0193177 0)
(1.17065 0.0183911 0)
(1.17345 0.0175006 0)
(1.17577 0.0166455 0)
(1.17765 0.0158244 0)
(1.17915 0.015036 0)
(1.18031 0.0142784 0)
(1.18119 0.0135496 0)
(1.18181 0.0128476 0)
(1.18223 0.0121701 0)
(1.18246 0.0115152 0)
(1.18255 0.0108807 0)
(1.18251 0.0102646 0)
(1.18238 0.00966506 0)
(1.18216 0.00908025 0)
(1.18189 0.00850853 0)
(1.18157 0.00794838 0)
(1.18123 0.00739841 0)
(1.18086 0.00685736 0)
(1.18049 0.00632408 0)
(1.18012 0.00579756 0)
(1.17976 0.00527688 0)
(1.17941 0.00476122 0)
(1.17909 0.00424986 0)
(1.17879 0.00374215 0)
(1.17852 0.00323751 0)
(1.17829 0.0027354 0)
(1.17809 0.00223537 0)
(1.17793 0.00173698 0)
(1.1778 0.00123984 0)
(1.17772 0.000743562 0)
(1.17768 0.0002478 0)
(0.714308 0.0354349 0)
(0.738221 0.0365128 0)
(0.762574 0.0373997 0)
(0.78718 0.038078 0)
(0.81186 0.0385512 0)
(0.836438 0.0388274 0)
(0.86075 0.0389152 0)
(0.884641 0.0388251 0)
(0.90797 0.0385689 0)
(0.930608 0.0381597 0)
(0.952443 0.0376114 0)
(0.973375 0.0369387 0)
(0.993325 0.0361567 0)
(1.01222 0.0352803 0)
(1.03002 0.0343248 0)
(1.04669 0.0333047 0)
(1.0622 0.0322341 0)
(1.07656 0.0311261 0)
(1.08976 0.0299933 0)
(1.10183 0.0288468 0)
(1.1128 0.0276967 0)
(1.1227 0.026552 0)
(1.13159 0.0254204 0)
(1.1395 0.0243083 0)
(1.14651 0.023221 0)
(1.15267 0.0221626 0)
(1.15803 0.0211363 0)
(1.16267 0.0201442 0)
(1.16664 0.0191875 0)
(1.17001 0.0182667 0)
(1.17284 0.0173817 0)
(1.17518 0.0165317 0)
(1.17708 0.0157156 0)
(1.1786 0.0149319 0)
(1.17979 0.0141787 0)
(1.18068 0.0134543 0)
(1.18133 0.0127565 0)
(1.18176 0.0120832 0)
(1.18201 0.0114323 0)
(1.18211 0.0108019 0)
(1.18209 0.0101897 0)
(1.18196 0.00959413 0)
(1.18176 0.00901324 0)
(1.18149 0.00844542 0)
(1.18118 0.00788916 0)
(1.18084 0.00734307 0)
(1.18048 0.00680589 0)
(1.18012 0.00627648 0)
(1.17975 0.00575381 0)
(1.17939 0.00523698 0)
(1.17905 0.00472516 0)
(1.17873 0.00421763 0)
(1.17843 0.00371374 0)
(1.17817 0.0032129 0)
(1.17793 0.0027146 0)
(1.17774 0.00221837 0)
(1.17758 0.00172376 0)
(1.17745 0.0012304 0)
(1.17737 0.0007379 0)
(1.17733 0.000245913 0)
(0.715155 0.035119 0)
(0.738919 0.0361914 0)
(0.763124 0.0370743 0)
(0.787586 0.0377505 0)
(0.812125 0.0382236 0)
(0.836567 0.0385014 0)
(0.86075 0.0385926 0)
(0.884521 0.0385074 0)
(0.907737 0.0382574 0)
(0.930273 0.0378557 0)
(0.952015 0.0373159 0)
(0.972866 0.0366525 0)
(0.992743 0.0358804 0)
(1.01158 0.0350146 0)
(1.02933 0.0340698 0)
(1.04596 0.0330607 0)
(1.06144 0.032001 0)
(1.07577 0.0309039 0)
(1.08896 0.0297816 0)
(1.10103 0.0286453 0)
(1.11199 0.0275051 0)
(1.1219 0.0263699 0)
(1.1308 0.0252472 0)
(1.13873 0.0241435 0)
(1.14576 0.0230642 0)
(1.15193 0.0220133 0)
(1.15732 0.0209939 0)
(1.16199 0.0200083 0)
(1.16598 0.0190577 0)
(1.16938 0.0181427 0)
(1.17223 0.0172631 0)
(1.17459 0.0164182 0)
(0.694158 0.0357741 -8.91598e-22)
(0.695129 0.0354492 1.59137e-21)
(0.696095 0.035128 -3.48727e-21)
(0.697054 0.0348106 1.97673e-21)
(0.698008 0.0344968 1.32989e-21)
(0.684268 0.0351307 1.80559e-21)
(0.685307 0.0348105 1.89751e-21)
(0.68634 0.0344941 5.34445e-22)
(0.687365 0.0341814 -2.3934e-21)
(0.688384 0.0338723 -1.80898e-21)
(0.674441 0.0344463 -1.7604e-22)
(0.675548 0.0341312 -6.56322e-22)
(0.676648 0.0338198 1.29484e-21)
(0.677741 0.0335121 -4.68227e-22)
(0.678825 0.0332079 -1.53393e-21)
(0.664698 0.0337186 -3.04044e-21)
(0.665874 0.033409 2.0082e-21)
(0.667041 0.033103 2.00566e-21)
(0.668201 0.0328006 -1.35558e-21)
(0.669352 0.0325018 1.93521e-21)
(0.65506 0.0329433 -1.04423e-21)
(0.656305 0.0326397 -4.83622e-21)
(0.65754 0.0323396 1.32171e-21)
(0.658767 0.0320431 3.98783e-21)
(0.659985 0.0317501 -1.66023e-21)
(0.644226 0.0324208 -1.12544e-21)
(0.64555 0.0321201 1.03841e-21)
(0.646863 0.031823 3.3045e-22)
(0.648167 0.0315294 -3.18593e-22)
(0.649461 0.0312393 -2.24497e-21)
(0.650745 0.0309526 4.30247e-21)
(0.634796 0.0315432 -8.20395e-22)
(0.636189 0.0312497 1.5838e-21)
(0.637572 0.0309596 1.06537e-21)
(0.638943 0.030673 9.24274e-22)
(0.640304 0.0303897 -1.33226e-21)
(0.62554 0.0306182 -3.07541e-21)
(0.627002 0.0303323 3.08377e-21)
(0.628452 0.0300497 2.27135e-21)
(0.629891 0.0297705 -4.78822e-21)
(0.631318 0.0294946 1.37583e-21)
(0.616479 0.029646 -1.12963e-21)
(0.618009 0.0293683 2.1097e-21)
(0.619527 0.0290938 -1.38024e-21)
(0.621033 0.0288225 1.19668e-21)
(0.622526 0.0285545 -1.65779e-21)
(0.607637 0.0286274 -1.05636e-21)
(0.609235 0.0283583 2.9072e-21)
(0.610819 0.0280923 1.59465e-21)
(0.61239 0.0278296 -4.11785e-21)
(0.613949 0.0275699 2.64297e-21)
(0.599037 0.027563 -3.33071e-21)
(0.6007 0.027303 -7.15578e-22)
(0.60235 0.0270462 6.17116e-21)
(0.603986 0.0267924 -2.72454e-21)
(0.605609 0.0265417 2.81519e-21)
(0.590701 0.0264538 -3.27853e-21)
(0.592429 0.0262035 2.18021e-21)
(0.594143 0.0259562 -2.06171e-21)
(0.595842 0.0257119 8.9906e-22)
(0.597527 0.0254706 -9.70338e-22)
(0.580845 0.0255438 8.35834e-23)
(0.582652 0.0253008 2.40557e-22)
(0.584443 0.0250608 2.00326e-22)
(0.586219 0.0248236 9.28184e-22)
(0.58798 0.0245893 -1.0759e-21)
(0.589726 0.0243578 -7.02328e-22)
(0.573042 0.0243375 2.22848e-21)
(0.574911 0.0241054 -3.47317e-22)
(0.576763 0.0238761 -1.16149e-21)
(0.5786 0.0236495 7.88219e-22)
(0.58042 0.0234256 -1.81945e-21)
(0.565572 0.0230898 2.47181e-21)
(0.5675 0.0228689 -1.82157e-21)
(0.569412 0.0226508 -4.83388e-22)
(0.571306 0.0224352 1.58283e-21)
(0.573185 0.0222223 -8.17098e-22)
(0.558455 0.0218021 -2.22696e-22)
(0.56044 0.021593 -3.0749e-22)
(0.562408 0.0213865 1.19325e-21)
(0.564359 0.0211825 -6.06762e-22)
(0.566293 0.0209809 4.41571e-22)
(0.551711 0.0204762 -9.07697e-22)
(0.553751 0.0202794 9.02403e-22)
(0.555773 0.0200849 -7.25029e-23)
(0.557778 0.0198929 -7.05949e-22)
(0.559764 0.0197031 5.24252e-22)
(0.545361 0.019114 -1.66335e-21)
(0.547453 0.0189298 3.68946e-22)
(0.549526 0.018748 6.61341e-22)
(0.55158 0.0185683 -1.101e-21)
(0.553617 0.0183908 2.05449e-21)
(0.539422 0.0177175 3.13665e-23)
(0.541562 0.0175465 8.15826e-22)
(0.543684 0.0173775 -1.05725e-22)
(0.545786 0.0172107 -1.41629e-22)
(0.547869 0.0170458 1.19961e-22)
(0.533912 0.016289 -1.36723e-22)
(0.536098 0.0161315 2.47785e-22)
(0.538264 0.0159758 3.49124e-22)
(0.540411 0.0158221 4.85851e-22)
(0.542538 0.0156703 -1.74334e-22)
(0.528848 0.0148307 1.72395e-21)
(0.531076 0.014687 -1.10601e-21)
(0.533284 0.0145451 -4.79026e-22)
(0.535471 0.0144049 1.48011e-22)
(0.537639 0.0142664 1.92708e-21)
(0.521957 0.0134762 1.36383e-21)
(0.524245 0.0133452 -1.60616e-21)
(0.526511 0.0132157 -9.42679e-23)
(0.528757 0.0130878 7.73892e-22)
(0.530982 0.0129614 -4.53075e-22)
(0.533186 0.0128366 4.63959e-22)
(0.517794 0.0119513 -6.73712e-23)
(0.520116 0.0118348 1.65007e-22)
(0.522417 0.0117198 -3.85826e-22)
(0.524697 0.0116062 5.26427e-22)
(0.526956 0.011494 1.58763e-22)
(0.529194 0.0113832 -4.03942e-22)
(0.514123 0.0104039 -5.64094e-22)
(0.516476 0.0103024 -1.03849e-22)
(0.518807 0.0102022 -3.09278e-22)
(0.521117 0.0101032 -4.49949e-23)
(0.523406 0.0100054 8.70282e-23)
(0.525673 0.00990878 3.1266e-22)
(0.510954 0.00883695 -6.82524e-22)
(0.513334 0.00875067 3.51269e-22)
(0.515692 0.00866544 -5.35209e-22)
(0.518028 0.00858126 1.2338e-21)
(0.520342 0.0084981 -1.60838e-22)
(0.522635 0.00841597 -4.13561e-22)
(0.508298 0.00725329 -2.37534e-22)
(0.510701 0.00718241 -3.22439e-23)
(0.513081 0.00711239 1.02819e-21)
(0.515439 0.00704323 -5.04921e-22)
(0.517775 0.00697492 -1.06185e-22)
(0.506164 0.00565585 -1.55338e-23)
(0.508584 0.00560054 3.07187e-22)
(0.510982 0.0055459 -6.57987e-23)
(0.513357 0.00549194 -2.65547e-23)
(0.515711 0.00543863 -6.8319e-23)
(0.504557 0.00404763 -1.15672e-22)
(0.506991 0.00400803 -1.71228e-22)
(0.509402 0.0039689 1.12959e-22)
(0.511791 0.00393026 5.93683e-23)
(0.514158 0.0038921 2.51307e-22)
(0.503483 0.00243168 -2.12217e-23)
(0.505926 0.00240788 1.11832e-22)
(0.508346 0.00238437 -2.46314e-22)
(0.510744 0.00236114 -1.75023e-23)
(0.513119 0.00233821 3.32594e-23)
(0.502945 0.000811077 -2.21514e-23)
(0.505392 0.000803136 -2.72639e-23)
(0.507817 0.000795293 -1.83407e-23)
(0.51022 0.000787545 6.29728e-23)
(0.512599 0.000779893 -4.19698e-23)
)
;

boundaryField
{
    inlet
    {
        type            uniformFixedValue;
        uniformValue    constant (1 0 0);
        value           nonuniform 0();
    }
    outlet
    {
        type            pressureInletOutletVelocity;
        value           nonuniform 0();
    }
    cylinder
    {
        type            fixedValue;
        value           nonuniform 0();
    }
    top
    {
        type            symmetryPlane;
    }
    bottom
    {
        type            symmetryPlane;
    }
    defaultFaces
    {
        type            empty;
    }
    procBoundary44to43
    {
        type            processor;
        value           nonuniform List<vector> 
189
(
(0.500474 -0.000819119 -2.66927e-23)
(0.501017 -0.00245578 1.23606e-22)
(0.5021 -0.00408773 4.03e-23)
(0.503721 -0.00571185 -5.02691e-22)
(0.505874 -0.00732506 -2.16985e-22)
(0.508552 -0.00892431 -2.39825e-22)
(0.511748 -0.0105066 7.3908e-22)
(0.51545 -0.0120691 7.23999e-22)
(0.519649 -0.013609 5.52915e-22)
(0.526599 -0.0149762 -1.07125e-21)
(0.526599 -0.0149762 -1.07125e-21)
(0.531706 -0.0164485 3.98844e-22)
(0.537261 -0.0178906 -2.58296e-21)
(0.54325 -0.0193003 2.25071e-21)
(0.549653 -0.0206754 -6.91581e-25)
(0.556452 -0.0220137 9.382e-22)
(0.563627 -0.0233133 -4.03871e-22)
(0.571157 -0.0245725 -1.53795e-21)
(0.579022 -0.0257897 7.67212e-22)
(0.588958 -0.026707 1.35206e-21)
(0.588958 -0.026707 1.35206e-21)
(0.597359 -0.0278261 -5.55168e-22)
(0.606026 -0.0288998 -3.37963e-21)
(0.614936 -0.0299272 -2.53244e-21)
(0.624066 -0.0309075 -1.56592e-21)
(0.633392 -0.0318403 -3.96535e-21)
(0.644226 -0.0324208 -4.24507e-23)
(0.644226 -0.0324208 -4.24507e-23)
(0.653806 -0.0332505 2.83791e-21)
(0.663513 -0.0340318 3.50084e-21)
(0.673326 -0.034765 4.22572e-21)
(0.683222 -0.0354546 9.67941e-22)
(0.69318 -0.0361028 -1.03512e-21)
(0.710872 -0.0367354 -1.20195e-28)
(0.710872 -0.0367354 -1.20195e-28)
(0.735394 -0.0378359 -1.22322e-29)
(0.760351 -0.0387387 0)
(0.785551 -0.0394249 6.87411e-29)
(0.810807 -0.039898 0)
(0.835939 -0.0401667 -2.69938e-28)
(0.860777 -0.0402401 -1.58576e-28)
(0.885162 -0.0401293 3.39636e-28)
(0.908949 -0.0398466 0)
(0.932006 -0.0394059 2.54032e-28)
(0.954218 -0.0388219 0)
(0.975485 -0.0381101 -2.60217e-28)
(0.995724 -0.0372861 0)
(1.01487 -0.036366 0)
(1.03288 -0.0353654 0)
(1.0497 -0.0342997 2.73106e-28)
(1.06534 -0.0331834 3.78269e-28)
(1.07978 -0.0320305 2.79623e-28)
(1.09304 -0.0308536 -2.82859e-28)
(1.10513 -0.0296645 0)
(1.11609 -0.0284736 0)
(1.12597 -0.0272899 -1.88973e-28)
(1.1348 -0.0261213 -8.20272e-29)
(1.14266 -0.0249744 0)
(1.14958 -0.0238544 0)
(1.15565 -0.0227654 0)
(1.16092 -0.0217105 0)
(1.16546 -0.0206916 3.09731e-28)
(1.16933 -0.0197098 0)
(1.17259 -0.0187655 -3.14879e-28)
(1.17532 -0.0178584 3.17318e-28)
(1.17756 -0.0169875 4.3753e-28)
(1.17936 -0.0161516 0)
(1.1808 -0.0153489 3.2408e-28)
(1.1819 -0.0145776 0)
(1.18272 -0.0138355 -7.49362e-28)
(1.18329 -0.0131206 0)
(1.18365 -0.0124306 0)
(1.18384 -0.0117633 0)
(1.18389 -0.0111166 3.35097e-28)
(1.18381 -0.0104885 4.60731e-28)
(1.18364 -0.00987705 0)
(1.1834 -0.0092804 0)
(1.1831 -0.00869692 0)
(1.18276 -0.00812506 0)
(1.18239 -0.00756342 3.42928e-28)
(1.18201 -0.00701074 4.70761e-28)
(1.18162 -0.00646588 3.44881e-28)
(1.18124 -0.00592781 0)
(1.18087 -0.00539563 4.74291e-28)
(1.18051 -0.00486851 0)
(1.18018 -0.00434572 7.94453e-28)
(1.17987 -0.00382662 0)
(1.1796 -0.00331063 -3.48914e-28)
(1.17936 -0.00279721 0)
(1.17916 -0.00228589 0)
(1.17899 -0.00177625 0)
(1.17887 -0.00126786 3.50161e-28)
(1.17878 -0.000760373 4.7946e-28)
(1.17874 -0.000253402 0)
(1.05048 0.034553 0)
(1.06615 0.0334248 0)
(1.08061 0.0322602 0)
(1.09388 0.0310719 0)
(1.10597 0.0298718 0)
(1.11693 0.0286702 0)
(1.1268 0.0274764 0)
(1.13562 0.0262983 0)
(1.14346 0.0251424 0)
(1.15036 0.024014 0)
(1.15641 0.0229171 0)
(1.16165 0.0218548 0)
(1.16616 0.0208291 0)
(1.17001 0.0198409 0)
(1.17325 0.0188906 0)
(1.17595 0.0179778 0)
(1.17816 0.0171016 0)
(1.17994 0.0162606 0)
(1.18135 0.0154531 0)
(1.18243 0.0146771 0)
(1.18323 0.0139306 0)
(1.18378 0.0132113 0)
(1.18413 0.0125171 0)
(1.18431 0.0118456 0)
(1.18434 0.0111949 0)
(1.18425 0.0105627 0)
(1.18407 0.00994727 0)
(1.18382 0.00934667 0)
(1.18351 0.00875925 0)
(1.18316 0.00818348 0)
(1.18279 0.00761795 0)
(1.1824 0.0070614 0)
(1.18201 0.00651269 0)
(1.18162 0.00597079 0)
(1.18124 0.00543479 0)
(1.18088 0.00490387 0)
(1.18055 0.00437731 0)
(1.18024 0.00385444 0)
(1.17996 0.0033347 0)
(1.17972 0.00281755 0)
(1.17952 0.00230252 0)
(1.17935 0.00178917 0)
(1.17923 0.00127709 0)
(1.17914 0.000765902 0)
(1.1791 0.000255245 0)
(0.710872 0.0367354 0)
(0.710872 0.0367354 0)
(0.735394 0.0378359 -1.22322e-29)
(0.760351 0.0387387 6.80646e-29)
(0.785551 0.0394249 9.23236e-12)
(0.810807 0.039898 9.32892e-12)
(0.835939 0.0401667 -9.42996e-12)
(0.860777 0.0402401 -2.80146e-28)
(0.885162 0.0401293 9.64437e-12)
(0.908949 0.0398466 0)
(0.932006 0.0394059 0)
(0.954218 0.0388219 0)
(0.975485 0.0381101 0)
(0.995724 0.0372861 2.63392e-28)
(1.01487 0.036366 0)
(1.03288 0.0353654 1.74422e-28)
(1.03288 0.0353654 1.74422e-28)
(0.69318 0.0361028 1.05794e-21)
(0.683222 0.0354546 -9.81948e-22)
(0.673326 0.034765 -4.18731e-21)
(0.663513 0.0340318 3.13723e-23)
(0.653806 0.0332505 -2.92063e-21)
(0.653806 0.0332505 -2.92063e-21)
(0.642892 0.032725 9.53436e-22)
(0.633392 0.0318403 3.73224e-21)
(0.624066 0.0309075 1.72855e-21)
(0.614936 0.0299272 2.66262e-21)
(0.606026 0.0288997 3.30089e-21)
(0.597359 0.0278261 6.12839e-22)
(0.588958 0.026707 -1.42196e-21)
(0.588958 0.026707 -1.42196e-21)
(0.579022 0.0257897 -6.59812e-22)
(0.571157 0.0245725 1.41513e-21)
(0.563627 0.0233133 4.48367e-22)
(0.556452 0.0220137 -9.5981e-22)
(0.549653 0.0206754 -1.20437e-22)
(0.54325 0.0193003 -4.01599e-22)
(0.537261 0.0178906 2.35708e-21)
(0.531706 0.0164485 -1.1767e-22)
(0.526599 0.0149762 9.9487e-22)
(0.526599 0.0149762 9.9487e-22)
(0.519649 0.013609 -6.8917e-22)
(0.51545 0.0120691 -6.77777e-22)
(0.511748 0.0105066 -6.55648e-22)
(0.508552 0.0089243 1.92523e-22)
(0.505874 0.00732505 1.39246e-22)
(0.503721 0.00571185 5.33165e-22)
(0.5021 0.00408773 -6.44916e-24)
(0.501017 0.00245578 -1.27158e-22)
(0.500474 0.000819116 1.88669e-23)
)
;
    }
    procBoundary44to45
    {
        type            processor;
        value           nonuniform List<vector> 
189
(
(0.514957 -0.000772339 -1.56103e-24)
(0.515473 -0.00231555 2.07772e-22)
(0.516502 -0.0038544 -2.81348e-22)
(0.518043 -0.00538599 1.07363e-22)
(0.520089 -0.00690745 -3.21427e-22)
(0.520089 -0.00690745 -3.21427e-22)
(0.524907 -0.00833484 -3.04417e-22)
(0.52792 -0.00981337 -3.83343e-22)
(0.531412 -0.0112737 -7.65431e-23)
(0.535371 -0.0127133 2.40728e-22)
(0.539787 -0.0141296 -2.62115e-21)
(0.544646 -0.0155203 -2.80378e-22)
(0.549934 -0.0168829 1.1435e-21)
(0.555635 -0.0182154 -8.15534e-22)
(0.561733 -0.0195157 -1.38112e-21)
(0.568209 -0.0207818 -7.728e-22)
(0.575047 -0.0220119 -3.36253e-22)
(0.582225 -0.0232044 3.18738e-22)
(0.582225 -0.0232044 3.18738e-22)
(0.591457 -0.024129 5.31085e-22)
(0.599198 -0.0252321 9.36351e-22)
(0.607217 -0.0262939 -3.56642e-21)
(0.615494 -0.0273134 1.76556e-21)
(0.624007 -0.0282897 1.16833e-21)
(0.632735 -0.029222 -2.45409e-21)
(0.641654 -0.0301098 7.63952e-22)
(0.641654 -0.0301098 7.63952e-22)
(0.65202 -0.0306692 -5.21271e-21)
(0.661193 -0.0314605 1.79711e-21)
(0.670495 -0.0322064 2.04711e-22)
(0.679903 -0.0329073 2.34337e-21)
(0.689397 -0.0335668 -5.61831e-23)
(0.698956 -0.0341868 -1.97579e-22)
(0.698956 -0.0341868 -1.97579e-22)
(0.715997 -0.0348069 0)
(0.739614 -0.0358736 0)
(0.763672 -0.0367525 0)
(0.787991 -0.0374267 0)
(0.81239 -0.0378996 0)
(0.836698 -0.038179 0)
(0.860754 -0.0382734 0)
(0.884404 -0.0381929 0)
(0.90751 -0.0379491 0)
(0.929944 -0.0375546 0)
(0.951594 -0.0370231 0)
(0.972363 -0.0363689 0)
(0.992169 -0.0356066 0)
(1.01095 -0.0347511 0)
(1.02865 -0.033817 0)
(1.04523 -0.0328186 0)
(1.06068 -0.0317696 0)
(1.07499 -0.0306832 0)
(1.08817 -0.0295714 0)
(1.10023 -0.0284452 0)
(1.11119 -0.0273148 0)
(1.12111 -0.0261888 0)
(1.13002 -0.0250749 0)
(1.13796 -0.0239796 0)
(1.14501 -0.0229081 0)
(1.15121 -0.0218645 0)
(1.15662 -0.0208521 0)
(1.1613 -0.019873 0)
(1.16533 -0.0189284 0)
(1.16875 -0.018019 0)
(1.17162 -0.0171447 0)
(1.17401 -0.0163049 0)
(1.17596 -0.0154985 0)
(1.17752 -0.014724 0)
(1.17875 -0.0139798 0)
(1.17969 -0.013264 0)
(1.18037 -0.0125745 0)
(1.18083 -0.0119095 0)
(1.18111 -0.0112667 0)
(1.18124 -0.0106441 0)
(1.18124 -0.0100399 0)
(1.18114 -0.00945212 0)
(1.18095 -0.00887903 0)
(1.1807 -0.00831898 0)
(1.18041 -0.00777047 0)
(1.18008 -0.00723212 0)
(1.17974 -0.00670266 0)
(1.17938 -0.00618096 0)
(1.17902 -0.005666 0)
(1.17867 -0.00515687 0)
(1.17834 -0.00465273 0)
(1.17802 -0.00415288 0)
(1.17773 -0.00365664 0)
(1.17747 -0.00316345 0)
(1.17724 -0.00267279 0)
(1.17704 -0.00218417 0)
(1.17688 -0.00169718 0)
(1.17676 -0.00121142 0)
(1.17668 -0.000726515 0)
(1.17664 -0.000242118 0)
(1.17652 0.0156069 0)
(1.17806 0.0148278 0)
(1.17927 0.0140792 0)
(1.18018 0.0133591 0)
(1.18085 0.0126655 0)
(1.18129 0.0119963 0)
(1.18156 0.0113495 0)
(1.18167 0.010723 0)
(1.18166 0.0101148 0)
(1.18155 0.00952313 0)
(1.18135 0.00894615 0)
(1.1811 0.00838222 0)
(1.18079 0.00782985 0)
(1.18046 0.00728763 0)
(1.18011 0.00675431 0)
(1.17975 0.00622876 0)
(1.17938 0.00570995 0)
(1.17903 0.00519696 0)
(1.17869 0.00468899 0)
(1.17837 0.00418529 0)
(1.17808 0.00368523 0)
(1.17782 0.00318821 0)
(1.17759 0.00269372 0)
(1.17739 0.00220129 0)
(1.17723 0.00171049 0)
(1.17711 0.00122092 0)
(1.17703 0.000732217 0)
(1.17698 0.000244019 0)
(0.715997 0.0348069 0)
(0.698956 0.0341868 1.92876e-22)
(0.739614 0.0358736 0)
(0.763672 0.0367525 0)
(0.787991 0.0374267 0)
(0.81239 0.0378996 0)
(0.836698 0.038179 0)
(0.860754 0.0382734 0)
(0.884404 0.0381929 0)
(0.90751 0.0379491 0)
(0.929944 0.0375546 0)
(0.951594 0.0370231 0)
(0.972363 0.0363689 0)
(0.992169 0.0356066 0)
(1.01095 0.0347511 0)
(1.02865 0.033817 0)
(1.04523 0.0328186 0)
(1.06068 0.0317696 0)
(1.07499 0.0306832 0)
(1.08817 0.0295714 0)
(1.10023 0.0284452 0)
(1.11119 0.0273148 0)
(1.12111 0.0261888 0)
(1.13002 0.0250749 0)
(1.13796 0.0239796 0)
(1.14501 0.0229081 0)
(1.15121 0.0218645 0)
(1.15662 0.0208521 0)
(1.1613 0.019873 0)
(1.16533 0.0189284 0)
(1.16875 0.018019 0)
(1.17162 0.0171447 0)
(1.17652 0.0156069 0)
(1.17401 0.0163049 0)
(0.698956 0.0341868 1.92876e-22)
(0.689397 0.0335668 9.10426e-23)
(0.679903 0.0329073 -2.42222e-21)
(0.670495 0.0322064 -1.39246e-22)
(0.661193 0.0314605 -1.75155e-21)
(0.65202 0.0306692 5.21035e-21)
(0.641654 0.0301098 -7.12154e-22)
(0.641654 0.0301098 -7.12154e-22)
(0.632735 0.029222 2.50626e-21)
(0.624007 0.0282897 -1.19113e-21)
(0.615494 0.0273134 -1.98474e-21)
(0.607217 0.0262939 3.8324e-21)
(0.599198 0.0252321 -1.09943e-21)
(0.591457 0.024129 1.03499e-21)
(0.582225 0.0232044 -5.09029e-22)
(0.582225 0.0232044 -5.09029e-22)
(0.575047 0.0220119 4.1966e-22)
(0.568209 0.0207818 8.72567e-22)
(0.561733 0.0195157 -2.52652e-22)
(0.555635 0.0182154 8.09652e-22)
(0.549934 0.0168829 -1.13753e-21)
(0.544646 0.0155203 2.43286e-22)
(0.539787 0.0141296 2.62005e-21)
(0.535371 0.0127133 -1.63617e-22)
(0.531412 0.0112737 -1.11566e-23)
(0.52792 0.00981336 4.87445e-22)
(0.524907 0.00833483 -5.27257e-22)
(0.520089 0.00690744 3.16506e-22)
(0.520089 0.00690744 3.16506e-22)
(0.518043 0.00538598 -1.38321e-22)
(0.516502 0.0038544 3.21479e-22)
(0.515473 0.00231555 -2.1026e-22)
(0.514957 0.000772335 -2.09548e-25)
)
;
    }
}


// ************************************************************************* //
