/*--------------------------------*- C++ -*----------------------------------*\
  =========                 |
  \\      /  F ield         | OpenFOAM: The Open Source CFD Toolbox
   \\    /   O peration     | Website:  https://openfoam.org
    \\  /    A nd           | Version:  7
     \\/     M anipulation  |
\*---------------------------------------------------------------------------*/
FoamFile
{
    version     2.0;
    format      ascii;
    class       surfaceScalarField;
    location    "50";
    object      phi;
}
// * * * * * * * * * * * * * * * * * * * * * * * * * * * * * * * * * * * * * //

dimensions      [0 3 -1 0 0 0 0];

internalField   nonuniform List<scalar> 
1657
(
0.000318969
-1.48284e-05
-1.21635e-11
0.000333731
-1.47624e-05
-1.32958e-11
0.000348421
-1.46897e-05
-1.44405e-11
0.000363032
-1.46108e-05
-1.55868e-11
-1.45264e-05
-1.67233e-11
0.000321808
-2.96178e-05
0.000336532
-2.94861e-05
0.000351183
-2.93409e-05
0.000365756
-2.91834e-05
-2.90149e-05
0.000327466
-4.43294e-05
0.000342112
-4.41324e-05
0.000356686
-4.39153e-05
0.000371183
-4.36798e-05
-4.34278e-05
0.000335899
-5.89248e-05
0.00035043
-5.86632e-05
0.000364889
-5.83749e-05
0.000379272
-5.80624e-05
-5.7728e-05
0.000347045
-7.33661e-05
0.000361423
-7.30409e-05
0.00037573
-7.26826e-05
0.000389962
-7.22943e-05
0.000404113
-7.18788e-05
-7.14388e-05
0.00036082
-8.76161e-05
0.000375008
-8.72286e-05
0.000389127
-8.68017e-05
0.000403172
-8.63392e-05
0.000417138
-8.58444e-05
-8.53203e-05
0.000377122
0.000391084
-0.00010119
0.000404979
-0.000100697
0.000418802
-0.000100162
0.000432548
-9.95899e-05
-9.89841e-05
0.000409531
-0.000114892
0.000423167
-0.000114333
0.000436734
-0.000113729
0.000450226
-0.000113082
-0.000112397
0.000430209
-0.000128299
0.000443555
-0.000127679
0.000456833
-0.000127007
0.000470039
-0.000126288
-0.000125527
0.000452965
-0.00014138
0.000465988
-0.000140701
0.000478946
-0.000139965
0.000491836
-0.000139178
-0.000138345
0.000477629
-0.000154106
0.000490298
-0.000153371
0.000502908
-0.000152575
0.000515453
-0.000151723
-0.000150822
0.000504016
-0.000166447
0.000516305
-0.00016566
0.000528538
-0.000164808
0.000540711
-0.000163896
-0.000162931
0.000531929
0.000543812
-0.000177543
0.000555644
-0.00017664
0.00056742
-0.000175673
0.000579138
-0.000174649
-0.000173572
0.000572615
-0.000188996
0.000584022
-0.000188047
0.000595379
-0.00018703
0.000606684
-0.000185953
-0.00018482
0.000602498
-0.000199998
0.00061346
-0.000199009
0.000624378
-0.000197949
0.00063525
-0.000196824
-0.000195641
0.000633239
-0.00021053
0.000643738
-0.000209508
0.000654199
-0.00020841
0.000664621
-0.000207245
-0.000206019
0.000664609
-0.000220577
0.000674629
-0.000219527
0.000684619
-0.0002184
0.000694576
-0.000217202
-0.00021594
0.000696375
0.000705903
-0.000229056
0.00071541
-0.000227907
0.000724891
-0.000226684
0.000734344
-0.000225392
-0.000224039
0.000737328
-0.000238083
0.000746341
-0.000236921
0.000755338
-0.00023568
0.000764314
-0.000234369
-0.000232993
0.000768668
-0.000246603
0.000777182
-0.000245435
0.000785689
-0.000244187
0.000794184
-0.000242864
-0.000241473
0.000799691
0.000807703
-0.000253447
0.000815716
-0.0002522
0.000823727
-0.000250875
-0.000249479
0.000837674
-0.000260956
0.000845195
-0.00025972
0.000852723
-0.000258403
0.000860255
-0.000257012
-0.000255552
0.000866874
-0.000267966
0.000873905
-0.000266751
0.000880953
-0.000265452
0.000888016
-0.000264075
-0.000262626
0.000895083
-0.000274481
0.00090163
-0.000273298
0.000908206
-0.000272027
0.000914806
-0.000270675
-0.000269246
0.000922089
0.000928163
-0.000279372
0.000934275
-0.000278139
0.000940422
-0.000276822
0.0009466
-0.000275424
-0.000273954
0.000953304
-0.000284983
0.000958965
-0.0002838
0.000964672
-0.000282528
0.00097042
-0.000281172
-0.00027974
0.000976865
0.00098209
-0.000289026
0.000987371
-0.00028781
0.000992705
-0.000286506
-0.00028512
0.00100346
-0.000293833
0.00100833
-0.000292684
0.00101327
-0.000291442
0.00101826
-0.000290115
-0.000288708
0.00102289
-0.000298243
0.00102737
-0.000297172
0.00103193
-0.000296003
0.00103656
-0.000294744
-0.0002934
0.00104033
-0.000302276
0.00104445
-0.000301294
0.00104866
-0.000300208
0.00105294
-0.000299027
-0.000297756
0.00340848
-0.000305686
0.00341206
-0.000304874
0.0034158
-0.00030395
0.0034197
-0.000302924
0.00342374
-0.0003018
-0.000300586
0.00368175
-0.000306362
0.00368265
-0.000305767
0.00368375
-0.000305053
0.00368505
-0.000304226
0.00368655
-0.000303294
-0.000302264
0.00395655
-0.000304328
0.00395478
-0.000303997
0.00395327
-0.000303537
0.00395199
-0.000302955
0.00395096
-0.000302258
-0.000301452
0.00422944
-0.00029968
0.0042251
-0.000299658
0.00422105
-0.000299494
0.00421729
-0.000299196
0.00421381
-0.000298773
-0.000298231
0.00449714
-0.000292586
0.00449039
-0.000292907
0.00448398
-0.000293075
0.00447788
-0.000293097
0.00447209
-0.000292982
-0.000292737
0.00475664
-0.000283272
0.0047477
-0.000283965
0.00473911
-0.000284492
0.00473088
-0.000284861
0.00472298
-0.000285081
-0.00028516
0.0050052
-0.000272015
0.00499433
-0.000273097
0.00498384
-0.000274001
0.00497371
-0.000274735
0.00496394
-0.000275309
-0.00027573
0.00524046
-0.000259131
0.00522797
-0.000260609
0.00521587
-0.000261897
0.00520414
-0.000263005
0.00519277
-0.000263941
-0.000264714
0.00546051
-0.000244957
0.00544672
-0.000246827
0.00543332
-0.000248497
0.0054203
-0.000249977
0.00540763
-0.000251275
-0.000252399
0.00566387
0.00564913
-0.000232089
0.00563476
-0.000234128
0.00562075
-0.000235968
0.0056071
-0.000237618
-0.000239087
0.0058342
-0.000216725
0.00581919
-0.000219112
0.00580451
-0.000221293
0.00579017
-0.000223277
-0.000225073
0.00600139
-0.000201051
0.00598604
-0.000203757
0.005971
-0.000206252
0.00595626
-0.000208545
-0.000210646
0.00615059
-0.000185353
0.00613518
-0.000188344
0.00612005
-0.000191121
0.00610519
-0.000193693
-0.00019607
0.00628207
-0.000169884
0.00626685
-0.000173121
0.00625187
-0.000176145
0.00623714
-0.000178963
-0.000181583
0.00639644
-0.000154854
0.00638162
-0.0001583
0.006367
-0.000161532
0.0063526
-0.000164559
-0.000167389
0.00649458
-0.000140436
0.00648033
-0.000144049
0.00646625
-0.000147453
0.00645234
-0.000150653
-0.000153658
0.00657758
-0.000126756
0.00656403
-0.0001305
0.00655062
-0.000134038
0.00653734
-0.000137376
-0.000140521
0.00664669
-0.000113905
0.00663393
-0.000117744
0.00662127
-0.000121381
0.00660872
-0.000124824
-0.000128077
0.00670321
-0.000101936
0.0066913
-0.000105837
0.00667946
-0.000109543
0.0066677
-0.000113058
-0.00011639
0.00674851
-9.08732e-05
0.00673748
-9.48075e-05
0.00672649
-9.85523e-05
0.00671554
-0.000102113
-0.000105495
0.00678392
-8.07139e-05
0.00677377
-8.4656e-05
0.00676363
-8.84152e-05
0.00675351
-9.19965e-05
-9.5405e-05
0.00681074
-7.14362e-05
0.00680145
-7.53643e-05
0.00679215
-7.91164e-05
0.00678285
-8.26971e-05
-8.6111e-05
0.00683018
-6.30028e-05
0.00682172
-6.68987e-05
0.00681323
-7.06255e-05
0.00680472
-7.41875e-05
-7.75888e-05
0.00684337
-5.53663e-05
0.00683569
-5.92148e-05
0.00682796
-6.29012e-05
0.0068202
-6.64292e-05
-6.98029e-05
0.00685132
-4.84726e-05
0.00684437
-5.22614e-05
0.00683736
-5.58949e-05
0.00683031
-5.93766e-05
-6.271e-05
0.00685493
-4.22647e-05
0.00684866
-4.59839e-05
0.00684232
-4.95545e-05
0.00683592
-5.29795e-05
-5.62624e-05
0.00685501
-3.66852e-05
0.00684935
-4.03268e-05
0.00684362
-4.38262e-05
0.00683783
-4.71864e-05
-5.04103e-05
0.00685223
-3.1678e-05
0.00684714
-3.52357e-05
0.00684197
-3.86575e-05
0.00683673
-4.1946e-05
-4.51042e-05
0.00684719
-2.719e-05
0.00684261
-3.06587e-05
0.00683795
-3.39976e-05
0.00683321
-3.72092e-05
-4.0296e-05
0.00684038
-2.31719e-05
0.00683626
-2.65476e-05
0.00683207
-2.97993e-05
0.00682779
-3.29295e-05
-3.59405e-05
0.00683222
-1.95784e-05
0.00682853
-2.28578e-05
0.00682475
-2.60191e-05
0.00682088
-2.90643e-05
-3.19956e-05
0.00682306
-1.6369e-05
0.00681975
-1.95494e-05
0.00681635
-2.26172e-05
0.00681286
-2.55744e-05
-2.8423e-05
0.00681319
-1.3507e-05
0.00681022
-1.65861e-05
0.00680716
-1.95582e-05
0.00680402
-2.24248e-05
-2.51879e-05
0.00680283
-1.096e-05
0.00680018
-1.3936e-05
0.00679744
-1.68101e-05
0.0067946
-1.9584e-05
-2.22593e-05
0.00679219
-8.69941e-06
0.00678983
-1.15705e-05
0.00678736
-1.4345e-05
0.0067848
-1.70242e-05
-1.96095e-05
0.00678142
-6.6998e-06
0.00677931
-9.46457e-06
0.00677711
-1.21377e-05
0.0067748
-1.47203e-05
-1.7214e-05
0.00677064
-4.9387e-06
0.00676877
-7.59575e-06
0.0067668
-1.0166e-05
0.00676473
-1.26506e-05
-1.50508e-05
0.00675995
-3.39617e-06
0.0067583
-5.94427e-06
0.00675655
-8.41034e-06
0.00675469
-1.07954e-05
-1.31005e-05
0.00674945
-2.05443e-06
0.006748
-4.49246e-06
0.00674644
-6.85309e-06
0.00674478
-9.13724e-06
-1.13459e-05
0.00673918
-8.97511e-07
0.00673792
-3.22442e-06
0.00673654
-5.47847e-06
0.00673506
-7.66047e-06
-9.77129e-06
0.00672922
8.90362e-08
0.00672812
-2.12583e-06
0.00672691
-4.27224e-06
0.0067256
-6.35092e-06
-8.36266e-06
0.00671959
9.18372e-07
0.00671865
-1.18359e-06
0.0067176
-3.22141e-06
0.00671645
-5.19572e-06
-7.10722e-06
0.00671035
1.6026e-06
0.00670955
-3.85698e-07
0.00670865
-2.31405e-06
0.00670763
-4.18302e-06
-5.99322e-06
0.00670152
2.15292e-06
0.00670085
2.78982e-07
0.00670008
-1.53911e-06
0.0066992
-3.30186e-06
-5.00979e-06
0.00669311
2.57983e-06
0.00669257
8.20843e-07
0.00669192
-8.86294e-07
0.00669116
-2.54202e-06
-4.1468e-06
0.00668517
2.89315e-06
0.00668474
1.24966e-06
0.0066842
-3.45886e-07
0.00668355
-1.89387e-06
-3.39471e-06
0.00667769
3.10225e-06
0.00667737
1.57471e-06
0.00667693
9.12982e-08
0.00667639
-1.34832e-06
-2.7445e-06
0.00667071
3.21599e-06
0.00667048
1.80481e-06
0.00667013
4.3402e-07
0.00666968
-8.96662e-07
-2.18755e-06
0.00666422
3.24291e-06
0.00666407
1.94842e-06
0.00666382
6.90675e-07
0.00666345
-5.30579e-07
-1.71561e-06
0.00665824
3.19121e-06
0.00665817
2.0137e-06
0.00665799
8.69354e-07
0.00665771
-2.42044e-07
-1.32073e-06
0.00665278
3.06881e-06
0.00665278
2.00852e-06
0.00665268
9.77883e-07
0.00665246
-2.32883e-08
-9.95191e-07
0.00664785
2.88341e-06
0.00664791
1.94054e-06
0.00664787
1.02386e-06
0.00664771
1.33235e-07
-7.31517e-07
0.00664345
2.64249e-06
0.00664357
1.8172e-06
0.00664358
1.01471e-06
0.00664348
2.34887e-07
-5.22401e-07
0.00663959
2.35338e-06
0.00663976
1.6458e-06
0.00663982
9.57657e-07
0.00663976
2.88866e-07
-3.60694e-07
0.00663627
2.02324e-06
0.00663648
1.43346e-06
0.00663658
8.59814e-07
0.00663657
3.02232e-07
-2.3938e-07
0.0066335
1.6591e-06
0.00663375
1.1872e-06
0.00663388
7.28159e-07
0.0066339
2.81932e-07
-1.51559e-07
0.00663128
1.2679e-06
0.00663156
9.13924e-07
0.00663171
5.69577e-07
0.00663176
2.34813e-07
-9.04193e-08
0.00662962
8.56467e-07
0.00662991
6.20464e-07
0.00663009
3.90868e-07
0.00663016
1.67649e-07
-4.92268e-08
0.0066285
4.3159e-07
0.00662881
3.13582e-07
0.006629
1.98775e-07
0.00662908
8.71525e-08
-2.13007e-08
0.00662795
0.00662826
0.00662846
0.00662855
-0.000305686
0.00340848
0.000302276
-0.000306362
0.00368175
-0.000304328
0.00395655
-0.00029968
0.00422944
-0.000292586
0.00449714
-0.000283272
0.00475664
-0.000272015
0.0050052
-0.000259131
0.00524046
-0.000244957
0.00546051
-0.000229841
0.00566387
-0.000214123
0.00584957
-0.000198126
0.00601707
-0.000182141
0.00616629
-0.000166424
0.00629754
-0.000151188
0.00641147
-0.000136604
0.006509
-0.000122798
0.00659126
-0.000109858
0.00665954
-9.78332e-05
0.00671518
-8.67439e-05
0.00675957
-7.65839e-05
0.00679408
-6.73274e-05
0.00682002
-5.89336e-05
0.00683862
-5.13516e-05
0.00685101
-4.45247e-05
0.00685821
-3.83935e-05
0.00686114
-3.28983e-05
0.00686059
-2.79816e-05
0.00685724
-2.3589e-05
0.00685167
-1.96701e-05
0.00684439
-1.61789e-05
0.00683581
-1.30742e-05
0.00682627
-1.0319e-05
0.00681605
-7.88068e-06
0.00680538
-5.73024e-06
0.00679445
-3.84213e-06
0.00678342
-2.19376e-06
0.0067724
-7.65065e-07
0.0067615
4.61843e-07
0.00675079
1.50303e-06
0.00674034
2.37302e-06
0.0067302
3.08506e-06
0.00672042
3.65135e-06
0.00671104
4.08315e-06
0.00670207
4.39104e-06
0.00669354
4.58491e-06
0.00668548
4.67418e-06
0.0066779
4.6678e-06
0.00667082
4.57433e-06
0.00666424
4.40203e-06
0.00665819
4.15887e-06
0.00665266
3.85258e-06
0.00664766
3.49067e-06
0.00664321
3.08049e-06
0.0066393
2.62923e-06
0.00663594
2.14393e-06
0.00663314
1.63153e-06
0.00663089
1.0989e-06
0.0066292
5.52807e-07
0.00662808
0.00662752
-0.000304874
0.00341206
0.000301294
-0.000305767
0.00368265
-0.000303997
0.00395478
-0.000299658
0.0042251
-0.000292907
0.00449039
-0.000283965
0.0047477
-0.000273097
0.00499433
-0.000260609
0.00522797
-0.000246827
0.00544672
-0.000232089
0.00564913
-0.000216725
0.0058342
-0.000201051
0.00600139
-0.000185353
0.00615059
-0.000169884
0.00628207
-0.000154854
0.00639644
-0.000140436
0.00649458
-0.000126756
0.00657758
-0.000113905
0.00664669
-0.000101936
0.00670321
-9.08732e-05
0.00674851
-8.0714e-05
0.00678392
-7.14362e-05
0.00681074
-6.30028e-05
0.00683018
-5.53663e-05
0.00684337
-4.84726e-05
0.00685132
-4.22647e-05
0.00685493
-3.66852e-05
0.00685501
-3.1678e-05
0.00685223
-2.719e-05
0.00684719
-2.31719e-05
0.00684038
-1.95785e-05
0.00683222
-1.6369e-05
0.00682306
-1.3507e-05
0.00681319
-1.096e-05
0.00680283
-8.69942e-06
0.00679219
-6.6998e-06
0.00678142
-4.9387e-06
0.00677064
-3.39618e-06
0.00675995
-2.05444e-06
0.00674945
-8.97514e-07
0.00673918
8.90333e-08
0.00672922
9.18369e-07
0.00671959
1.60259e-06
0.00671035
2.15292e-06
0.00670152
2.57982e-06
0.00669311
2.89315e-06
0.00668517
3.10224e-06
0.00667769
3.21599e-06
0.00667071
3.24291e-06
0.00666422
3.1912e-06
0.00665824
3.06881e-06
0.00665278
2.8834e-06
0.00664785
2.64249e-06
0.00664345
2.35338e-06
0.00663959
2.02324e-06
0.00663627
1.6591e-06
0.0066335
1.2679e-06
0.00663128
8.56467e-07
0.00662962
4.3159e-07
0.0066285
0.00662795
-0.00030395
0.0034158
0.000300208
-0.000305053
0.00368375
-0.000303537
0.00395327
-0.000299494
0.00422105
-0.000293075
0.00448398
-0.000284492
0.00473911
-0.000274001
0.00498384
-0.000261897
0.00521587
-0.000248497
0.00543332
-0.000234128
0.00563476
-0.000219112
0.00581919
-0.000203757
0.00598604
-0.000188344
0.00613518
-0.000173121
0.00626685
-0.0001583
0.00638162
-0.000144049
0.00648033
-0.0001305
0.00656403
-0.000117744
0.00663393
-0.000105837
0.0066913
-9.48075e-05
0.00673748
-8.4656e-05
0.00677377
-7.53643e-05
0.00680145
-6.68987e-05
0.00682172
-5.92148e-05
0.00683569
-5.22615e-05
0.00684437
-4.5984e-05
0.00684866
-4.03268e-05
0.00684935
-3.52357e-05
0.00684714
-3.06587e-05
0.00684261
-2.65476e-05
0.00683626
-2.28578e-05
0.00682853
-1.95494e-05
0.00681975
-1.65861e-05
0.00681022
-1.3936e-05
0.00680018
-1.15705e-05
0.00678983
-9.46457e-06
0.00677931
-7.59575e-06
0.00676877
-5.94428e-06
0.0067583
-4.49246e-06
0.006748
-3.22443e-06
0.00673792
-2.12583e-06
0.00672812
-1.18359e-06
0.00671865
-3.857e-07
0.00670955
2.78979e-07
0.00670085
8.20841e-07
0.00669257
1.24966e-06
0.00668474
1.57471e-06
0.00667737
1.80481e-06
0.00667048
1.94842e-06
0.00666407
2.0137e-06
0.00665817
2.00852e-06
0.00665278
1.94054e-06
0.00664791
1.8172e-06
0.00664357
1.6458e-06
0.00663976
1.43346e-06
0.00663648
1.1872e-06
0.00663375
9.13923e-07
0.00663156
6.20464e-07
0.00662991
3.13582e-07
0.00662881
0.00662826
-0.000302924
0.0034197
0.000299027
-0.000304226
0.00368505
-0.000302955
0.003952
-0.000299196
0.00421729
-0.000293097
0.00447788
-0.000284861
0.00473088
-0.000274735
0.00497371
-0.000263005
0.00520414
-0.000249977
0.0054203
-0.000235968
0.00562075
-0.000221293
0.00580451
-0.000206252
0.005971
-0.000191121
0.00612005
-0.000176145
0.00625187
-0.000161532
0.006367
-0.000147453
0.00646625
-0.000134038
0.00655062
-0.000121381
0.00662127
-0.000109543
0.00667946
-9.85523e-05
0.00672649
-8.84152e-05
0.00676363
-7.91164e-05
0.00679215
-7.06255e-05
0.00681323
-6.29012e-05
0.00682796
-5.58949e-05
0.00683736
-4.95545e-05
0.00684232
-4.38262e-05
0.00684362
-3.86575e-05
0.00684197
-3.39976e-05
0.00683795
-2.97994e-05
0.00683207
-2.60191e-05
0.00682475
-2.26172e-05
0.00681635
-1.95582e-05
0.00680716
-1.68102e-05
0.00679744
-1.4345e-05
0.00678736
-1.21377e-05
0.00677711
-1.0166e-05
0.0067668
-8.41034e-06
0.00675655
-6.85309e-06
0.00674644
-5.47847e-06
0.00673654
-4.27224e-06
0.00672691
-3.22141e-06
0.0067176
-2.31405e-06
0.00670865
-1.53912e-06
0.00670008
-8.86296e-07
0.00669192
-3.45888e-07
0.0066842
9.12966e-08
0.00667693
4.34018e-07
0.00667013
6.90674e-07
0.00666382
8.69353e-07
0.00665799
9.77882e-07
0.00665268
1.02386e-06
0.00664787
1.01471e-06
0.00664358
9.57657e-07
0.00663982
8.59813e-07
0.00663658
7.28159e-07
0.00663388
5.69576e-07
0.00663171
3.90867e-07
0.00663009
1.98775e-07
0.006629
0.00662846
-0.0003018
0.00342374
0.000297756
-0.000303294
0.00368655
-0.000302258
0.00395096
-0.000298773
0.00421381
-0.000292982
0.00447209
-0.000285081
0.00472298
-0.000275309
-0.000263941
-0.000251275
-0.000237618
-0.000223277
-0.000208545
-0.000193693
-0.000178963
-0.000164559
-0.000150653
-0.000137376
-0.000124824
-0.000113058
-0.000102113
-9.19965e-05
-8.26971e-05
-7.41875e-05
-6.64292e-05
-5.93766e-05
-5.29795e-05
-4.71864e-05
-4.1946e-05
-3.72092e-05
-3.29296e-05
-2.90643e-05
-2.55744e-05
-2.24248e-05
-1.9584e-05
-1.70242e-05
-1.47204e-05
-1.26506e-05
-1.07954e-05
-9.13725e-06
-7.66047e-06
-6.35093e-06
-5.19572e-06
-4.18302e-06
-3.30186e-06
-2.54202e-06
-1.89388e-06
-1.34832e-06
-8.96663e-07
-5.3058e-07
-2.42045e-07
-2.32893e-08
1.33234e-07
2.34886e-07
2.88865e-07
3.02232e-07
2.81931e-07
2.34813e-07
1.67649e-07
8.71523e-08
-0.000300586
-0.000302264
-0.000301452
-0.000298231
-0.000292738
0.00104033
0.000298243
0.00104445
0.000297172
0.00104866
0.000296003
0.00105294
0.000294744
0.0002934
0.00102289
0.000293833
0.00102737
0.000292684
0.00103193
0.000291442
0.00103656
0.000290115
0.000288708
0.00100346
0.000289026
0.00100833
0.00028781
0.00101327
0.000286506
0.00101826
0.00028512
0.000976865
0.000284983
0.00098209
0.0002838
0.000987371
0.000282528
0.000992705
0.000281172
0.00027974
0.000953304
0.000279372
0.000958965
0.000278139
0.000964672
0.000276822
0.00097042
0.000275424
0.000273954
0.000922089
0.000274481
0.000928163
0.000273298
0.000934275
0.000272027
0.000940422
0.000270675
0.0009466
0.000269246
0.000895083
0.000267966
0.00090163
0.000266751
0.000908206
0.000265452
0.000914806
0.000264075
0.000262626
0.000866874
0.000260956
0.000873905
0.00025972
0.000880953
0.000258403
0.000888016
0.000257012
0.000255552
0.000837674
0.000253447
0.000845195
0.0002522
0.000852723
0.000250875
0.000860255
0.000249479
0.000799691
0.000246603
0.000807703
0.000245435
0.000815716
0.000244187
0.000823727
0.000242864
0.000241473
0.000768668
0.000238083
0.000777182
0.000236921
0.000785689
0.00023568
0.000794184
0.000234369
0.000232993
0.000737328
0.000229056
0.000746341
0.000227907
0.000755338
0.000226684
0.000764314
0.000225392
0.000224039
0.000696375
0.000220577
0.000705903
0.000219527
0.00071541
0.000218401
0.000724891
0.000217203
0.000734344
0.00021594
0.000664609
0.00021053
0.000674629
0.000209508
0.000684619
0.00020841
0.000694576
0.000207246
0.000206019
0.000633239
0.000199998
0.000643738
0.000199009
0.000654199
0.000197949
0.000664621
0.000196824
0.000195641
0.000602498
0.000188996
0.00061346
0.000188047
0.000624378
0.00018703
0.00063525
0.000185953
0.00018482
0.000572615
0.000177543
0.000584022
0.00017664
0.000595379
0.000175673
0.000606684
0.000174649
0.000173572
0.000531929
0.000166447
0.000543812
0.00016566
0.000555644
0.000164808
0.00056742
0.000163896
0.000579138
0.000162931
0.000504016
0.000154106
0.000516305
0.000153371
0.000528538
0.000152575
0.000540711
0.000151723
0.000150822
0.000477629
0.00014138
0.000490298
0.000140701
0.000502908
0.000139965
0.000515453
0.000139178
0.000138345
0.000452965
0.000128299
0.000465988
0.000127679
0.000478946
0.000127007
0.000491836
0.000126288
0.000125527
0.000430209
0.000114892
0.000443555
0.000114333
0.000456833
0.000113729
0.000470039
0.000113082
0.000112397
0.000409531
0.00010119
0.000423167
0.000100697
0.000436734
0.000100162
0.000450226
9.95899e-05
9.89842e-05
0.000377122
8.76161e-05
0.000391084
8.72286e-05
0.000404979
8.68018e-05
0.000418802
8.63392e-05
0.000432548
8.58444e-05
8.53204e-05
0.00036082
7.33661e-05
0.000375008
7.30409e-05
0.000389127
7.26826e-05
0.000403172
7.22943e-05
0.000417138
7.18788e-05
7.14388e-05
0.000347045
5.89248e-05
0.000361423
5.86633e-05
0.00037573
5.8375e-05
0.000389962
5.80625e-05
0.000404113
5.77281e-05
0.000335899
4.43294e-05
0.00035043
4.41325e-05
0.000364889
4.39153e-05
0.000379272
4.36798e-05
4.34279e-05
0.000327466
2.96178e-05
0.000342112
2.94861e-05
0.000356686
2.93409e-05
0.000371183
2.91834e-05
2.90149e-05
0.000321808
1.48284e-05
0.000336532
1.47625e-05
0.000351183
1.46897e-05
0.000365756
1.46108e-05
1.45264e-05
0.000318969
0.000333731
0.000348421
0.000363032
)
;

boundaryField
{
    inlet
    {
        type            calculated;
        value           nonuniform 0();
    }
    outlet
    {
        type            calculated;
        value           nonuniform 0();
    }
    cylinder
    {
        type            calculated;
        value           nonuniform 0();
    }
    top
    {
        type            symmetryPlane;
        value           uniform 0;
    }
    bottom
    {
        type            symmetryPlane;
        value           uniform 0;
    }
    defaultFaces
    {
        type            empty;
        value           nonuniform 0();
    }
    procBoundary26to25
    {
        type            processor;
        value           nonuniform List<scalar> 
193
(
-0.00030414
-0.000307019
-0.000312754
-0.000321303
-0.000332604
-0.00034657
-0.0003631
-0.000101639
-0.000395829
-0.000416802
-0.000439884
-0.000464903
-0.000491675
-0.000519999
-0.000178377
-0.000561162
-0.000591496
-0.000622707
-0.000654563
-0.000686828
-0.000230124
-0.0007283
-0.000760149
-0.000791683
-0.00025461
-0.000830165
-0.000859864
-0.000888567
-0.000916059
-0.000280511
-0.000947693
-0.0009717
-0.000290147
-0.00099865
-0.00101848
-0.0010363
-0.00340507
-0.00368108
-0.00395859
-0.00423408
-0.00450424
-0.00476595
-0.00501645
-0.00525334
-0.00547468
-0.00567899
-0.000229841
-0.00584957
-0.00601707
-0.00616629
-0.00629754
-0.00641147
-0.006509
-0.00659126
-0.00665954
-0.00671518
-0.00675957
-0.00679408
-0.00682002
-0.00683862
-0.00685101
-0.00685821
-0.00686114
-0.00686059
-0.00685724
-0.00685167
-0.00684439
-0.00683581
-0.00682627
-0.00681605
-0.00680538
-0.00679445
-0.00678342
-0.0067724
-0.0067615
-0.00675079
-0.00674034
-0.0067302
-0.00672042
-0.00671104
-0.00670207
-0.00669354
-0.00668548
-0.0066779
-0.00667082
-0.00666424
-0.00665819
-0.00665266
-0.00664766
-0.00664321
-0.0066393
-0.00663594
-0.00663314
-0.00663089
-0.0066292
-0.00662808
-0.00662752
-0.00340507
-0.00368108
-0.00395859
-0.00423408
-0.00450424
-0.00476595
-0.00501645
-0.00525334
-0.00547468
-0.00567899
-0.00586528
-0.00603306
-0.00618227
-0.00631325
-0.0064267
-0.00652358
-0.00660507
-0.00667248
-0.0067272
-0.00677066
-0.00680424
-0.00682927
-0.00684701
-0.00685859
-0.00686504
-0.00686727
-0.00686608
-0.00686215
-0.00685607
-0.00684831
-0.0068393
-0.00682937
-0.0068188
-0.00680782
-0.00679661
-0.00678531
-0.00677405
-0.00676293
-0.00675202
-0.00674138
-0.00673107
-0.00672114
-0.0067116
-0.0067025
-0.00669385
-0.00668568
-0.00667799
-0.00667081
-0.00666415
-0.00665801
-0.00665241
-0.00664735
-0.00664284
-0.00663889
-0.00663549
-0.00663265
-0.00663038
-0.00662867
-0.00662753
-0.00662696
-0.0010363
-0.00101848
-0.00099865
-0.000290147
-0.0009717
-0.000947693
-0.000280511
-0.000916059
-0.000888567
-0.000859864
-0.000830165
-0.00025461
-0.000791683
-0.000760149
-0.0007283
-0.000230124
-0.000686828
-0.000654563
-0.000622707
-0.000591496
-0.000561162
-0.000178377
-0.000519999
-0.000491675
-0.000464903
-0.000439884
-0.000416802
-0.00039583
-0.000101639
-0.0003631
-0.00034657
-0.000332604
-0.000321303
-0.000312754
-0.000307019
-0.00030414
)
;
    }
    procBoundary26to27
    {
        type            processor;
        value           nonuniform List<scalar> 
195
(
0.000377558
0.000380244
0.000385596
0.000393572
5.73738e-05
0.000418178
0.000431019
0.000446212
0.000463639
0.000483169
0.000504654
0.00052793
0.00055282
0.000161916
0.000590794
0.000617932
0.000646071
0.000674999
0.000704497
0.000214618
0.000743765
0.000773268
0.000802664
0.000831733
0.000248018
0.000867789
0.00089509
0.000921426
0.000267749
0.000952805
0.000976205
0.000998085
0.00028366
0.00102331
0.00104126
0.0010573
0.000296401
0.00342793
0.00368822
0.00395015
0.00421059
0.00446659
0.0047154
0.00495451
0.00518175
0.00539532
0.00559378
0.00577616
0.00594184
0.00609062
0.00622265
0.00633841
0.00643861
0.0065242
0.00659628
0.00665601
0.00670465
0.00674342
0.00677355
0.00679619
0.00681242
0.00682322
0.00682947
0.00683198
0.00683142
0.0068284
0.00682343
0.00681694
0.00680929
0.00680078
0.00679167
0.00678215
0.00677241
0.00676257
0.00675274
0.00674303
0.00673349
0.00672419
0.00671519
0.00670652
0.00669821
0.0066903
0.0066828
0.00667574
0.00666912
0.00666298
0.00665731
0.00665213
0.00664745
0.00664327
0.0066396
0.00663645
0.00663381
0.0066317
0.00663011
0.00662906
0.00662853
0.00496394
0.00519277
0.00540763
0.0056071
0.00579017
0.00595626
0.00610519
0.00623714
0.0063526
0.00645234
0.00653734
0.00660872
0.0066677
0.00671554
0.00675351
0.00678285
0.00680472
0.0068202
0.00683031
0.00683592
0.00683783
0.00683673
0.00683321
0.00682779
0.00682088
0.00681286
0.00680402
0.0067946
0.0067848
0.0067748
0.00676473
0.00675469
0.00674478
0.00673506
0.0067256
0.00671645
0.00670763
0.0066992
0.00669116
0.00668355
0.00667639
0.00666968
0.00666345
0.00665771
0.00665246
0.00664771
0.00664348
0.00663976
0.00663657
0.0066339
0.00663176
0.00663016
0.00662908
0.00662855
0.00342793
0.000296401
0.00368822
0.00395015
0.00421059
0.00446659
-0.00028516
0.0047154
0.0010573
0.00104126
0.00102331
0.00028366
0.000998085
0.000976205
0.000952805
0.000267749
0.000921426
0.00089509
0.000867789
0.000248018
0.000831733
0.000802664
0.000773268
0.000743765
0.000214618
0.000704497
0.000674999
0.000646071
0.000617932
0.000590794
0.000161916
0.00055282
0.00052793
0.000504654
0.000483169
0.000463639
0.000446212
0.000431019
0.000418178
5.73739e-05
0.000393572
0.000385596
0.000380244
0.000377558
)
;
    }
}


// ************************************************************************* //
