/*--------------------------------*- C++ -*----------------------------------*\
  =========                 |
  \\      /  F ield         | OpenFOAM: The Open Source CFD Toolbox
   \\    /   O peration     | Website:  https://openfoam.org
    \\  /    A nd           | Version:  7
     \\/     M anipulation  |
\*---------------------------------------------------------------------------*/
FoamFile
{
    version     2.0;
    format      ascii;
    class       volVectorField;
    location    "30";
    object      U;
}
// * * * * * * * * * * * * * * * * * * * * * * * * * * * * * * * * * * * * * //

dimensions      [0 1 -1 0 0 0 0];

internalField   nonuniform List<vector> 
928
(
(-5.17885e-05 0.000108218 -3.01399e-22)
(-0.000306266 0.000300537 -3.97874e-22)
(-0.000856896 0.000471671 5.63364e-22)
(-0.00166134 0.000622333 -1.93982e-21)
(-6.27368e-05 0.000323577 -1.7521e-21)
(-0.000335409 0.000898551 3.34525e-21)
(-0.000899627 0.00141014 -3.90026e-21)
(-0.00171327 0.00186047 1.30878e-22)
(-8.44405e-05 0.000535716 -1.34781e-21)
(-0.000393149 0.00148741 1.62389e-21)
(-0.000984224 0.00233402 -2.47748e-21)
(-0.00181599 0.00307905 4.94901e-22)
(-0.000116517 0.000742526 -2.39386e-21)
(-0.000478396 0.00206112 1.09647e-20)
(-0.00110896 0.00323377 -1.75786e-20)
(-0.00196719 0.00426528 5.05818e-21)
(-0.000158396 0.000941958 -2.93439e-21)
(-0.000589536 0.00261385 -1.79714e-20)
(-0.00127127 0.00410007 6.09922e-21)
(-0.00216343 0.00540667 7.031e-21)
(-0.000209331 0.00113204 1.49111e-20)
(-0.000724439 0.00313997 1.64719e-21)
(-0.00146778 0.00492397 -4.21895e-21)
(-0.0024002 0.00649118 -2.20427e-20)
(-0.000268402 0.00131091 1.18013e-20)
(-0.000880487 0.00363417 -2.76827e-20)
(-0.00169431 0.00569693 8.96513e-21)
(-0.00267189 0.00750736 1.88859e-20)
(-0.00378187 0.00907234 -8.97525e-22)
(-0.000334529 0.0014768 4.18963e-21)
(-0.00105459 0.00409139 1.02714e-20)
(-0.00194593 0.00641092 -5.72463e-21)
(-0.00297191 0.00844439 -3.7059e-21)
(-0.00410191 0.0101995 -5.61064e-21)
(-0.000406482 0.00162809 1.43107e-20)
(-0.00124324 0.00450699 -2.52325e-20)
(-0.00221703 0.00705846 3.23935e-20)
(-0.00329266 0.00929222 -8.53493e-21)
(-0.00444036 0.0112167 -9.72165e-21)
(-0.000482891 0.00176329 3.99518e-21)
(-0.00144249 0.00487668 -5.76811e-21)
(-0.00250128 0.00763268 1.99179e-20)
(-0.00362564 0.0100416 -3.59058e-20)
(-0.00478667 0.0121124 2.13857e-20)
(-0.000562257 0.00188105 1.12851e-20)
(-0.00164803 0.00519659 -1.56066e-20)
(-0.00279176 0.00812737 1.05105e-20)
(-0.00396147 0.0106841 8.42846e-21)
(-0.00512916 0.0128764 -1.0119e-20)
(-0.00627413 0.0147129 -7.66649e-21)
(-0.000642965 0.00198018 -1.29012e-20)
(-0.0018552 0.00546327 1.99196e-21)
(-0.00308094 0.00853699 -1.07103e-20)
(-0.00428994 0.0112124 2.50046e-20)
(-0.00545512 0.0134994 3.30845e-21)
(-0.00655571 0.0154075 -2.02267e-20)
(-0.000723288 0.00205963 2.77368e-21)
(-0.00205901 0.0056737 6.804e-21)
(-0.00336075 0.0088567 3.27962e-21)
(-0.00460005 0.0116198 -3.13936e-20)
(-0.00575082 0.0139735 5.11436e-20)
(-0.00679215 0.0159276 2.47967e-20)
(-0.007703 0.0174943 -3.07687e-20)
(-0.000801401 0.0021185 1.22077e-20)
(-0.00225415 0.00582529 8.56464e-22)
(-0.00362259 0.00908235 -3.92239e-20)
(-0.00488012 0.0119009 4.95671e-20)
(-0.00600159 0.0142917 -4.73474e-20)
(-0.00696602 0.0162654 -3.4539e-20)
(-0.00775229 0.0178347 8.22425e-20)
(-0.000875385 0.00215605 -4.43809e-21)
(-0.00243504 0.00591589 2.95608e-20)
(-0.0038574 0.0092105 3.81529e-20)
(-0.00511773 0.0120511 -8.03898e-21)
(-0.00619191 0.0144485 -4.991e-20)
(-0.00705878 0.0164143 1.98233e-20)
(-0.0076972 0.0179618 -3.50446e-20)
(-0.00808574 0.0191063 -2.26502e-20)
(-0.000943234 0.00217167 -3.15744e-20)
(-0.00259584 0.00594375 3.17257e-20)
(-0.00405565 0.0092384 4.18815e-20)
(-0.00529985 0.0120667 -1.01711e-19)
(-0.00630538 0.0144396 2.65208e-20)
(-0.00705089 0.0163694 7.49344e-20)
(-0.0075152 0.0178703 3.53922e-21)
(-0.00767705 0.0189584 3.26374e-20)
(-0.00100286 0.00216488 -1.74925e-20)
(-0.00273046 0.00590754 3.0821e-20)
(-0.0042074 0.00916399 -1.01245e-19)
(-0.00541289 0.011945 4.78727e-20)
(-0.00632488 0.0142618 1.74483e-20)
(-0.0069219 0.0161274 6.01905e-21)
(-0.00718268 0.0175567 6.17126e-20)
(-0.00708616 0.0185666 1.1091e-21)
(-0.00661153 0.0191757 -6.28261e-20)
(-0.00283256 0.00580635 -1.98151e-20)
(-0.00430234 0.00898591 -1.11423e-20)
(-0.00544267 0.0116844 -1.68837e-20)
(-0.00623262 0.0139133 -1.10814e-20)
(-0.00665051 0.0156862 -4.7883e-20)
(-0.00667506 0.017019 3.12079e-21)
(-0.00628538 0.0179293 -6.72945e-21)
(-0.00546097 0.0184365 2.77032e-20)
(-0.00432979 0.00870348 2.81415e-20)
(-0.00537458 0.0112843 6.48949e-21)
(-0.00601018 0.0133934 5.69384e-20)
(-0.00621475 0.0150455 -2.44984e-20)
(-0.00596695 0.0162572 -2.77337e-20)
(-0.0052461 0.0170471 1.50166e-20)
(-0.00403202 0.0174351 -1.5808e-20)
(-0.00230505 0.0174431 -1.58289e-20)
(-0.00519359 0.0107447 -5.15673e-21)
(-0.00563868 0.0127028 5.672e-20)
(-0.00559205 0.0142064 -3.04127e-20)
(-0.00503231 0.0152732 -8.33543e-20)
(-0.00393902 0.0159224 3.73754e-20)
(-0.0022923 0.0161748 -1.11849e-20)
(-7.28923e-05 0.016053 -2.75863e-20)
(0.00273776 0.0155813 -4.25762e-20)
(-0.00488438 0.0100671 -2.00093e-20)
(-0.00509888 0.0118434 -1.8998e-20)
(-0.00475945 0.0131717 -1.15917e-20)
(-0.00384469 0.0140705 4.77916e-20)
(-0.00233437 0.0145598 -7.23808e-20)
(-0.000208924 0.0146613 4.96453e-20)
(0.00255048 0.0143983 -9.59893e-21)
(0.0059619 0.0137956 -3.53573e-20)
(-0.0043713 0.0108186 4.48507e-20)
(-0.00369378 0.0119457 3.72202e-20)
(-0.00237743 0.0126546 -3.54585e-20)
(-0.000402222 0.0129661 1.50524e-19)
(0.00225108 0.0129026 -3.38644e-20)
(0.00560091 0.0124883 -7.37259e-20)
(0.00966484 0.0117486 9.90135e-20)
(0.0144595 0.0107104 -1.00115e-19)
(-0.0023719 0.0105343 3.37712e-20)
(-0.000603975 0.0110328 -1.42561e-20)
(0.00188716 0.01115 -4.76136e-21)
(0.00512041 0.0109091 2.69017e-20)
(0.00911385 0.0103349 3.12906e-20)
(0.0138846 0.00945365 -5.79815e-20)
(0.0194486 0.00829298 4.73561e-20)
(0.025821 0.00688184 -4.91279e-20)
(0.00150185 0.00921457 5.7354e-20)
(0.00456296 0.00912254 -7.23739e-20)
(0.00843105 0.00869334 -1.08175e-20)
(0.0131238 0.00795248 4.07656e-20)
(0.018658 0.00692693 1.5639e-20)
(0.025049 0.00564502 -7.42396e-20)
(0.0323112 0.00413632 2.0067e-20)
(0.00765346 0.00689702 -2.12498e-20)
(0.0122138 0.00627048 -4.95473e-20)
(0.0176639 0.00535794 2.9302e-20)
(0.0240201 0.00418707 -1.3627e-20)
(0.0312974 0.0027869 -6.62717e-21)
(0.0395095 0.00118772 -5.24024e-20)
(0.0486688 -0.000578989 1.59324e-20)
(0.0164978 0.00365816 -3.53681e-20)
(0.0227652 0.00257082 -6.39543e-20)
(0.0300037 0.00125541 -4.47153e-20)
(0.038228 -0.000258319 1.06174e-21)
(0.0474512 -0.00193936 -5.20415e-20)
(0.0576851 -0.00375548 3.51764e-21)
(0.0689397 -0.00567329 -2.05945e-20)
(0.0284562 -0.000386567 -3.10667e-20)
(0.0366384 -0.00184383 -1.92551e-20)
(0.0458711 -0.00346476 1.8116e-20)
(0.0561671 -0.0052176 -7.36877e-21)
(0.0675374 -0.00706935 8.91906e-20)
(0.0799916 -0.00898578 -8.50868e-20)
(0.0935369 -0.0109315 -1.42886e-19)
(0.0439501 -0.00508345 1.10602e-19)
(0.0542528 -0.00680347 7.93057e-20)
(0.0656828 -0.00861667 -7.04426e-20)
(0.0782506 -0.0104893 -2.38514e-20)
(0.0919654 -0.0123863 -1.11424e-19)
(0.106834 -0.0142714 1.43937e-19)
(0.12286 -0.0161067 1.19886e-20)
(0.0633943 -0.0102422 5.00255e-20)
(0.0760182 -0.0121029 -2.66694e-20)
(0.0898428 -0.0139808 8.25699e-21)
(0.104877 -0.0158402 6.69658e-20)
(0.121126 -0.0176438 -5.85427e-20)
(0.138595 -0.0193528 5.6512e-20)
(0.157286 -0.0209271 1.27125e-19)
(0.0871873 -0.0156387 2.54654e-20)
(0.102325 -0.0175052 -8.49848e-20)
(0.118732 -0.0193084 -7.56028e-20)
(0.136416 -0.0210105 -2.94885e-20)
(0.155379 -0.0225723 1.52331e-19)
(0.175625 -0.0239523 -1.61942e-19)
(0.197151 -0.025107 -2.64546e-20)
(0.1157 -0.0210194 -2.24271e-20)
(0.13353 -0.0227472 4.52569e-20)
(0.152694 -0.0243283 -1.55848e-22)
(0.173195 -0.0257232 -9.36547e-20)
(0.195035 -0.0268908 -1.30034e-20)
(0.218215 -0.0277873 -2.57424e-20)
(0.242733 -0.0283665 -5.03745e-20)
(0.169942 -0.0275469 -7.12452e-20)
(0.192014 -0.0287561 -6.98472e-20)
(0.215477 -0.0296949 -3.99653e-20)
(0.240331 -0.0303215 1.13799e-19)
(0.266577 -0.0305918 -1.1333e-19)
(0.294218 -0.0304588 -4.84344e-20)
(0.211799 -0.0316125 -2.56042e-20)
(0.236898 -0.0323056 1.78151e-19)
(0.26343 -0.0326506 1.47494e-20)
(0.291395 -0.0326084 1.47759e-19)
(0.320796 -0.032139 2.94483e-20)
(0.351642 -0.0312022 -7.76703e-20)
(0.25924 -0.034653 7.45204e-21)
(0.287436 -0.0347011 5.12305e-20)
(0.31709 -0.0343379 -9.40565e-20)
(0.348199 -0.033533 2.16828e-20)
(0.38077 -0.0322597 -1.17461e-19)
(0.414815 -0.0304974 1.08593e-19)
(0.450372 -0.0282386 3.08453e-20)
(0.312274 -0.0363887 -7.47971e-20)
(0.343569 -0.0356878 1.64163e-19)
(0.376316 -0.0345366 -1.24126e-19)
(0.410509 -0.0329224 -7.5061e-20)
(0.446146 -0.0308431 -8.65935e-21)
(0.483239 -0.0283148 2.66137e-20)
(0.521816 -0.0253858 -1.62181e-19)
(0.405047 -0.0350385 3.74334e-20)
(0.44075 -0.0330616 6.49946e-20)
(0.477832 -0.0306425 3.27535e-21)
(0.516272 -0.0278157 6.57541e-20)
(0.556054 -0.0246489 4.20438e-20)
(0.597163 -0.0212607 -7.39355e-22)
(0.471401 -0.0325553 -6.61075e-20)
(0.509782 -0.0297566 -5.86927e-20)
(0.549393 -0.0265812 3.04647e-20)
(0.590174 -0.0231081 8.91662e-21)
(0.632053 -0.0194597 -1.37877e-19)
(0.674953 -0.0157841 -2.62284e-19)
(0.582539 -0.0244861 -1.37919e-19)
(0.624139 -0.0206325 1.15107e-19)
(0.666599 -0.0166281 -6.71656e-20)
(0.709786 -0.0126068 6.99851e-20)
(0.753551 -0.00871109 2.77817e-19)
(0.797376 -0.00561722 1.9266e-19)
(0.657905 -0.0171362 -3.45737e-20)
(0.700782 -0.0126942 1.89022e-19)
(0.744103 -0.00823318 -2.99391e-19)
(0.787675 -0.00387316 6.99851e-20)
(0.830975 -0.00023559 -5.49635e-20)
(0.873069 0.0016043 -1.73876e-19)
(0.777874 -0.00265953 4.65971e-20)
(0.821137 0.00222676 -1.93329e-19)
(0.863827 0.00645479 2.24133e-19)
(0.905095 0.00907586 1.06092e-19)
(0.89586 0.0143686 -6.05815e-20)
(0.936219 0.017755 -9.09286e-20)
(0.96634 0.0275306 1.43821e-20)
(0.96634 -0.0275306 4.54614e-20)
(0.89586 -0.0143686 -1.33776e-19)
(0.936219 -0.017755 -1.71603e-20)
(0.777873 0.00265952 1.06543e-19)
(0.821137 -0.00222677 1.28707e-20)
(0.863827 -0.0064548 2.1475e-19)
(0.905095 -0.00907587 1.37741e-19)
(0.657905 0.0171362 1.12374e-19)
(0.700782 0.0126942 -2.59097e-19)
(0.744103 0.00823317 -2.49648e-22)
(0.787675 0.00387315 2.6457e-20)
(0.830975 0.00023558 -2.5952e-19)
(0.873069 -0.00160431 -2.17314e-20)
(0.582539 0.0244861 9.79767e-20)
(0.624139 0.0206325 -1.18357e-19)
(0.666599 0.0166281 7.09013e-20)
(0.709786 0.0126068 1.07133e-19)
(0.753551 0.00871108 -4.32258e-20)
(0.797376 0.00561721 -1.22702e-19)
(0.471401 0.0325553 -5.61169e-20)
(0.509782 0.0297566 2.39031e-20)
(0.549393 0.0265812 -4.85442e-20)
(0.590174 0.0231081 -9.9823e-20)
(0.632053 0.0194597 1.90888e-19)
(0.674953 0.0157841 7.73407e-20)
(0.405047 0.0350385 1.33784e-19)
(0.44075 0.0330616 5.07539e-20)
(0.477832 0.0306425 5.15144e-20)
(0.516272 0.0278157 1.00776e-20)
(0.556054 0.0246489 2.1579e-19)
(0.597163 0.0212607 1.40702e-20)
(0.312274 0.0363887 -3.8167e-20)
(0.343569 0.0356878 -1.00545e-19)
(0.376316 0.0345366 4.59018e-20)
(0.410509 0.0329224 -5.78405e-21)
(0.446146 0.0308431 -1.50801e-20)
(0.483239 0.0283148 -1.25615e-19)
(0.521816 0.0253858 -7.9302e-20)
(0.25924 0.034653 -8.2267e-20)
(0.287436 0.0347011 -2.25961e-19)
(0.31709 0.0343379 -5.21632e-20)
(0.348199 0.033533 -1.76553e-20)
(0.38077 0.0322597 1.28064e-19)
(0.414815 0.0304974 -1.73684e-20)
(0.211799 0.0316125 6.40961e-20)
(0.236898 0.0323056 2.99447e-20)
(0.26343 0.0326506 1.49489e-19)
(0.291395 0.0326084 6.99941e-20)
(0.320796 0.032139 3.91401e-20)
(0.351642 0.0312022 6.52227e-20)
(0.169942 0.0275469 5.60787e-20)
(0.192014 0.0287561 4.24526e-20)
(0.215477 0.0296949 -6.89647e-20)
(0.240331 0.0303215 -3.60732e-20)
(0.266577 0.0305918 -6.55633e-20)
(0.294218 0.0304588 -2.33442e-20)
(0.1157 0.0210194 3.769e-20)
(0.13353 0.0227472 -2.21766e-20)
(0.152694 0.0243283 3.09515e-20)
(0.173195 0.0257232 -5.32092e-20)
(0.195035 0.0268908 -1.26462e-19)
(0.218215 0.0277873 -2.48232e-20)
(0.242733 0.0283665 9.41153e-20)
(0.0871873 0.0156387 5.33639e-20)
(0.102325 0.0175052 1.02475e-19)
(0.118732 0.0193084 6.16754e-21)
(0.136416 0.0210105 -1.01373e-19)
(0.155379 0.0225723 -1.02636e-19)
(0.175624 0.0239522 1.09828e-19)
(0.197151 0.025107 2.40759e-20)
(0.0633943 0.0102422 1.19711e-20)
(0.0760182 0.0121029 -5.03746e-20)
(0.0898428 0.0139808 -5.35538e-20)
(0.104877 0.0158401 7.6255e-20)
(0.121126 0.0176437 -1.01408e-19)
(0.138595 0.0193528 -2.84775e-20)
(0.157286 0.0209271 4.0107e-20)
(0.0439501 0.00508344 -8.72356e-21)
(0.0542528 0.00680347 -1.32285e-19)
(0.0656828 0.00861667 4.02686e-20)
(0.0782506 0.0104893 1.67943e-20)
(0.0919654 0.0123863 4.51608e-20)
(0.106834 0.0142714 1.10713e-19)
(0.12286 0.0161067 1.45142e-19)
(0.0284562 0.000386562 2.6504e-20)
(0.0366384 0.00184383 3.90598e-21)
(0.0458711 0.00346475 -1.114e-20)
(0.0561671 0.00521759 2.69012e-20)
(0.0675374 0.00706934 -7.3109e-20)
(0.0799916 0.00898577 1.81006e-20)
(0.0935369 0.0109315 6.30385e-20)
(0.0164978 -0.00365817 6.51722e-20)
(0.0227652 -0.00257082 1.02272e-20)
(0.0300037 -0.00125542 -8.80127e-20)
(0.038228 0.000258312 7.11445e-20)
(0.0474512 0.00193936 1.165e-20)
(0.0576851 0.00375547 5.75663e-21)
(0.0689397 0.00567328 5.6977e-20)
(0.00765345 -0.00689703 3.35586e-20)
(0.0122138 -0.00627049 -1.5567e-20)
(0.0176639 -0.00535794 2.8954e-20)
(0.0240201 -0.00418708 2.7602e-20)
(0.0312974 -0.0027869 -3.69737e-21)
(0.0395095 -0.00118772 8.16283e-20)
(0.0486688 0.00057898 -2.1688e-20)
(0.00150185 -0.00921458 2.08977e-20)
(0.00456296 -0.00912255 2.99061e-20)
(0.00843105 -0.00869334 -4.14227e-20)
(0.0131238 -0.00795249 4.3616e-21)
(0.018658 -0.00692694 -1.08903e-19)
(0.025049 -0.00564502 8.90585e-20)
(0.0323112 -0.00413633 -5.57208e-20)
(-0.0023719 -0.0105343 -6.76632e-20)
(-0.000603978 -0.0110328 -8.39409e-20)
(0.00188715 -0.01115 -9.38319e-21)
(0.00512041 -0.0109091 8.51257e-20)
(0.00911384 -0.0103349 4.98569e-21)
(0.0138846 -0.00945366 7.59791e-20)
(0.0194486 -0.00829299 -9.46715e-20)
(0.025821 -0.00688185 1.04804e-19)
(-0.0043713 -0.0108186 -6.8402e-20)
(-0.00369378 -0.0119457 3.67324e-20)
(-0.00237744 -0.0126546 1.7872e-20)
(-0.000402225 -0.0129661 2.01774e-20)
(0.00225107 -0.0129026 -1.26657e-20)
(0.0056009 -0.0124883 7.35803e-20)
(0.00966483 -0.0117486 -5.33771e-20)
(0.0144595 -0.0107104 5.47342e-20)
(-0.00488438 -0.0100671 -2.49426e-21)
(-0.00509888 -0.0118434 3.42313e-20)
(-0.00475945 -0.0131717 1.61435e-20)
(-0.0038447 -0.0140705 -5.91187e-20)
(-0.00233437 -0.0145598 2.58122e-20)
(-0.000208927 -0.0146613 2.72898e-20)
(0.00255047 -0.0143983 2.95789e-20)
(0.0059619 -0.0137956 -8.17491e-20)
(-0.0051936 -0.0107447 3.99856e-20)
(-0.00563869 -0.0127028 -2.60092e-20)
(-0.00559205 -0.0142064 -2.02533e-20)
(-0.00503232 -0.0152732 3.44785e-20)
(-0.00393902 -0.0159224 -1.56194e-20)
(-0.0022923 -0.0161748 -1.63481e-20)
(-7.28954e-05 -0.016053 -2.00437e-20)
(-0.00432979 -0.00870349 -2.46617e-20)
(-0.00537458 -0.0112843 1.38435e-20)
(-0.00601018 -0.0133934 -4.93599e-20)
(-0.00621475 -0.0150455 3.57771e-20)
(-0.00596695 -0.0162572 7.53796e-20)
(-0.0052461 -0.0170471 -4.93401e-20)
(-0.00403202 -0.0174351 -5.87794e-20)
(-0.00230505 -0.0174432 6.81246e-20)
(-0.00283256 -0.00580635 1.8194e-20)
(-0.00430234 -0.00898591 -5.73881e-21)
(-0.00544267 -0.0116844 -1.03399e-20)
(-0.00623262 -0.0139133 -7.0459e-20)
(-0.00665051 -0.0156862 1.94394e-20)
(-0.00667506 -0.017019 -5.40431e-20)
(-0.00628538 -0.0179293 -4.10587e-20)
(-0.00546097 -0.0184365 -8.19061e-21)
(-0.00100286 -0.00216488 2.15694e-20)
(-0.00273046 -0.00590754 -3.9825e-20)
(-0.0042074 -0.00916399 1.00471e-19)
(-0.00541289 -0.011945 7.93509e-21)
(-0.00632489 -0.0142618 -3.22708e-20)
(-0.0069219 -0.0161274 -1.15753e-20)
(-0.00718268 -0.0175567 1.55516e-20)
(-0.00708616 -0.0185666 1.57278e-20)
(-0.00661153 -0.0191757 9.0552e-20)
(-0.000943234 -0.00217167 3.58311e-20)
(-0.00259584 -0.00594375 -9.91411e-21)
(-0.00405565 -0.0092384 -7.34798e-20)
(-0.00529985 -0.0120667 5.62905e-20)
(-0.00630538 -0.0144396 1.80799e-20)
(-0.00705089 -0.0163694 -2.9006e-20)
(-0.0075152 -0.0178703 3.92634e-21)
(-0.00767705 -0.0189584 5.27558e-21)
(-0.000875385 -0.00215605 5.53013e-21)
(-0.00243504 -0.00591589 -3.67823e-20)
(-0.0038574 -0.0092105 3.8696e-20)
(-0.00511773 -0.0120511 4.28011e-20)
(-0.00619191 -0.0144485 3.14125e-20)
(-0.00705878 -0.0164143 -5.55937e-20)
(-0.0076972 -0.0179618 -1.75278e-20)
(-0.000801401 -0.0021185 -2.67872e-20)
(-0.00225415 -0.00582529 -1.70071e-22)
(-0.0036226 -0.00908235 1.67504e-20)
(-0.00488012 -0.0119009 -6.92058e-20)
(-0.0060016 -0.0142917 -5.521e-21)
(-0.00696602 -0.0162654 5.03039e-20)
(-0.00775229 -0.0178347 -4.37882e-20)
(-0.000723288 -0.00205963 -1.38239e-20)
(-0.00205901 -0.0056737 1.22837e-20)
(-0.00336075 -0.0088567 -8.63025e-22)
(-0.00460006 -0.0116198 1.98105e-20)
(-0.00575082 -0.0139735 3.76585e-20)
(-0.00679216 -0.0159277 -2.28607e-20)
(-0.007703 -0.0174943 8.02982e-21)
(-0.000642965 -0.00198018 1.58791e-20)
(-0.0018552 -0.00546327 -1.9844e-22)
(-0.00308094 -0.00853699 9.0879e-21)
(-0.00428994 -0.0112124 -5.34536e-21)
(-0.00545512 -0.0134994 -2.73378e-20)
(-0.00655571 -0.0154075 1.6514e-20)
(-0.000562257 -0.00188105 -2.15764e-20)
(-0.00164803 -0.00519659 2.64501e-21)
(-0.00279176 -0.00812737 2.3472e-21)
(-0.00396147 -0.0106841 2.29141e-21)
(-0.00512916 -0.0128764 3.46766e-21)
(-0.00627413 -0.0147129 1.2295e-20)
(-0.000482891 -0.00176329 2.69978e-21)
(-0.00144249 -0.00487668 2.2932e-20)
(-0.00250128 -0.00763268 -4.00625e-20)
(-0.00362565 -0.0100416 3.25381e-20)
(-0.00478667 -0.0121124 -3.50486e-20)
(-0.000406482 -0.00162809 -2.88988e-20)
(-0.00124324 -0.00450699 1.40826e-20)
(-0.00221703 -0.00705846 -1.13127e-20)
(-0.00329266 -0.00929222 1.35409e-20)
(-0.00444036 -0.0112167 2.38292e-20)
(-0.000334529 -0.0014768 1.28375e-20)
(-0.00105459 -0.00409139 -7.81307e-21)
(-0.00194593 -0.00641092 -1.75569e-20)
(-0.00297191 -0.0084444 -1.97161e-21)
(-0.00410191 -0.0101995 5.80209e-21)
(-0.000268402 -0.00131091 -1.14236e-20)
(-0.000880487 -0.00363417 3.05604e-20)
(-0.00169431 -0.00569694 1.79219e-21)
(-0.00267189 -0.00750737 8.39708e-21)
(-0.00378187 -0.00907235 -1.60153e-20)
(-0.000209331 -0.00113204 -1.24009e-20)
(-0.00072444 -0.00313998 7.83135e-21)
(-0.00146778 -0.00492397 -7.67176e-21)
(-0.0024002 -0.00649119 1.24587e-21)
(-0.000158396 -0.000941959 -6.40358e-21)
(-0.000589536 -0.00261385 3.22489e-21)
(-0.00127128 -0.00410007 4.39163e-21)
(-0.00216343 -0.00540667 -1.26773e-21)
(-0.000116517 -0.000742526 5.63261e-21)
(-0.000478397 -0.00206112 -4.85478e-21)
(-0.00110896 -0.00323377 5.17855e-21)
(-0.00196719 -0.00426528 -1.64991e-20)
(-8.44406e-05 -0.000535716 1.71743e-21)
(-0.000393149 -0.00148741 -1.47687e-21)
(-0.000984225 -0.00233402 1.05201e-20)
(-0.00181599 -0.00307906 4.06314e-21)
(-6.27368e-05 -0.000323578 1.57878e-21)
(-0.000335409 -0.000898553 -4.9871e-21)
(-0.000899627 -0.00141014 -1.59437e-21)
(-0.00171327 -0.00186047 3.00937e-21)
(-5.17885e-05 -0.000108219 -1.0062e-21)
(-0.000306266 -0.000300539 1.3406e-21)
(-0.000856896 -0.000471675 2.23728e-23)
(-0.00166134 -0.000622339 -8.40814e-22)
(1.19165 0.05342 -3.03982e-21)
(1.18911 0.0506765 2.7934e-21)
(1.18671 0.0479708 -1.61834e-21)
(1.18445 0.045301 8.05791e-22)
(1.18231 0.042665 1.56397e-21)
(1.1803 0.0400611 -4.22351e-22)
(1.17842 0.0374873 7.88243e-22)
(1.17667 0.0349415 -1.47437e-21)
(1.17503 0.032422 1.96719e-21)
(1.17352 0.0299269 6.41873e-22)
(1.17213 0.027454 -4.12997e-22)
(1.17086 0.0250017 -5.57729e-22)
(1.1697 0.022568 2.57843e-22)
(1.16866 0.0201508 -5.84107e-22)
(1.16774 0.0177483 8.12401e-22)
(1.16693 0.0153586 -5.25715e-22)
(1.16623 0.0129795 5.93497e-22)
(1.16565 0.0106091 1.97393e-22)
(1.16519 0.00824537 1.55198e-22)
(1.16484 0.00588646 9.23421e-23)
(1.16461 0.00353063 1.34465e-22)
(1.16449 0.00117905 2.99281e-22)
(0.935642 0.0117587 1.07531e-20)
(1.01735 0.0360095 2.70546e-20)
(1.08439 0.0540243 1.44825e-20)
(1.14115 0.0715199 -8.51925e-20)
(1.18753 0.0872472 -2.62713e-20)
(1.22418 0.100724 7.98513e-20)
(1.25212 0.111862 -3.65268e-20)
(1.27248 0.120621 -4.39836e-20)
(1.28645 0.127098 1.02474e-19)
(1.29517 0.131488 -2.45467e-20)
(1.29973 0.134044 -6.80929e-20)
(1.30108 0.135048 3.82924e-20)
(1.30004 0.134784 -4.56388e-20)
(1.29728 0.133516 5.2544e-20)
(1.29333 0.131483 -1.48543e-21)
(1.2886 0.128883 9.99689e-21)
(1.2834 0.12588 -3.20081e-20)
(1.27793 0.122603 3.18947e-21)
(1.27237 0.11915 2.38693e-20)
(1.26682 0.115595 -1.13477e-20)
(1.26134 0.111991 -1.60175e-20)
(1.25598 0.108374 8.19673e-21)
(1.25077 0.10477 6.7221e-21)
(1.24572 0.101197 -1.2087e-20)
(1.24085 0.097665 9.64455e-21)
(1.23616 0.0941819 -7.81597e-21)
(1.23164 0.0907518 1.89696e-21)
(1.2273 0.0873769 4.74628e-22)
(1.22313 0.0840584 5.3216e-21)
(1.21913 0.0807962 -1.09978e-21)
(1.2153 0.07759 -2.10592e-22)
(1.21162 0.0744388 -7.82684e-21)
(1.20811 0.0713414 4.51529e-21)
(1.20476 0.0682964 -2.53431e-21)
(1.20155 0.065302 1.16912e-21)
(1.1985 0.0623567 -5.3627e-21)
(1.19558 0.0594584 5.53821e-21)
(1.19282 0.0566053 -7.64955e-22)
(1.19018 0.0537954 2.25942e-22)
(1.18769 0.0510266 -3.87233e-22)
(1.18533 0.0482971 1.51036e-22)
(1.1831 0.0456046 5.76186e-23)
(1.18099 0.0429472 1.23331e-22)
(1.17902 0.0403228 -8.4202e-22)
(1.17717 0.0377293 1.44768e-21)
(1.17544 0.0351649 4.27708e-22)
(1.17383 0.0326274 4.6106e-22)
(1.17234 0.0301148 -9.88682e-22)
(1.17097 0.0276252 -7.51416e-22)
(1.16972 0.0251566 6.3705e-22)
(1.16858 0.0227071 -2.06832e-23)
(1.16755 0.0202745 -6.9087e-22)
(1.16664 0.017857 6.05058e-22)
(1.16584 0.0154525 -5.507e-22)
(1.16516 0.0130589 7.86291e-22)
(1.16459 0.0106742 5.21459e-23)
(1.16413 0.00829626 1.78691e-23)
(1.16378 0.00592314 -2.07072e-22)
(1.16355 0.00355298 -3.21346e-23)
(1.16344 0.00118689 1.79545e-23)
(0.965653 0.0202602 -6.29933e-20)
(1.0437 0.0453305 9.79121e-21)
(1.10723 0.0639329 6.97617e-20)
(1.16035 0.0814994 -2.69207e-20)
(1.20319 0.0969585 -1.93445e-20)
(1.23651 0.109901 8.81071e-20)
(1.26144 0.120323 -7.46285e-21)
(1.27916 0.128267 -4.38179e-20)
(1.29087 0.133896 1.04673e-20)
(1.29773 0.137456 -2.01677e-20)
(1.3008 0.139236 -2.24205e-21)
(1.301 0.139539 -9.93024e-21)
(1.2991 0.13866 -1.15888e-20)
(1.29572 0.136864 6.81469e-21)
(1.29134 0.134384 1.16842e-20)
(1.28633 0.131411 -8.49215e-21)
(1.28095 0.128099 5.85964e-21)
(1.2754 0.124567 -6.65549e-21)
(1.26981 0.120902 3.57112e-21)
(1.26426 0.117169 -1.79078e-21)
(1.25881 0.113415 4.58979e-21)
(1.25351 0.10967 -1.07699e-20)
(1.24836 0.105956 8.02101e-21)
(1.24338 0.102287 -5.91419e-21)
(1.23858 0.0986698 -3.01611e-21)
(1.23395 0.095111 2.62405e-21)
(1.2295 0.0916129 3.95315e-21)
(1.22523 0.0881764 9.03714e-21)
(1.22112 0.0848018 -4.1997e-21)
(1.21719 0.0814884 1.10826e-21)
(1.21342 0.0782351 6.03826e-21)
(1.20981 0.0750405 -1.11954e-20)
(1.20635 0.071903 2.00345e-21)
(1.20305 0.0688207 -6.03369e-22)
(1.1999 0.0657918 8.99948e-21)
(1.19689 0.0628141 -6.35589e-21)
(1.19403 0.0598857 1.24354e-21)
(1.1913 0.0570043 4.76798e-22)
(1.18871 0.0541677 -7.81034e-22)
(1.18626 0.0513739 -4.59135e-22)
(1.18393 0.0486206 1.08796e-21)
(1.18174 0.0459057 -1.00118e-21)
(1.17967 0.0432269 1.53418e-21)
(1.17772 0.0405821 -2.85719e-22)
(1.1759 0.0379692 -1.01306e-21)
(1.1742 0.0353861 5.28911e-22)
(1.17261 0.0328307 1.30908e-21)
(1.17115 0.0303008 2.32972e-22)
(1.1698 0.0277946 -1.2299e-21)
(1.16856 0.0253098 3.01583e-22)
(1.16744 0.0228446 -8.82039e-23)
(1.16643 0.0203968 6.88941e-22)
(1.16553 0.0179643 -3.07854e-22)
(1.16475 0.0155452 2.36219e-22)
(1.16407 0.0131373 1.31084e-22)
(1.16351 0.0107383 -1.90353e-22)
(1.16305 0.00834637 -2.21883e-22)
(1.16271 0.00595922 2.24968e-22)
(1.16248 0.00357494 2.47511e-22)
(1.16237 0.00119455 -5.62067e-23)
(0.994659 0.0298354 3.90615e-20)
(1.0689 0.0554158 -9.5747e-21)
(1.12883 0.0743464 -2.21435e-20)
(1.17827 0.0917618 2.48834e-20)
(1.21759 0.106772 1.43795e-20)
(1.24765 0.119043 6.75898e-20)
(1.26966 0.128654 -1.03381e-19)
(1.28484 0.135722 4.44627e-20)
(1.29443 0.140471 -4.59259e-20)
(1.29957 0.143191 3.9219e-20)
(1.30129 0.144202 2.84197e-20)
(1.30046 0.143823 -2.74688e-20)
(1.2978 0.142352 1.73618e-20)
(1.29388 0.140055 2.09889e-20)
(1.28914 0.137155 -1.75017e-20)
(1.2839 0.133834 1.0485e-20)
(1.27839 0.130234 -1.86088e-20)
(1.27278 0.126463 4.20423e-21)
(1.26718 0.1226 1.65303e-20)
(1.26165 0.118702 -6.43976e-21)
(1.25625 0.114807 1.71076e-20)
(1.251 0.110941 -1.28184e-20)
(1.24592 0.107123 -7.40019e-21)
(1.24101 0.103361 3.32093e-21)
(1.23628 0.0996622 7.06651e-21)
(1.23173 0.09603 1.62415e-21)
(1.22735 0.0924656 4.6242e-21)
(1.22315 0.0889689 -1.61746e-21)
(1.21911 0.0855393 -1.13479e-20)
(1.21524 0.0821754 6.78393e-21)
(1.21153 0.0788757 7.95659e-23)
(1.20798 0.0756383 -1.62527e-21)
(1.20458 0.0724611 2.987e-21)
(1.20133 0.069342 -4.86304e-21)
(1.19823 0.0662787 1.09631e-21)
(1.19527 0.063269 2.54615e-21)
(1.19246 0.0603106 5.77448e-22)
(1.18977 0.057401 -5.51384e-22)
(1.18723 0.054538 1.9793e-21)
(1.18481 0.0517192 -5.33717e-22)
(1.18253 0.0489423 -9.63257e-22)
(1.18036 0.0462049 2.20035e-23)
(1.17833 0.0435048 5.83365e-22)
(1.17641 0.0408397 4.81314e-22)
(1.17462 0.0382075 -1.51709e-21)
(1.17295 0.0356058 9.05933e-22)
(1.17139 0.0330325 -4.93216e-22)
(1.16994 0.0304854 -4.47783e-22)
(1.16862 0.0279626 1.11806e-21)
(1.1674 0.0254617 2.58127e-23)
(1.16629 0.0229809 -5.468e-22)
(1.1653 0.0205178 -2.63126e-22)
(1.16442 0.0180706 5.2586e-22)
(1.16364 0.0156369 -4.19136e-23)
(1.16297 0.0132147 -2.69341e-22)
(1.16242 0.0108017 3.18211e-22)
(1.16197 0.00839583 -2.53217e-22)
(1.02255 0.0403635 1.12166e-21)
(1.09287 0.0661579 -2.08831e-20)
(1.14912 0.0851694 -1.01648e-20)
(1.19488 0.102228 -4.31961e-20)
(1.23071 0.116624 5.35481e-20)
(1.25759 0.128104 1.847e-20)
(1.27679 0.136821 1.9106e-20)
(1.28958 0.142965 -5.72386e-20)
(1.29719 0.146812 5.50847e-20)
(1.30074 0.148692 -2.62533e-20)
(1.30122 0.148947 2.35003e-21)
(1.29947 0.147907 -2.31149e-20)
(1.29615 0.145872 1.48082e-20)
(1.02255 -0.0403635 -2.73061e-21)
(1.09287 -0.0661579 1.87529e-20)
(1.14912 -0.0851694 -7.50747e-20)
(1.19488 -0.102228 1.1748e-19)
(1.23071 -0.116624 -5.28331e-20)
(1.25759 -0.128104 -2.29685e-20)
(1.27679 -0.136821 -2.23236e-20)
(1.28958 -0.142965 5.78358e-20)
(1.29719 -0.146812 -5.43022e-20)
(1.30074 -0.148692 2.55337e-20)
(1.30122 -0.148947 -4.84964e-21)
(1.29947 -0.147907 2.11252e-20)
(1.29615 -0.145872 -1.4706e-20)
(1.29177 -0.1431 6.24992e-22)
(1.28673 -0.139806 -5.23165e-22)
(1.28132 -0.136159 -1.42097e-20)
(1.27572 -0.132291 1.23981e-20)
(1.27008 -0.128299 -1.58316e-20)
(1.26449 -0.124252 1.06686e-20)
(1.259 -0.120198 -1.40925e-21)
(0.994659 -0.0298354 -3.56012e-20)
(1.0689 -0.0554158 7.47045e-21)
(1.12883 -0.0743464 2.51764e-20)
(1.17827 -0.0917618 -1.28327e-20)
(1.21759 -0.106772 -7.30492e-21)
(1.24765 -0.119043 -5.98076e-20)
(1.26966 -0.128654 1.13549e-19)
(1.28484 -0.135722 -3.85287e-20)
(1.29443 -0.140471 4.78687e-20)
(1.29957 -0.143191 -3.27339e-20)
(1.30129 -0.144202 -2.05071e-20)
(1.30046 -0.143823 3.17151e-20)
(1.2978 -0.142352 -1.51497e-20)
(1.29388 -0.140055 -1.47791e-20)
(1.28914 -0.137155 1.31117e-20)
(1.2839 -0.133834 -6.92159e-21)
(1.27839 -0.130234 2.1942e-20)
(1.27278 -0.126463 -1.06722e-21)
(1.26718 -0.1226 -1.13213e-20)
(1.26165 -0.118702 9.195e-21)
(1.25625 -0.114807 -1.42494e-20)
(1.251 -0.110941 1.40115e-20)
(1.24592 -0.107123 5.32797e-21)
(1.24101 -0.103361 -2.2659e-21)
(1.23628 -0.0996622 -6.07382e-21)
(1.23173 -0.09603 -3.35034e-21)
(1.22735 -0.0924656 -4.7611e-21)
(1.22315 -0.0889689 2.44639e-21)
(1.21911 -0.0855393 1.91763e-21)
(1.21524 -0.0821754 1.93204e-21)
(1.21153 -0.0788757 6.42716e-22)
(1.20798 -0.0756383 -4.41722e-21)
(1.20458 -0.0724611 2.16609e-21)
(1.20133 -0.069342 5.4477e-21)
(1.19823 -0.0662787 -2.11704e-21)
(1.19527 -0.063269 -2.02366e-21)
(1.19246 -0.0603106 -8.30778e-23)
(1.18977 -0.057401 -3.13329e-22)
(1.18723 -0.054538 -2.10306e-21)
(1.18481 -0.0517192 9.54326e-22)
(1.18253 -0.0489423 2.25731e-22)
(1.18036 -0.0462049 -8.10235e-23)
(1.17833 -0.0435048 -2.2253e-22)
(1.17641 -0.0408397 -1.11618e-21)
(1.17462 -0.0382075 1.84486e-21)
(1.17295 -0.0356057 -5.92844e-22)
(1.17139 -0.0330325 -6.02051e-23)
(1.16994 -0.0304854 7.34969e-22)
(1.16862 -0.0279626 -8.42187e-22)
(1.1674 -0.0254617 -5.16473e-22)
(1.16629 -0.0229809 -9.05853e-23)
(1.1653 -0.0205178 5.11184e-22)
(1.16442 -0.0180706 -9.70561e-22)
(1.16364 -0.0156369 2.76233e-22)
(1.16297 -0.0132147 4.98163e-22)
(1.16242 -0.0108017 -3.91751e-22)
(1.16197 -0.00839583 4.73695e-22)
(1.16163 -0.0059948 -1.70453e-22)
(1.16141 -0.00359657 -2.88754e-22)
(1.16129 -0.00120205 1.68328e-22)
(0.965653 -0.0202602 6.1019e-20)
(1.0437 -0.0453305 -1.19861e-20)
(1.10723 -0.0639329 -6.90213e-20)
(1.16035 -0.0814994 1.81947e-20)
(1.20319 -0.0969586 1.22647e-20)
(1.23651 -0.109901 -9.06899e-20)
(1.26144 -0.120323 3.99583e-21)
(1.27916 -0.128267 3.7431e-20)
(1.29087 -0.133896 -1.26177e-20)
(1.29773 -0.137456 1.90109e-20)
(1.3008 -0.139236 -2.66287e-21)
(1.301 -0.139539 7.37176e-21)
(1.2991 -0.13866 1.30858e-20)
(1.29572 -0.136864 -1.18059e-20)
(1.29134 -0.134384 -6.66189e-21)
(1.28633 -0.131411 7.10733e-21)
(1.28095 -0.128099 -7.14495e-21)
(1.2754 -0.124567 3.52955e-21)
(1.26981 -0.120902 -6.50481e-21)
(1.26426 -0.117169 2.41189e-21)
(1.25881 -0.113415 -6.93479e-21)
(1.25351 -0.10967 9.83266e-21)
(1.24836 -0.105956 -4.67065e-21)
(1.24338 -0.102287 5.0859e-21)
(1.23858 -0.0986698 2.237e-21)
(1.23395 -0.095111 1.42478e-22)
(1.2295 -0.0916129 -3.45902e-21)
(1.22523 -0.0881764 -9.68709e-21)
(1.22112 -0.0848018 7.06007e-21)
(1.21719 -0.0814884 -1.68539e-21)
(1.21342 -0.0782351 -7.07818e-21)
(1.20981 -0.0750405 3.74549e-21)
(1.20635 -0.071903 5.50987e-21)
(1.20305 -0.0688207 1.45943e-22)
(1.1999 -0.0657918 -7.86082e-21)
(1.19689 -0.0628141 6.78811e-21)
(1.19403 -0.0598857 -1.62986e-21)
(1.1913 -0.0570043 4.87832e-22)
(1.18871 -0.0541677 2.02181e-21)
(1.18626 -0.0513739 -2.22563e-21)
(1.18393 -0.0486206 -5.47531e-22)
(1.18174 -0.0459057 1.14277e-21)
(1.17967 -0.0432269 -1.23013e-21)
(1.17772 -0.0405821 9.9413e-22)
(1.1759 -0.0379692 8.21559e-22)
(1.1742 -0.0353861 -2.62648e-22)
(1.17261 -0.0328307 -8.96917e-22)
(1.17115 -0.0303008 -4.56228e-22)
(1.1698 -0.0277946 1.26946e-21)
(1.16856 -0.0253098 2.46183e-22)
(1.16744 -0.0228446 8.3048e-22)
(1.16643 -0.0203968 -4.74082e-22)
(1.16553 -0.0179643 7.21201e-22)
(1.16475 -0.0155452 -4.17888e-22)
(1.16407 -0.0131373 -3.08425e-22)
(1.16351 -0.0107383 5.21527e-22)
(1.16305 -0.00834637 1.80497e-23)
(1.16271 -0.00595922 -2.44081e-22)
(1.16248 -0.00357494 4.04233e-22)
(1.16237 -0.00119455 -1.12199e-22)
(0.935642 -0.0117587 -1.0631e-20)
(1.01735 -0.0360096 -2.05753e-20)
(1.08439 -0.0540243 -1.11655e-20)
(1.14115 -0.0715199 8.56786e-20)
(1.18753 -0.0872472 2.55314e-20)
(1.22418 -0.100724 -8.05513e-20)
(1.25212 -0.111862 3.30216e-20)
(1.27248 -0.120621 4.38196e-20)
(1.28645 -0.127098 -1.03059e-19)
(1.29517 -0.131488 1.9915e-20)
(1.29973 -0.134044 6.75773e-20)
(1.30108 -0.135048 -3.79905e-20)
(1.30004 -0.134784 4.18163e-20)
(1.29728 -0.133516 -5.20178e-20)
(1.29333 -0.131483 1.08678e-21)
(1.2886 -0.128883 -1.25413e-20)
(1.2834 -0.12588 3.16574e-20)
(1.27793 -0.122603 -3.51856e-21)
(1.27237 -0.11915 -2.41783e-20)
(1.26682 -0.115595 9.3733e-21)
(1.26134 -0.111991 1.5503e-20)
(1.25598 -0.108374 -8.45291e-21)
(1.25077 -0.10477 -8.00018e-21)
(1.24572 -0.101197 1.18604e-20)
(1.24085 -0.097665 -9.85783e-21)
(1.23616 -0.0941819 6.7754e-21)
(1.23164 -0.0907518 -2.25405e-21)
(1.2273 -0.0873769 -6.52916e-22)
(1.22313 -0.0840584 -6.73871e-21)
(1.21913 -0.0807962 9.41206e-22)
(1.2153 -0.07759 5.28645e-22)
(1.21162 -0.0744388 7.68553e-21)
(1.20811 -0.0713414 -3.56349e-21)
(1.20476 -0.0682964 2.40813e-21)
(1.20155 -0.065302 -1.28846e-21)
(1.1985 -0.0623567 4.41059e-21)
(1.19558 -0.0594584 -5.64517e-21)
(1.19282 -0.0566053 6.63589e-22)
(1.19018 -0.0537954 8.25551e-22)
(1.18769 -0.0510266 -1.51593e-22)
(1.18533 -0.0482971 4.10544e-22)
(1.1831 -0.0456046 1.92683e-22)
(1.18099 -0.0429472 -4.68339e-22)
(1.17902 -0.0403228 1.61137e-21)
(1.17717 -0.0377293 -1.94224e-21)
(1.17544 -0.0351649 -7.27137e-22)
(1.17383 -0.0326274 -5.54935e-23)
(1.17234 -0.0301148 1.18162e-21)
(1.17097 -0.0276252 1.37412e-22)
(1.16972 -0.0251566 -4.57516e-22)
(1.16858 -0.0227071 1.5058e-22)
(1.16755 -0.0202745 4.53479e-22)
(1.16664 -0.017857 -3.57993e-22)
(1.16584 -0.0154525 2.40804e-22)
(1.16516 -0.0130589 -2.59256e-22)
(1.16459 -0.0106742 -1.05667e-22)
(1.16413 -0.00829626 1.66651e-22)
(1.16378 -0.00592314 -8.68133e-23)
(1.16355 -0.00355298 -1.74272e-22)
(1.16344 -0.00118689 1.32049e-22)
(1.16693 -0.0153586 1.54652e-22)
(1.16623 -0.0129795 -1.16909e-21)
(1.16565 -0.0106091 -4.00148e-22)
(1.16519 -0.00824537 -3.5486e-22)
(1.16484 -0.00588646 1.52449e-22)
(1.16461 -0.00353063 -3.30092e-22)
(1.16449 -0.00117905 -4.96742e-22)
)
;

boundaryField
{
    inlet
    {
        type            uniformFixedValue;
        uniformValue    constant (1 0 0);
        value           nonuniform 0();
    }
    outlet
    {
        type            pressureInletOutletVelocity;
        value           nonuniform 0();
    }
    cylinder
    {
        type            fixedValue;
        value           uniform (0 0 0);
    }
    top
    {
        type            symmetryPlane;
    }
    bottom
    {
        type            symmetryPlane;
    }
    defaultFaces
    {
        type            empty;
    }
    procBoundary14to13
    {
        type            processor;
        value           nonuniform List<vector> 
233
(
(-0.00105209 0.00213535 7.05912e-21)
(-0.00105209 0.00213535 7.05912e-21)
(-0.00289561 0.00563967 -1.32014e-20)
(-0.00289561 0.00563967 -1.32014e-20)
(-0.00427878 0.00831674 4.97858e-21)
(-0.00427878 0.00831674 4.97858e-21)
(-0.00413811 0.00782644 -2.91663e-20)
(-0.0044314 0.00925387 -2.46945e-21)
(-0.0044314 0.00925387 -2.46945e-21)
(-0.00343644 0.00963301 9.01491e-20)
(-0.00343644 0.00963301 9.01491e-20)
(-0.000770906 0.00894548 -9.6751e-21)
(-0.000770906 0.00894548 -9.6751e-21)
(0.0039655 0.0072113 2.42772e-20)
(0.0039655 0.0072113 2.42772e-20)
(0.0111855 0.00448906 -8.58098e-20)
(0.0111855 0.00448906 -8.58098e-20)
(0.02131 0.000876639 -2.47003e-20)
(0.02131 0.000876639 -2.47003e-20)
(0.0347622 -0.00348897 8.64971e-20)
(0.0347622 -0.00348897 8.64971e-20)
(0.0519607 -0.00843294 9.0123e-20)
(0.0519607 -0.00843294 9.0123e-20)
(0.0733116 -0.0137449 -1.50971e-19)
(0.0733116 -0.0137449 -1.50971e-19)
(0.0991973 -0.0191822 -3.91595e-20)
(0.0991973 -0.0191822 -3.91595e-20)
(0.129964 -0.0244752 7.55135e-20)
(0.14926 -0.0261073 -3.10772e-20)
(0.14926 -0.0261073 -3.10772e-20)
(0.188135 -0.0306093 6.61548e-20)
(0.188135 -0.0306093 6.61548e-20)
(0.232506 -0.0342256 -1.36463e-19)
(0.232506 -0.0342256 -1.36463e-19)
(0.282442 -0.0366588 4.04321e-20)
(0.282442 -0.0366588 4.04321e-20)
(0.33787 -0.0376234 7.44152e-20)
(0.370746 -0.0365592 5.73116e-20)
(0.370746 -0.0365592 5.73116e-20)
(0.434305 -0.0349299 -9.43463e-22)
(0.434305 -0.0349299 -9.43463e-22)
(0.502379 -0.0312958 -4.8805e-20)
(0.541919 -0.0280687 2.13021e-20)
(0.541919 -0.0280687 2.13021e-20)
(0.615646 -0.021439 -3.31937e-20)
(0.615646 -0.021439 -3.31937e-20)
(0.691411 -0.0125688 -1.44004e-20)
(0.734557 -0.00762618 9.84862e-20)
(0.734557 -0.00762618 9.84862e-20)
(0.811036 0.00409116 2.26286e-19)
(0.853874 0.00953499 -1.25813e-19)
(0.853874 0.00953499 -1.25813e-19)
(0.926983 0.023415 -2.06168e-20)
(0.926983 0.023415 -2.06168e-20)
(0.995353 0.0382918 2.81463e-20)
(0.995353 -0.0382918 -1.65395e-19)
(0.926983 -0.023415 1.01444e-19)
(0.926983 -0.023415 1.01444e-19)
(0.811036 -0.00409116 -3.35183e-20)
(0.853874 -0.009535 2.34701e-19)
(0.853874 -0.009535 2.34701e-19)
(0.691411 0.0125688 9.68232e-20)
(0.734557 0.00762617 -5.19275e-20)
(0.734557 0.00762617 -5.19275e-20)
(0.615646 0.021439 3.69101e-20)
(0.615646 0.021439 3.69101e-20)
(0.502379 0.0312958 9.16226e-20)
(0.541919 0.0280687 -7.7473e-20)
(0.541919 0.0280687 -7.7473e-20)
(0.434305 0.0349299 -1.23778e-19)
(0.434305 0.0349299 -1.23778e-19)
(0.33787 0.0376234 4.82932e-20)
(0.370746 0.0365592 -4.82561e-20)
(0.370746 0.0365592 -4.82561e-20)
(0.282442 0.0366588 -1.83374e-19)
(0.282442 0.0366588 -1.83374e-19)
(0.232506 0.0342256 5.57507e-20)
(0.232506 0.0342256 5.57507e-20)
(0.188135 0.0306093 -1.51183e-19)
(0.188135 0.0306093 -1.51183e-19)
(0.129964 0.0244752 -6.2396e-20)
(0.14926 0.0261073 3.60744e-20)
(0.14926 0.0261073 3.60744e-20)
(0.0991973 0.0191822 6.81526e-20)
(0.0991973 0.0191822 6.81526e-20)
(0.0733116 0.0137449 9.43068e-20)
(0.0733116 0.0137449 9.43068e-20)
(0.0519607 0.00843293 -3.64209e-20)
(0.0519607 0.00843293 -3.64209e-20)
(0.0347622 0.00348896 -7.57559e-20)
(0.0347622 0.00348896 -7.57559e-20)
(0.02131 -0.000876643 8.01238e-20)
(0.02131 -0.000876643 8.01238e-20)
(0.0111855 -0.00448906 3.90327e-20)
(0.0111855 -0.00448906 3.90327e-20)
(0.0039655 -0.00721131 -2.29608e-20)
(0.0039655 -0.00721131 -2.29608e-20)
(-0.000770908 -0.00894549 -2.98033e-20)
(-0.000770908 -0.00894549 -2.98033e-20)
(-0.00343644 -0.00963301 -8.00368e-20)
(-0.00343644 -0.00963301 -8.00368e-20)
(-0.0044314 -0.00925387 -3.71644e-20)
(-0.0044314 -0.00925387 -3.71644e-20)
(-0.00413811 -0.00782644 -2.07983e-20)
(-0.00427878 -0.00831674 -7.00083e-21)
(-0.00427878 -0.00831674 -7.00083e-21)
(-0.00289561 -0.00563967 1.39736e-20)
(-0.00289561 -0.00563967 1.39736e-20)
(-0.00105209 -0.00213535 -4.32092e-21)
(-0.00105209 -0.00213535 -4.32092e-21)
(1.16163 0.0059948 6.68433e-24)
(1.16141 0.00359657 2.88754e-22)
(1.16129 0.00120205 -1.68328e-22)
(1.29177 0.1431 -7.53206e-21)
(1.28673 0.139806 1.90123e-20)
(1.28132 0.136159 -4.25961e-21)
(1.27572 0.132291 -1.23981e-20)
(1.27008 0.128299 1.58316e-20)
(1.26449 0.124252 -1.06686e-20)
(1.259 0.120198 1.40925e-21)
(1.25366 0.11617 3.34137e-21)
(1.24848 0.112191 -1.10548e-21)
(1.24347 0.108272 -1.11363e-20)
(1.23863 0.104422 1.15686e-20)
(1.23398 0.100644 6.38728e-21)
(1.2295 0.0969403 -8.21952e-21)
(1.22519 0.0933111 -7.89467e-22)
(1.22105 0.0897555 -1.18311e-21)
(1.21708 0.0862718 7.10621e-21)
(1.21328 0.0828583 1.63454e-22)
(1.20963 0.0795128 -8.74476e-21)
(1.20614 0.076233 5.76788e-21)
(1.2028 0.0730164 -5.60355e-22)
(1.1996 0.0698608 4.57127e-21)
(1.19655 0.0667635 -4.4026e-21)
(1.19365 0.0637219 -4.41659e-22)
(1.19087 0.0607336 1.30502e-21)
(1.18824 0.0577961 -9.39986e-22)
(1.18573 0.0549067 1.88533e-21)
(1.18336 0.052063 -1.16699e-21)
(1.18111 0.0492625 -1.71658e-21)
(1.17898 0.0465028 2.49129e-21)
(1.17698 0.0437814 -2.6568e-22)
(1.1751 0.0410961 -7.25209e-23)
(1.17333 0.0384445 1.4844e-21)
(1.17168 0.0358242 -9.69044e-22)
(1.17015 0.0332331 -7.50679e-22)
(1.16873 0.0306689 4.77546e-22)
(1.16742 0.0281295 8.31727e-22)
(1.16622 0.0256126 3.41779e-22)
(1.16514 0.0231161 -1.14809e-21)
(1.16416 0.020638 6.27142e-22)
(1.16329 0.0181759 1.69881e-22)
(1.16252 0.0157278 4.34882e-22)
(1.16187 0.0132914 -2.20613e-22)
(1.16132 0.0108644 2.8073e-22)
(1.16163 0.0059948 6.68433e-24)
(1.16087 0.00844472 -2.76998e-22)
(1.04922 0.0517253 2.90493e-20)
(1.11553 0.0774517 -9.19352e-20)
(1.16806 0.0963107 1.99046e-20)
(1.21015 0.112825 -3.01004e-20)
(1.24256 0.12646 6.88723e-20)
(1.26636 0.137042 -1.4317e-20)
(1.28288 0.144798 -4.9904e-21)
(1.29341 0.149981 1.99654e-20)
(1.29917 0.152915 -1.50464e-20)
(1.30127 0.153961 -9.90388e-21)
(1.30066 0.153478 2.81118e-20)
(1.29809 0.151802 -3.40965e-20)
(1.29177 0.1431 -7.53206e-21)
(1.2942 0.149229 2.39481e-20)
(1.04922 -0.0517253 4.76432e-20)
(1.11553 -0.0774517 6.34642e-21)
(1.16806 -0.0963107 -9.41679e-20)
(1.21015 -0.112825 1.06147e-19)
(1.24256 -0.12646 -2.35603e-21)
(1.26636 -0.137042 -5.39888e-20)
(1.28288 -0.144798 2.75668e-21)
(1.29341 -0.149981 -2.05064e-20)
(1.29917 -0.152915 1.6809e-20)
(1.30127 -0.153961 6.90089e-21)
(1.30066 -0.153478 -2.68552e-20)
(1.29809 -0.151802 3.36797e-20)
(1.2942 -0.149229 -2.50511e-20)
(1.28944 -0.14601 2.11078e-20)
(1.28416 -0.142347 -1.67082e-20)
(1.27861 -0.138397 -2.11094e-21)
(1.27295 -0.13428 -4.26569e-21)
(1.26731 -0.130081 6.24448e-21)
(1.26175 -0.125861 1.2959e-20)
(1.25631 -0.121662 -2.18087e-20)
(1.25366 -0.11617 -7.50349e-21)
(1.25366 -0.11617 -7.50349e-21)
(1.24848 -0.112191 1.84295e-21)
(1.24347 -0.108272 1.14809e-20)
(1.23863 -0.104422 -1.09178e-20)
(1.23398 -0.100644 4.06377e-21)
(1.2295 -0.0969403 -1.03604e-21)
(1.22519 -0.0933111 1.33016e-21)
(1.22105 -0.0897555 1.69174e-21)
(1.21708 -0.0862718 -6.62758e-21)
(1.21328 -0.0828583 6.06974e-23)
(1.20963 -0.0795128 9.16898e-21)
(1.20614 -0.076233 -5.3683e-21)
(1.2028 -0.0730164 9.36861e-22)
(1.1996 -0.0698608 -4.21638e-21)
(1.19655 -0.0667635 7.44738e-21)
(1.19365 -0.0637219 -2.10946e-21)
(1.19087 -0.0607336 -1.30684e-21)
(1.18824 -0.0577961 1.08001e-21)
(1.18573 -0.0549067 -1.05101e-21)
(1.18336 -0.052063 1.41849e-21)
(1.18111 -0.0492625 1.43092e-21)
(1.17898 -0.0465028 -2.26584e-21)
(1.17698 -0.0437814 4.79453e-22)
(1.1751 -0.0410961 1.73486e-22)
(1.17333 -0.0384445 2.90231e-22)
(1.17168 -0.0358242 -4.28322e-22)
(1.17015 -0.0332331 9.25763e-22)
(1.16873 -0.0306689 -3.10294e-22)
(1.16742 -0.0281295 -6.71627e-22)
(1.16622 -0.0256126 -1.88173e-22)
(1.16514 -0.0231161 1.2216e-21)
(1.16416 -0.020638 -4.84637e-22)
(1.16329 -0.0181759 -3.20183e-23)
(1.16252 -0.0157278 -3.01077e-22)
(1.16187 -0.0132914 3.50934e-22)
(1.16132 -0.0108644 -1.53333e-22)
(1.16087 -0.00844472 3.39202e-22)
(1.16054 -0.00602994 -2.63016e-22)
(1.16032 -0.00361792 5.35088e-23)
(1.1602 -0.00120941 4.20774e-23)
)
;
    }
    procBoundary14to15
    {
        type            processor;
        value           nonuniform List<vector> 
250
(
(-0.00268567 0.000753115 -3.01805e-22)
(-0.00274256 0.0022513 2.61954e-21)
(-0.00285492 0.00372541 -1.13363e-21)
(-0.00301992 0.00515966 1.18043e-20)
(-0.00323335 0.00653867 -8.2808e-21)
(-0.00348963 0.00784762 -7.18454e-21)
(-0.00348963 0.00784762 -7.18454e-21)
(-0.00500361 0.0103977 -4.62306e-21)
(-0.00531532 0.0116828 -2.4968e-20)
(-0.0056395 0.0128391 5.0712e-21)
(-0.0059637 0.0138532 -1.52243e-20)
(-0.0059637 0.0138532 -1.52243e-20)
(-0.00737531 0.016204 -8.14685e-21)
(-0.00757065 0.0169478 -1.03011e-20)
(-0.00757065 0.0169478 -1.03011e-20)
(-0.00846156 0.018687 -2.379e-20)
(-0.00833879 0.019014 4.82841e-21)
(-0.00833879 0.019014 4.82841e-21)
(-0.008203 0.0198649 -8.58808e-20)
(-0.00751534 0.0196514 4.9665e-20)
(-0.00751534 0.0196514 4.9665e-20)
(-0.00573834 0.0194042 -5.50459e-20)
(-0.00418177 0.0185617 -2.46283e-20)
(-0.00418177 0.0185617 -2.46283e-20)
(-4.61144e-05 0.0170947 -9.46379e-20)
(-4.61144e-05 0.0170947 -9.46379e-20)
(0.00615747 0.0147852 3.52853e-20)
(0.0100426 0.0128795 -3.36358e-20)
(0.0100426 0.0128795 -3.36358e-20)
(0.0200005 0.00940223 -9.1398e-21)
(0.0200005 0.00940223 -9.1398e-21)
(0.0330155 0.00525045 2.41855e-20)
(0.0404576 0.00243166 -2.88111e-20)
(0.0404576 0.00243166 -2.88111e-20)
(0.058786 -0.0024806 -1.74821e-19)
(0.058786 -0.0024806 -1.74821e-19)
(0.081223 -0.00765835 -1.80154e-19)
(0.081223 -0.00765835 -1.80154e-19)
(0.108178 -0.01287 -2.05094e-20)
(0.108178 -0.01287 -2.05094e-20)
(0.140047 -0.0178536 -1.27157e-19)
(0.140047 -0.0178536 -1.27157e-19)
(0.177196 -0.0223245 2.29287e-20)
(0.177196 -0.0223245 2.29287e-20)
(0.219954 -0.0259907 -1.68967e-19)
(0.219954 -0.0259907 -1.68967e-19)
(0.268588 -0.0285785 -7.12334e-20)
(0.268588 -0.0285785 -7.12334e-20)
(0.323259 -0.0298725 -4.16905e-20)
(0.323259 -0.0298725 -4.16905e-20)
(0.383955 -0.0297591 9.20453e-20)
(0.383955 -0.0297591 9.20453e-20)
(0.417781 -0.027775 5.07527e-20)
(0.487505 -0.0255015 9.9435e-21)
(0.487505 -0.0255015 9.9435e-21)
(0.561924 -0.0221591 -1.78957e-20)
(0.561924 -0.0221591 -1.78957e-20)
(0.639595 -0.0178095 -3.644e-19)
(0.639595 -0.0178095 -3.644e-19)
(0.718789 -0.0122532 3.17888e-21)
(0.718789 -0.0122532 3.17888e-21)
(0.763065 -0.00961405 2.54065e-19)
(0.840234 -0.00454933 -4.09977e-21)
(0.840234 -0.00454933 -4.09977e-21)
(0.840234 0.00454932 -2.49e-19)
(0.718789 0.0122532 9.9603e-20)
(0.840234 0.00454932 -2.49e-19)
(0.763065 0.00961404 5.81201e-21)
(0.718789 0.0122532 9.9603e-20)
(0.639595 0.0178094 3.13496e-19)
(0.639595 0.0178094 3.13496e-19)
(0.561924 0.0221591 -3.13077e-20)
(0.450372 0.0282386 -1.97709e-20)
(0.561924 0.0221591 -3.13077e-20)
(0.487505 0.0255015 5.41556e-20)
(0.450372 0.0282386 -1.97709e-20)
(0.383955 0.0297591 2.82375e-20)
(0.383955 0.0297591 2.82375e-20)
(0.323259 0.0298725 2.81126e-20)
(0.323259 0.0298725 2.81126e-20)
(0.268588 0.0285785 -9.47989e-20)
(0.268588 0.0285785 -9.47989e-20)
(0.219954 0.0259907 1.26061e-19)
(0.219954 0.0259907 1.26061e-19)
(0.177196 0.0223245 1.37519e-19)
(0.177196 0.0223245 1.37519e-19)
(0.140047 0.0178535 5.66556e-20)
(0.140047 0.0178535 5.66556e-20)
(0.108178 0.01287 9.49417e-20)
(0.108178 0.01287 9.49417e-20)
(0.081223 0.00765834 1.51523e-19)
(0.081223 0.00765834 1.51523e-19)
(0.058786 0.00248059 1.60729e-19)
(0.058786 0.00248059 1.60729e-19)
(0.0404576 -0.00243167 -6.04449e-20)
(0.0404576 -0.00243167 -6.04449e-20)
(0.0330155 -0.00525046 5.65768e-20)
(0.0200005 -0.00940224 3.146e-21)
(0.0200005 -0.00940224 3.146e-21)
(0.0100426 -0.0128796 3.37029e-20)
(0.0100426 -0.0128796 3.37029e-20)
(0.00273776 -0.0155813 4.04494e-20)
(0.00273776 -0.0155813 4.04494e-20)
(-4.61175e-05 -0.0170947 -8.94561e-20)
(-0.00418177 -0.0185617 1.17033e-20)
(-0.00418177 -0.0185617 1.17033e-20)
(-0.00573835 -0.0194043 1.02774e-19)
(-0.00751534 -0.0196514 -1.55134e-20)
(-0.00751534 -0.0196514 -1.55134e-20)
(-0.00808574 -0.0191063 5.43533e-20)
(-0.00808574 -0.0191063 5.43533e-20)
(-0.00833879 -0.019014 1.38092e-20)
(-0.00846156 -0.018687 -3.60561e-20)
(-0.00757066 -0.0169478 7.66797e-21)
(-0.00757066 -0.0169478 7.66797e-21)
(-0.00737531 -0.016204 3.94006e-20)
(-0.0059637 -0.0138532 1.35586e-20)
(-0.0059637 -0.0138532 1.35586e-20)
(-0.0056395 -0.0128391 1.39475e-22)
(-0.00531532 -0.0116828 1.44998e-20)
(-0.00500361 -0.0103977 1.96974e-20)
(-0.00348963 -0.00784762 1.0163e-20)
(-0.00348963 -0.00784762 1.0163e-20)
(-0.00323335 -0.00653868 5.26059e-22)
(-0.00301992 -0.00515967 -1.67022e-20)
(-0.00285492 -0.00372541 1.09284e-20)
(-0.00274256 -0.0022513 -3.33836e-22)
(-0.00268567 -0.000753121 -2.10454e-21)
(1.1931 0.0530401 -4.84189e-23)
(1.19052 0.0503221 4.46743e-22)
(1.18808 0.0476405 1.93579e-22)
(1.18578 0.0449935 -1.39604e-21)
(1.18361 0.0423792 1.54268e-22)
(1.18157 0.039796 1.92589e-22)
(1.17967 0.0372419 1.33031e-21)
(1.17788 0.0347151 -1.1967e-22)
(1.17622 0.0322138 2.50795e-22)
(1.17469 0.0297362 -1.68669e-22)
(1.17328 0.0272803 2.28215e-22)
(1.17198 0.0248444 -6.45563e-22)
(1.17081 0.0224266 -5.56065e-22)
(1.16976 0.020025 2.96302e-22)
(1.16882 0.0176378 1.02216e-21)
(1.168 0.015263 -7.04985e-22)
(1.16729 0.0128986 2.15036e-22)
(1.16671 0.0105427 1.20926e-22)
(1.16624 0.00819348 7.33199e-22)
(1.16588 0.00584903 -4.28771e-23)
(1.16565 0.00350781 6.57907e-23)
(1.16553 0.00117101 4.50859e-22)
(0.904739 0.00445149 -4.1304e-20)
(0.989931 0.0275588 1.24039e-19)
(1.06038 0.0447165 -1.05422e-19)
(1.12073 0.061905 1.94516e-20)
(1.17063 0.0777057 -4.19078e-20)
(1.21063 0.0915669 2.76591e-20)
(1.24168 0.10331 2.55232e-20)
(1.2648 0.112809 1.1335e-20)
(1.28114 0.120091 -1.26598e-20)
(1.29185 0.125293 1.90158e-20)
(1.29802 0.128626 -1.18972e-20)
(1.30064 0.130344 4.78912e-21)
(1.30057 0.130716 -1.50971e-20)
(1.29852 0.130002 9.79314e-21)
(1.29508 0.128441 -2.06126e-20)
(1.29069 0.126237 4.09826e-21)
(1.2857 0.123566 -1.5231e-20)
(1.28036 0.120564 1.87304e-20)
(1.27486 0.117339 -1.78092e-20)
(1.26931 0.113975 1.61498e-20)
(1.26381 0.11053 -1.68278e-20)
(1.25842 0.107049 1.01955e-20)
(1.25315 0.103561 -1.27448e-20)
(1.24805 0.100089 1.31908e-22)
(1.24311 0.0966453 5.58263e-21)
(1.23835 0.0932406 -1.20742e-20)
(1.23376 0.0898806 7.40322e-21)
(1.22935 0.0865688 2.87202e-21)
(1.22512 0.0833075 -5.1876e-21)
(1.22106 0.0800976 6.8858e-23)
(1.21716 0.0769392 3.62883e-23)
(1.21343 0.073832 5.05484e-22)
(1.20986 0.0707752 -4.35591e-21)
(1.20645 0.0677678 1.31196e-22)
(1.2032 0.0648084 1.86552e-21)
(1.20009 0.0618955 -1.05465e-21)
(1.19713 0.0590277 -2.14504e-21)
(1.19432 0.0562031 -1.82363e-21)
(1.19432 0.0562031 -1.82363e-21)
(0.904739 -0.0044515 3.76933e-20)
(0.989931 -0.0275588 -1.28943e-19)
(1.06038 -0.0447166 1.01811e-19)
(1.12073 -0.061905 -1.41848e-20)
(1.17063 -0.0777057 3.31431e-20)
(1.21063 -0.0915669 -2.09009e-20)
(1.24168 -0.10331 -3.33909e-20)
(1.2648 -0.112809 -1.87584e-20)
(1.28114 -0.120091 6.47168e-21)
(1.29185 -0.125293 -2.55874e-20)
(1.29802 -0.128626 1.69122e-20)
(1.30064 -0.130344 -1.05808e-20)
(1.30057 -0.130716 9.05964e-21)
(1.29852 -0.130002 -8.37492e-21)
(1.29508 -0.128441 1.99981e-20)
(1.29069 -0.126238 -9.0805e-21)
(1.2857 -0.123566 1.10239e-20)
(1.28036 -0.120564 -2.3119e-20)
(1.27486 -0.117339 1.80245e-20)
(1.26931 -0.113975 -2.0022e-20)
(1.26381 -0.11053 1.35523e-20)
(1.25842 -0.107049 -1.32761e-20)
(1.25315 -0.103561 1.2574e-20)
(1.24805 -0.100089 2.65031e-23)
(1.24311 -0.0966453 -8.43939e-21)
(1.23835 -0.0932406 9.6514e-21)
(1.23376 -0.0898806 -9.94195e-21)
(1.22935 -0.0865688 -3.14911e-21)
(1.22512 -0.0833075 5.75384e-21)
(1.22106 -0.0800976 -2.20412e-21)
(1.21716 -0.0769392 -1.85202e-21)
(1.21343 -0.073832 -9.17116e-22)
(1.20986 -0.0707752 2.73164e-21)
(1.20645 -0.0677678 1.25673e-22)
(1.2032 -0.0648084 -3.32222e-21)
(1.20009 -0.0618955 -3.26302e-22)
(1.19713 -0.0590277 1.83092e-21)
(1.19432 -0.0562031 5.7964e-22)
(1.19165 -0.05342 1.21167e-21)
(1.18911 -0.0506765 -2.7934e-21)
(1.18671 -0.0479708 1.61834e-21)
(1.18445 -0.045301 -8.05791e-22)
(1.18231 -0.042665 -1.56397e-21)
(1.1803 -0.0400611 4.22351e-22)
(1.17842 -0.0374872 -7.88243e-22)
(1.17667 -0.0349415 1.47437e-21)
(1.17503 -0.032422 -1.96719e-21)
(1.17352 -0.0299269 -6.41873e-22)
(1.17213 -0.027454 4.12997e-22)
(1.17086 -0.0250017 5.57729e-22)
(1.1697 -0.0225679 -2.57843e-22)
(1.16866 -0.0201508 5.84107e-22)
(1.16774 -0.0177483 -8.12401e-22)
(1.16774 -0.0177483 -8.12401e-22)
(1.168 -0.015263 4.50217e-22)
(1.16729 -0.0128986 -5.65914e-22)
(1.16671 -0.0105427 -3.66306e-22)
(1.16624 -0.00819348 -3.59889e-22)
(1.16588 -0.00584903 2.08923e-22)
(1.16565 -0.00350781 -6.92233e-22)
(1.16553 -0.00117101 -3.95033e-22)
)
;
    }
}


// ************************************************************************* //
