/*--------------------------------*- C++ -*----------------------------------*\
  =========                 |
  \\      /  F ield         | OpenFOAM: The Open Source CFD Toolbox
   \\    /   O peration     | Website:  https://openfoam.org
    \\  /    A nd           | Version:  7
     \\/     M anipulation  |
\*---------------------------------------------------------------------------*/
FoamFile
{
    version     2.0;
    format      ascii;
    class       surfaceScalarField;
    location    "40";
    object      phi;
}
// * * * * * * * * * * * * * * * * * * * * * * * * * * * * * * * * * * * * * //

dimensions      [0 3 -1 0 0 0 0];

internalField   nonuniform List<scalar> 
274
(
2.61533e-05
-0.000193482
9.76306e-05
-0.000642102
0.000206663
-0.00115144
0.000341127
-0.00168989
0.00048586
-0.00221836
0.000625939
-0.00270094
0.000749964
-0.00311403
0.000851792
-0.00344985
0.000930366
-0.00371418
0.000988266
-0.00392118
0.00102989
-0.00408781
0.00105988
-0.00422977
0.00108221
-0.00435941
0.0010998
-0.00448533
0.00111458
-0.00461297
0.0011277
-0.00474551
0.00113984
-0.00488477
0.00115138
-0.00503161
0.00116248
-0.00518624
0.00117308
-0.00534817
-0.00551572
0.00118304
2.72505e-05
-0.000220732
9.99725e-05
-0.000714824
0.000208266
-0.00125973
0.00033819
-0.00181981
0.000473785
-0.00235395
0.000600657
-0.00282781
0.000708945
-0.00322232
0.000794353
-0.00353525
0.000857362
-0.00377719
0.000901458
-0.00396528
0.000931284
-0.00411764
0.00095127
-0.00424976
0.000964922
-0.00437306
0.000974663
-0.00449508
0.000982005
-0.00462031
0.000987827
-0.00475134
0.000992627
0.00099668
0.0010001
0.00100284
0.00100482
2.80889e-05
-0.000248821
0.000101251
-0.000787986
0.000207519
-0.001366
0.000331426
0.000456652
0.000569714
0.000662418
0.000732203
0.000780817
0.000812359
0.000831496
0.000842317
0.000847849
0.000850063
0.000850126
2.86436e-05
0.000101423
2.85936e-05
0.000248547
0.00010125
0.000786775
0.000204109
0.00136359
0.00194006
2.80376e-05
0.000220509
0.000101071
0.000713741
0.000207169
0.00125749
0.000330904
0.00181633
0.000455997
0.00234931
0.000568987
0.00282224
0.000661684
0.0032161
0.000731516
0.00352863
0.000780219
0.00377035
0.000811878
0.00395835
0.000831157
0.00411068
0.000842142
0.0042428
0.000847864
0.00436612
0.000850299
0.00448814
0.000850619
0.00461339
0.00474445
2.71981e-05
0.000193311
9.97858e-05
0.000641153
0.000207895
0.00114939
0.000337627
0.00168659
0.000473066
0.00221388
0.000599848
0.00269546
0.000708116
0.00310783
0.000793568
0.00344318
0.00085667
0.00370725
0.000900894
0.00391413
0.000930874
0.00408071
0.000951037
0.00422264
0.000964891
0.00435226
0.000974866
0.00447817
0.000982479
0.00460578
0.000988616
0.00473831
0.000993782
0.00487756
0.000998256
0.00502442
0.00100216
0.00100544
0.001008
2.61002e-05
9.74375e-05
0.000206272
0.000340521
0.000485071
0.000625032
0.000749018
0.000850883
0.00092955
0.000987586
0.00102937
0.00105955
0.0010821
0.00109993
0.00111499
0.00112844
0.00114096
0.00103319
-0.0214401
0.000906392
-0.0210313
0.000805093
-0.0209085
0.000717585
-0.0207476
0.000641164
-0.0206267
0.000574805
-0.0205377
0.000515176
-0.0204423
0.000460639
-0.0203466
0.000411473
-0.0202721
0.00036767
-0.0202226
0.000326697
-0.0201493
0.000287596
-0.0200728
0.000250383
-0.0200053
0.000214968
-0.0199535
0.000181559
-0.0199108
0.000150195
-0.0198844
0.000118675
-0.0198241
8.79591e-05
-0.0198014
5.76587e-05
-0.0197702
2.96188e-05
-0.019784
-0.0197466
0.00086019
0.000741181
0.000647263
0.000568395
0.000500432
0.000443039
0.000392377
0.000346685
0.000306333
0.000271608
0.000239752
0.000209597
0.00018117
0.000154438
0.000129772
0.000107244
8.43999e-05
6.22076e-05
4.0433e-05
2.11605e-05
0.000865381
0.000748421
0.000656158
0.000578191
0.000511955
0.000454042
0.000401609
0.000354965
0.000313562
0.000273801
0.00023905
0.000205722
0.000176189
0.000149665
0.000125301
0.00010201
7.91157e-05
5.78996e-05
3.87382e-05
1.97196e-05
)
;

boundaryField
{
    inlet
    {
        type            calculated;
        value           nonuniform 0();
    }
    outlet
    {
        type            calculated;
        value           nonuniform 0();
    }
    cylinder
    {
        type            calculated;
        value           uniform 0;
    }
    top
    {
        type            symmetryPlane;
        value           uniform 0;
    }
    bottom
    {
        type            symmetryPlane;
        value           uniform 0;
    }
    defaultFaces
    {
        type            empty;
        value           nonuniform 0();
    }
    procBoundary17to16
    {
        type            processor;
        value           nonuniform List<scalar> 
88
(
-0.00488957
-0.00503566
-0.00518966
-0.00535091
-0.0055177
-0.00194372
-0.00247918
-0.00294087
-0.00331503
-0.00360504
-0.0038258
-0.00399682
-0.00413677
-0.00426058
-0.0043786
-0.00449729
-0.00462037
0.000848691
-0.0047499
-0.000277465
-0.000860765
0.00020444
-0.00146901
-0.00027714
-0.000859431
-0.00146645
-0.00205651
0.000320554
-0.00247441
-0.00293523
-0.0033088
-0.00359846
-0.00381906
-0.00399001
-0.00412996
-0.00425379
-0.00437184
-0.00449058
-0.00461371
-0.00474331
0.000849484
-0.00488273
-0.00502889
-0.00518299
-0.00534435
-0.00551126
-0.0212955
-0.0209123
-0.0208146
-0.0206688
-0.0205588
-0.0204803
-0.0203916
-0.0203009
-0.0202318
-0.0201878
-0.0201174
-0.0200427
-0.0199769
-0.0199268
-0.0198861
-0.0198619
-0.0198012
-0.0197792
-0.0197484
-0.0197647
-0.0197255
-0.0212731
-0.0208935
-0.0208068
-0.0206478
-0.020561
-0.0204613
-0.020363
-0.0202773
-0.020226
-0.0201166
-0.0200865
-0.0200027
-0.0199745
-0.0199348
-0.0198997
-0.0198565
-0.0198141
-0.0198004
-0.0198026
-0.0197841
-0.0197599
)
;
    }
    procBoundary17to18
    {
        type            processor;
        value           nonuniform List<scalar> 
85
(
0.000167328
0.000570625
0.0010424
0.00155542
0.00207362
0.00256086
0.00299001
0.00334802
0.0036356
0.00386328
0.00404619
0.00419978
0.00433708
0.00446774
0.00459819
0.00473239
0.00487262
0.00502007
0.00517515
0.00533757
0.00550576
0.00517909
0.00534107
0.00550869
0.000167211
0.000569816
0.00104055
0.00155234
0.00206933
0.0025555
0.00298384
0.00334131
0.00362858
0.00385609
0.00403892
0.00419246
0.00432972
0.00446033
0.00459072
0.00472486
0.00486504
0.00115294
0.00501244
0.02159
0.0211581
0.0210098
0.0208351
0.0207031
0.0206041
0.0205019
0.0204011
0.0203213
0.0202664
0.0201902
0.0201119
0.0200425
0.0199889
0.0199442
0.0199158
0.0198556
0.0198322
0.0198005
0.019812
0.0197762
0.0214157
0.0210105
0.0208991
0.0207258
0.0206272
0.0205192
0.0204154
0.0203239
0.0202674
0.0201564
0.0201212
0.020036
0.020004
0.0199613
0.019924
0.0198798
0.0198369
0.0198216
0.0198218
0.0198031
0.0197796
)
;
    }
}


// ************************************************************************* //
