/*--------------------------------*- C++ -*----------------------------------*\
  =========                 |
  \\      /  F ield         | OpenFOAM: The Open Source CFD Toolbox
   \\    /   O peration     | Website:  https://openfoam.org
    \\  /    A nd           | Version:  7
     \\/     M anipulation  |
\*---------------------------------------------------------------------------*/
FoamFile
{
    version     2.0;
    format      ascii;
    class       surfaceScalarField;
    location    "20";
    object      phi;
}
// * * * * * * * * * * * * * * * * * * * * * * * * * * * * * * * * * * * * * //

dimensions      [0 3 -1 0 0 0 0];

internalField   nonuniform List<scalar> 
1658
(
0.000169385
-1.49318e-05
-1.37727e-09
0.000184372
-1.49855e-05
-1.42247e-09
0.000199395
-1.50217e-05
-1.46439e-09
0.000214438
-1.50418e-05
-1.50293e-09
-1.50474e-05
-1.53784e-09
0.000172617
-2.98275e-05
0.000187565
-2.99343e-05
0.00020255
-3.00062e-05
0.000217554
-3.00462e-05
-3.00571e-05
0.000179057
-4.46483e-05
0.00019393
-4.4807e-05
0.000208837
-4.49137e-05
0.000223764
-4.49729e-05
-4.49887e-05
0.000188661
-5.93568e-05
0.00020342
-5.95658e-05
0.000218212
-5.97059e-05
0.000233023
-5.97832e-05
-5.98032e-05
0.000201362
-7.39159e-05
0.000215969
-7.41729e-05
0.000230608
-7.43448e-05
0.000245264
-7.4439e-05
-7.44624e-05
0.00021707
-8.82888e-05
0.000231488
-8.85911e-05
0.000245936
-8.87927e-05
0.000260399
-8.89024e-05
-8.89283e-05
0.000235675
-0.000102439
0.000249867
-0.000102783
0.000264087
-0.000103013
0.000278321
-0.000103136
-0.000103164
0.000257047
-0.00011633
0.000270977
-0.000116714
0.000284932
-0.000116968
0.0002989
-0.000117104
-0.000117132
0.000281036
-0.000129926
0.000294668
-0.000130346
0.000308323
-0.000130623
0.000321989
-0.00013077
0.000335654
-0.000130798
-0.000130716
0.000307474
0.000320773
-0.000143645
0.000334093
-0.000143943
0.000347422
-0.000144099
0.000360751
-0.000144126
-0.000144035
0.000349108
-0.000156576
0.000362058
-0.000156893
0.000375018
-0.000157058
0.000387976
-0.000157085
-0.000156984
0.000379473
-0.000169107
0.000392021
-0.000169442
0.000404578
-0.000169615
0.000417134
-0.000169641
-0.000169531
0.000411654
-0.000181205
0.000423769
-0.000181556
0.000435892
-0.000181738
0.000448015
-0.000181764
-0.000181647
0.000445425
-0.00019284
0.000457076
-0.000193207
0.000468736
-0.000193398
0.000480398
-0.000193426
-0.000193305
0.000480546
0.000491705
-0.000204366
0.000502874
-0.000204567
0.000514048
-0.0002046
0.00052522
-0.000204477
-0.000204211
0.00052741
-0.000215006
0.000538064
-0.000215221
0.000548725
-0.000215261
0.000559388
-0.00021514
-0.000214872
0.000563939
-0.000225102
0.000574052
-0.000225334
0.000584178
-0.000225386
0.000594311
-0.000225273
-0.000225007
0.000601031
-0.000234633
0.000610583
-0.000234887
0.000620154
-0.000234957
0.000629737
-0.000234857
-0.0002346
0.000638421
0.000647394
-0.00024386
0.000656392
-0.000243954
0.00066541
-0.000243875
0.000674445
-0.000243635
-0.000243245
0.000684222
-0.000252238
0.000692633
-0.000252365
0.000701073
-0.000252314
0.000709537
-0.000252099
-0.000251731
0.000720803
-0.000260009
0.000728615
-0.000260177
0.000736466
-0.000260165
0.00074435
-0.000259984
-0.000259646
0.000756873
0.000764079
-0.000267383
0.000771333
-0.000267419
0.000778633
-0.000267283
-0.000266987
0.000798768
-0.000273978
0.000805423
-0.000274074
0.000812134
-0.000273995
0.000818898
-0.000273751
-0.000273355
0.00083243
-0.00027996
0.000838486
-0.000280129
0.00084461
-0.000280119
0.0008508
-0.000279941
-0.000279605
0.000864822
0.000870282
-0.000285589
0.000875824
-0.000285661
0.000881443
-0.000285561
-0.000285299
0.00090058
-0.000290459
0.000905547
-0.000290628
0.000910607
-0.00029062
0.000915753
-0.000290445
-0.000290115
0.000929158
-0.000294752
0.000933563
-0.000295033
0.000938074
-0.000295131
0.000942686
-0.000295058
-0.000294823
0.000955789
0.000959646
-0.00029889
0.000963625
-0.000299109
0.000967719
-0.000299152
-0.000299027
0.000983592
-0.000302218
0.000987057
-0.000302574
0.000990652
-0.000302747
0.000994371
-0.000302747
-0.000302583
0.00100534
-0.000305037
0.00100832
-0.000305546
0.00101143
-0.000305864
0.00101469
-0.000306002
-0.00030597
0.00338473
-0.000306364
0.0033863
-0.000307119
0.00338811
-0.000307676
0.00339016
-0.000308045
-0.000308237
0.00368783
-0.000304363
0.00368615
-0.000305435
0.00368477
-0.000306298
0.00368369
-0.000306964
-0.000307442
0.00399212
-0.00029908
0.00398722
-0.000300536
0.00398269
-0.000301772
0.00397852
-0.000302796
-0.00030362
0.00429326
-0.000290671
0.0042853
-0.000292573
0.00427776
-0.000294237
0.00427064
-0.000295675
-0.000296898
0.00458718
-0.000279397
0.0045764
-0.000281791
0.00456609
-0.000283931
0.00455625
-0.000285827
-0.000287492
0.00487012
-0.000265609
0.00485685
-0.000268526
0.00484409
-0.00027117
0.00483182
-0.000273555
-0.000275691
0.00513876
-0.000249727
0.00512341
-0.000253177
0.00510858
-0.000256339
0.00509425
-0.000259226
-0.000261849
0.00539034
-0.000232213
0.00537335
-0.000236191
0.00535688
-0.000239865
0.0053409
-0.00024325
-0.000246357
0.00562272
-0.000213551
0.00560456
-0.00021803
0.00558689
-0.000222194
0.0055697
-0.000226058
-0.000229633
0.00583441
-0.000194215
0.00581553
-0.000199155
0.00579711
-0.000203773
0.00577913
-0.000208082
-0.000212094
0.00602456
-0.00017465
0.0060054
-0.00018
0.00598665
-0.000185023
0.0059683
-0.000189733
-0.000194141
0.00619294
-0.000155258
0.0061739
-0.000160957
0.0061552
-0.000166329
0.00613686
-0.000171387
-0.000176143
0.00633989
-0.00013638
0.00632129
-0.000142364
0.00630299
-0.000148025
0.00628498
-0.000153374
-0.000158422
0.00646618
-0.000118293
0.00644832
-0.000124498
0.00643068
-0.000130386
0.00641327
-0.000135967
-0.000141251
0.006573
-0.00010121
0.00655608
-0.000107574
0.00653932
-0.000113629
0.00652274
-0.000119383
-0.000124848
0.00666179
-8.52795e-05
0.00664596
-9.17435e-05
0.00663024
-9.79082e-05
0.00661464
-0.000103782
-0.000109374
0.00673418
-7.0593e-05
0.00671954
-7.71042e-05
0.00670496
-8.33275e-05
0.00669045
-8.92706e-05
-9.49413e-05
0.00679189
-5.71919e-05
0.00677849
-6.37038e-05
0.0067651
-6.994e-05
0.00675174
-7.59074e-05
-8.16128e-05
0.00683666
-4.5076e-05
0.00682451
-5.15488e-05
0.00681233
-5.77586e-05
0.00680013
-6.37114e-05
-6.94134e-05
0.00687022
-3.42126e-05
0.00685928
-4.06131e-05
0.00684828
-4.67634e-05
0.00683724
-5.26687e-05
-5.83346e-05
0.00689416
-2.45444e-05
0.00688439
-3.08457e-05
0.00687454
-3.69094e-05
0.00686461
-4.27401e-05
-4.83428e-05
0.00691001
-1.59977e-05
0.00690134
-2.21784e-05
0.00689256
-2.81338e-05
0.00688369
-3.38681e-05
-3.93854e-05
0.00691911
-8.48886e-06
0.00691146
-1.45325e-05
0.00690369
-2.03627e-05
0.0068958
-2.59832e-05
-3.13976e-05
0.00692268
-1.92973e-06
0.00691597
-7.8239e-06
0.00690912
-1.35161e-05
0.00690215
-1.90094e-05
-2.43073e-05
0.00692177
3.76808e-06
0.00691592
-1.96762e-06
0.00690991
-7.5122e-06
0.00690377
-1.28685e-05
-1.80394e-05
0.0069173
8.68997e-06
0.00691222
3.11905e-06
0.00690698
-2.27114e-06
0.00690159
-7.48303e-06
-1.25192e-05
0.00691005
1.29162e-05
0.00690565
7.51425e-06
0.0069011
2.28319e-06
0.00689639
-2.77913e-06
-7.67495e-06
0.00690064
1.65205e-05
0.00689687
1.12902e-05
0.00689293
6.2214e-06
0.00688884
1.31225e-06
-3.43921e-06
0.00688964
1.95696e-05
0.00688641
1.45125e-05
0.00688303
9.60786e-06
0.00687949
4.85425e-06
2.49947e-07
0.00687746
2.2123e-05
0.00687473
1.72397e-05
0.00687184
1.25004e-05
0.00686879
7.90383e-06
3.44855e-06
0.00686448
2.42331e-05
0.00686219
1.95238e-05
0.00685974
1.49503e-05
0.00685713
1.05117e-05
0.00685438
6.20669e-06
2.03392e-06
0.00685097
2.5946e-05
0.00684908
2.14104e-05
0.00684703
1.70029e-05
0.00684482
1.27227e-05
0.00684246
8.56871e-06
4.53984e-06
0.00683717
2.73018e-05
0.00683564
2.29394e-05
0.00683395
1.86977e-05
0.00683209
1.45761e-05
0.00683009
1.05737e-05
6.68947e-06
0.00682327
2.83356e-05
0.00682206
2.41458e-05
0.00682069
2.00696e-05
0.00681916
1.61065e-05
0.00681748
1.22559e-05
8.51684e-06
0.0068094
2.90778e-05
0.00680849
2.50599e-05
0.00680741
2.11488e-05
0.00680617
1.73441e-05
0.00680478
1.36453e-05
1.00518e-05
0.00679569
2.95553e-05
0.00679505
2.57084e-05
0.00679423
2.19618e-05
0.00679326
1.83153e-05
0.00679214
1.47684e-05
1.13207e-05
0.00678223
2.97914e-05
0.00678183
2.61147e-05
0.00678126
2.25321e-05
0.00678053
1.90434e-05
0.00677965
1.56484e-05
1.23466e-05
0.00676909
2.9807e-05
0.00676891
2.62996e-05
0.00676856
2.28804e-05
0.00676805
1.95492e-05
0.0067674
1.63058e-05
1.315e-05
0.00675633
2.96206e-05
0.00675635
2.62817e-05
0.00675621
2.30251e-05
0.0067559
1.98509e-05
0.00675545
1.6759e-05
1.37492e-05
0.006744
2.92489e-05
0.0067442
2.60774e-05
0.00674424
2.29829e-05
0.00674413
1.99653e-05
0.00674386
1.70246e-05
1.41607e-05
0.00673212
2.87068e-05
0.0067325
2.57019e-05
0.00673271
2.27686e-05
0.00673277
1.99071e-05
0.00673268
1.71174e-05
1.43994e-05
0.00672074
2.80082e-05
0.00672127
2.51689e-05
0.00672165
2.23962e-05
0.00672186
1.96902e-05
0.00672193
1.7051e-05
1.44787e-05
0.00670987
2.71657e-05
0.00671055
2.4491e-05
0.00671107
2.18781e-05
0.00671143
1.9327e-05
0.00671165
1.68381e-05
1.44112e-05
0.00669954
2.6191e-05
0.00670036
2.368e-05
0.00670101
2.1226e-05
0.00670151
1.88293e-05
0.00670185
1.64902e-05
1.42086e-05
0.00668977
2.50951e-05
0.0066907
2.27467e-05
0.00669148
2.04509e-05
0.0066921
1.8208e-05
0.00669257
1.60181e-05
1.38815e-05
0.00668056
2.3888e-05
0.0066816
2.17013e-05
0.00668249
1.95629e-05
0.00668323
1.74732e-05
0.00668381
1.54322e-05
1.34402e-05
0.00667193
2.25795e-05
0.00667307
2.05536e-05
0.00667406
1.85718e-05
0.0066749
1.66345e-05
0.00667559
1.47419e-05
1.28942e-05
0.00666388
2.11786e-05
0.00666512
1.93125e-05
0.00666621
1.74866e-05
0.00666714
1.57012e-05
0.00666793
1.39565e-05
1.22527e-05
0.00665643
1.96941e-05
0.00665776
1.79869e-05
0.00665893
1.63161e-05
0.00665995
1.4682e-05
0.00666082
1.30847e-05
1.15245e-05
0.00664958
0.00665099
1.6585e-05
0.00665223
1.50686e-05
0.00665333
1.35852e-05
0.00665428
1.21349e-05
1.07179e-05
0.00664482
1.51148e-05
0.00664613
1.37521e-05
0.0066473
1.24188e-05
0.00664832
1.1115e-05
9.84087e-06
0.00663925
1.35839e-05
0.00664063
1.23743e-05
0.00664186
1.11906e-05
0.00664294
1.00328e-05
8.90129e-06
0.00663429
1.19997e-05
0.00663573
1.09427e-05
0.00663701
9.90807e-06
0.00663814
8.89601e-06
7.90666e-06
0.00662995
1.03695e-05
0.00663143
9.46448e-06
0.00663276
8.57852e-06
0.00663394
7.71176e-06
6.86434e-06
0.00662622
8.70014e-06
0.00662774
7.94669e-06
0.00662911
7.20901e-06
0.00663034
6.48723e-06
5.78148e-06
0.00662311
6.99848e-06
0.00662466
6.3962e-06
0.00662607
5.80646e-06
0.00662732
5.22939e-06
4.66507e-06
0.00662062
5.27115e-06
0.0066222
4.81972e-06
0.00662363
4.37766e-06
0.00662491
3.94507e-06
3.522e-06
0.00661876
3.52468e-06
0.00662035
3.22386e-06
0.0066218
2.92928e-06
0.0066231
2.64098e-06
2.35902e-06
0.00661751
1.76551e-06
0.00661912
1.61514e-06
0.00662058
1.46788e-06
0.0066219
1.32376e-06
1.18281e-06
0.00661689
0.0066185
0.00661997
0.00662129
-0.000306366
0.00338473
0.000305039
-0.000304365
0.00368783
-0.000299081
0.00399212
-0.000290672
0.00429326
-0.000279399
0.00458718
-0.000265611
0.00487012
-0.000249728
0.00513876
-0.000232214
0.00539034
-0.000213552
0.00562272
-0.000194215
0.00583441
-0.000174651
0.00602456
-0.000155259
0.00619294
-0.00013638
0.00633988
-0.000118294
0.00646618
-0.000101211
0.006573
-8.528e-05
0.00666179
-7.05935e-05
0.00673418
-5.71923e-05
0.00679189
-4.50764e-05
0.00683666
-3.42129e-05
0.00687021
-2.45446e-05
0.00689416
-1.59979e-05
0.00691
-8.48907e-06
0.00691911
-1.92991e-06
0.00692268
3.76793e-06
0.00692177
8.68984e-06
0.0069173
1.29161e-05
0.00691005
1.65204e-05
0.00690064
1.95696e-05
0.00688964
2.21229e-05
0.00687746
2.42331e-05
0.00686447
2.5946e-05
0.00685097
2.73018e-05
0.00683717
2.83356e-05
0.00682327
2.90778e-05
0.0068094
2.95553e-05
0.00679569
2.97914e-05
0.00678223
2.9807e-05
0.00676909
2.96206e-05
0.00675633
2.92489e-05
0.006744
2.87068e-05
0.00673212
2.80082e-05
0.00672074
2.71658e-05
0.00670987
2.61911e-05
0.00669954
2.50951e-05
0.00668977
2.3888e-05
0.00668056
2.25795e-05
0.00667193
2.11787e-05
0.00666388
1.96941e-05
0.00665643
1.81341e-05
0.00664958
1.65065e-05
0.00664335
1.4819e-05
0.00663772
1.30789e-05
0.00663271
1.12934e-05
0.00662832
9.46921e-06
0.00662455
7.61318e-06
0.00662141
5.73185e-06
0.0066189
3.83166e-06
0.00661701
1.91895e-06
0.00661575
0.00661512
-0.000307121
0.0033863
0.000305548
-0.000305437
0.00368615
-0.000300538
0.00398722
-0.000292574
0.0042853
-0.000281793
0.0045764
-0.000268527
0.00485685
-0.000253179
0.00512341
-0.000236192
0.00537335
-0.000218031
0.00560456
-0.000199156
0.00581553
-0.00018
0.0060054
-0.000160958
0.0061739
-0.000142365
0.00632129
-0.000124499
0.00644832
-0.000107574
0.00655608
-9.1744e-05
0.00664596
-7.71046e-05
0.00671954
-6.37042e-05
0.00677849
-5.15492e-05
0.00682451
-4.06134e-05
0.00685928
-3.0846e-05
0.00688439
-2.21787e-05
0.00690134
-1.45327e-05
0.00691146
-7.82407e-06
0.00691597
-1.96775e-06
0.00691591
3.11894e-06
0.00691222
7.51416e-06
0.00690565
1.12901e-05
0.00689687
1.45124e-05
0.00688641
1.72396e-05
0.00687473
1.95237e-05
0.00686219
2.14103e-05
0.00684908
2.29394e-05
0.00683564
2.41458e-05
0.00682206
2.50599e-05
0.00680849
2.57084e-05
0.00679505
2.61147e-05
0.00678183
2.62997e-05
0.00676891
2.62817e-05
0.00675635
2.60775e-05
0.0067442
2.5702e-05
0.0067325
2.5169e-05
0.00672127
2.44911e-05
0.00671055
2.368e-05
0.00670036
2.27467e-05
0.0066907
2.17014e-05
0.0066816
2.05536e-05
0.00667307
1.93126e-05
0.00666512
1.7987e-05
0.00665776
1.6585e-05
0.00665099
1.51148e-05
0.00664482
1.35839e-05
0.00663925
1.19998e-05
0.00663429
1.03695e-05
0.00662995
8.70016e-06
0.00662622
6.99849e-06
0.00662311
5.27116e-06
0.00662062
3.52469e-06
0.00661876
1.76551e-06
0.00661751
0.00661689
-0.000307678
0.00338811
0.000305866
-0.0003063
0.00368477
-0.000301773
0.00398269
-0.000294239
0.00427776
-0.000283932
0.00456609
-0.000271171
0.00484409
-0.000256341
0.00510858
-0.000239866
0.00535688
-0.000222195
0.00558689
-0.000203774
0.00579711
-0.000185024
0.00598665
-0.00016633
0.0061552
-0.000148026
0.00630299
-0.000130387
0.00643068
-0.000113629
0.00653932
-9.79087e-05
0.00663024
-8.33279e-05
0.00670496
-6.99403e-05
0.0067651
-5.77589e-05
0.00681233
-4.67637e-05
0.00684828
-3.69096e-05
0.00687454
-2.8134e-05
0.00689256
-2.03629e-05
0.00690369
-1.35162e-05
0.00690912
-7.51231e-06
0.00690991
-2.27123e-06
0.00690698
2.28312e-06
0.0069011
6.22135e-06
0.00689293
9.60783e-06
0.00688303
1.25004e-05
0.00687184
1.49503e-05
0.00685974
1.70029e-05
0.00684703
1.86978e-05
0.00683395
2.00696e-05
0.00682069
2.11488e-05
0.00680741
2.19618e-05
0.00679423
2.25321e-05
0.00678126
2.28804e-05
0.00676856
2.30252e-05
0.00675621
2.29829e-05
0.00674424
2.27687e-05
0.00673271
2.23962e-05
0.00672165
2.18781e-05
0.00671107
2.12261e-05
0.00670101
2.04509e-05
0.00669148
1.9563e-05
0.00668249
1.85719e-05
0.00667406
1.74867e-05
0.00666621
1.63162e-05
0.00665893
1.50687e-05
0.00665223
1.37522e-05
0.00664613
1.23744e-05
0.00664063
1.09427e-05
0.00663573
9.46451e-06
0.00663143
7.94671e-06
0.00662774
6.39621e-06
0.00662466
4.81973e-06
0.0066222
3.22387e-06
0.00662035
1.61515e-06
0.00661912
0.0066185
-0.000308047
0.00339016
0.000306004
-0.000306966
0.00368369
-0.000302798
0.00397852
-0.000295677
0.00427064
-0.000285828
0.00455625
-0.000273556
0.00483182
-0.000259227
0.00509425
-0.000243251
0.0053409
-0.000226059
0.0055697
-0.000208082
0.00577913
-0.000189734
0.0059683
-0.000171388
0.00613686
-0.000153375
0.00628497
-0.000135968
0.00641327
-0.000119384
0.00652274
-0.000103783
0.00661464
-8.9271e-05
0.00669045
-7.59077e-05
0.00675174
-6.37117e-05
0.00680013
-5.2669e-05
0.00683724
-4.27403e-05
0.00686461
-3.38682e-05
0.00688369
-2.59833e-05
0.0068958
-1.90095e-05
0.00690215
-1.28686e-05
0.00690377
-7.4831e-06
0.00690159
-2.77918e-06
0.00689639
1.31221e-06
0.00688884
4.85424e-06
0.00687948
7.90382e-06
0.00686879
1.05117e-05
0.00685713
1.27227e-05
0.00684482
1.45761e-05
0.00683209
1.61066e-05
0.00681916
1.73441e-05
0.00680617
1.83153e-05
0.00679326
1.90435e-05
0.00678053
1.95492e-05
0.00676805
1.9851e-05
0.0067559
1.99653e-05
0.00674413
1.99072e-05
0.00673277
1.96902e-05
0.00672186
1.93271e-05
0.00671143
1.88294e-05
0.00670151
1.8208e-05
0.0066921
1.74732e-05
0.00668323
1.66346e-05
0.0066749
1.57013e-05
0.00666714
1.4682e-05
0.00665995
1.35852e-05
0.00665333
1.24188e-05
0.0066473
1.11906e-05
0.00664186
9.90811e-06
0.00663701
8.57855e-06
0.00663276
7.20903e-06
0.00662911
5.80648e-06
0.00662607
4.37768e-06
0.00662363
2.92929e-06
0.0066218
1.46789e-06
0.00662058
0.00661997
-0.000308239
0.000305972
-0.000307444
-0.000303621
-0.0002969
-0.000287493
-0.000275693
-0.00026185
-0.000246358
-0.000229634
-0.000212095
-0.000194142
-0.000176143
-0.000158422
-0.000141252
-0.000124848
-0.000109375
-9.49416e-05
-8.16131e-05
-6.94137e-05
-5.83349e-05
-4.8343e-05
-3.93855e-05
-3.13977e-05
-2.43074e-05
-1.80395e-05
-1.25193e-05
-7.67498e-06
-3.43922e-06
2.49951e-07
3.44857e-06
6.20671e-06
8.56875e-06
1.05737e-05
1.22559e-05
1.36454e-05
1.47685e-05
1.56484e-05
1.63059e-05
1.67591e-05
1.70247e-05
1.71175e-05
1.70511e-05
1.68382e-05
1.64902e-05
1.60182e-05
1.54322e-05
1.4742e-05
1.39566e-05
1.30848e-05
1.21349e-05
1.1115e-05
1.00329e-05
8.89605e-06
7.71179e-06
6.48726e-06
5.22941e-06
3.94508e-06
2.64099e-06
1.32377e-06
0.00100534
0.00030222
0.00100831
0.000302576
0.00101143
0.000302749
0.00101469
0.000302749
0.000302585
0.000983592
0.000298892
0.000987056
0.000299111
0.000990651
0.000299154
0.000994371
0.000299029
0.000955789
0.000294754
0.000959646
0.000295035
0.000963624
0.000295133
0.000967718
0.00029506
0.000294825
0.000929158
0.000290461
0.000933562
0.00029063
0.000938073
0.000290622
0.000942686
0.000290448
0.000290117
0.000900579
0.000285591
0.000905547
0.000285663
0.000910606
0.000285563
0.000915752
0.000285301
0.000864822
0.000279962
0.000870281
0.000280132
0.000875823
0.000280121
0.000881443
0.000279943
0.000279607
0.00083243
0.00027398
0.000838485
0.000274076
0.00084461
0.000273997
0.000850799
0.000273754
0.000273357
0.000798767
0.000267386
0.000805422
0.000267422
0.000812134
0.000267286
0.000818898
0.000266989
0.000756873
0.000260011
0.000764079
0.00026018
0.000771333
0.000260167
0.000778632
0.000259986
0.000259649
0.000720803
0.000252241
0.000728615
0.000252368
0.000736465
0.000252317
0.00074435
0.000252102
0.000251733
0.000684222
0.000243862
0.000692633
0.000243957
0.000701072
0.000243878
0.000709536
0.000243637
0.000243248
0.000638421
0.000234635
0.000647394
0.000234889
0.000656392
0.000234959
0.00066541
0.000234859
0.000674445
0.000234603
0.00060103
0.000225105
0.000610583
0.000225337
0.000620153
0.000225389
0.000629737
0.000225276
0.00022501
0.000563939
0.000215008
0.000574052
0.000215223
0.000584178
0.000215263
0.000594311
0.000215143
0.000214874
0.00052741
0.000204369
0.000538063
0.00020457
0.000548724
0.000204602
0.000559388
0.00020448
0.000204214
0.000480546
0.000192842
0.000491705
0.00019321
0.000502874
0.000193401
0.000514048
0.000193429
0.00052522
0.000193307
0.000445425
0.000181208
0.000457075
0.000181559
0.000468735
0.000181741
0.000480397
0.000181767
0.00018165
0.000411654
0.00016911
0.000423769
0.000169444
0.000435892
0.000169618
0.000448015
0.000169643
0.000169534
0.000379473
0.000156579
0.000392021
0.000156896
0.000404578
0.000157061
0.000417134
0.000157087
0.000156986
0.000349108
0.000143647
0.000362058
0.000143946
0.000375017
0.000144102
0.000387976
0.000144129
0.000144038
0.000307474
0.000129928
0.000320773
0.000130348
0.000334093
0.000130626
0.000347422
0.000130773
0.00036075
0.000130801
0.000130719
0.000281036
0.000116332
0.000294668
0.000116716
0.000308323
0.000116971
0.000321989
0.000117107
0.000335654
0.000117135
0.000257047
0.000102441
0.000270977
0.000102786
0.000284932
0.000103015
0.0002989
0.000103139
0.000103167
0.000235675
8.82915e-05
0.000249867
8.85939e-05
0.000264087
8.87956e-05
0.000278321
8.89053e-05
8.89313e-05
0.00021707
7.39187e-05
0.000231488
7.41757e-05
0.000245936
7.43476e-05
0.000260399
7.44419e-05
7.44654e-05
0.000201362
5.93595e-05
0.000215969
5.95686e-05
0.000230608
5.97088e-05
0.000245264
5.97862e-05
5.98063e-05
0.000188661
4.4651e-05
0.00020342
4.48099e-05
0.000218212
4.49166e-05
0.000233023
4.49758e-05
4.49917e-05
0.000179057
2.98302e-05
0.00019393
2.99372e-05
0.000208837
3.00091e-05
0.000223764
3.00492e-05
3.00602e-05
0.000172616
1.49346e-05
0.000187565
1.49883e-05
0.00020255
1.50246e-05
0.000217554
1.50448e-05
1.50504e-05
0.000169385
0.000184372
0.000199395
0.000214438
)
;

boundaryField
{
    inlet
    {
        type            calculated;
        value           nonuniform 0();
    }
    outlet
    {
        type            calculated;
        value           nonuniform 0();
    }
    cylinder
    {
        type            calculated;
        value           nonuniform 0();
    }
    top
    {
        type            symmetryPlane;
        value           uniform 0;
    }
    bottom
    {
        type            symmetryPlane;
        value           uniform 0;
    }
    defaultFaces
    {
        type            empty;
        value           nonuniform 0();
    }
    procBoundary24to23
    {
        type            processor;
        value           nonuniform List<scalar> 
193
(
-0.000154452
-0.000157721
-0.000164236
-0.000173953
-0.000186803
-0.000202697
-0.000221525
-0.000243156
-0.00026744
-0.000294208
-0.000143192
-0.000336176
-0.000366942
-0.000399556
-0.00043379
-0.000469405
-0.000203981
-0.000516771
-0.000553843
-0.0005915
-0.000629476
-0.000243578
-0.000675844
-0.000713032
-0.000749719
-0.000267163
-0.000792173
-0.000826448
-0.00085945
-0.000285333
-0.000895709
-0.000924866
-0.000952059
-0.000298482
-0.000980264
-0.00100252
-0.0033834
-0.00368983
-0.0039974
-0.00430167
-0.00459846
-0.00488391
-0.00515464
-0.00540785
-0.00564138
-0.00585374
-0.00604412
-0.00621233
-0.00635876
-0.00648427
-0.00659009
-0.00667772
-0.00674887
-0.00680529
-0.00684878
-0.00688108
-0.00690383
-0.00691855
-0.00692662
-0.00692924
-0.00692747
-0.00692223
-0.00691427
-0.00690425
-0.00689268
-0.00688001
-0.00686659
-0.00685268
-0.00683853
-0.0068243
-0.00681015
-0.00679617
-0.00678247
-0.00676911
-0.00675615
-0.00674362
-0.00673158
-0.00672004
-0.00670903
-0.00669857
-0.00668867
-0.00667935
-0.00667062
-0.00666248
-0.00665495
-0.00664802
1.81341e-05
-0.00664335
-0.00663772
-0.00663271
-0.00662832
-0.00662455
-0.00662141
-0.0066189
-0.00661701
-0.00661575
-0.00661512
-0.0033834
-0.00368983
-0.0039974
-0.00430167
-0.00459846
-0.00488391
-0.00515464
-0.00540785
-0.00564138
-0.00585374
-0.00604412
-0.00621233
-0.00635876
-0.00648427
-0.00659009
-0.00667772
-0.00674887
-0.00680529
-0.00684878
-0.00688108
-0.00690383
-0.00691855
-0.00692661
-0.00692923
-0.00692747
-0.00692223
-0.00691427
-0.00690425
-0.00689268
-0.00688001
-0.00686658
-0.00685268
-0.00683853
-0.0068243
-0.00681014
-0.00679617
-0.00678247
-0.00676911
-0.00675615
-0.00674362
-0.00673158
-0.00672004
-0.00670903
-0.00669857
-0.00668867
-0.00667935
-0.00667062
-0.00666248
-0.00665495
-0.00664802
-0.00664172
-0.00663603
-0.00663097
-0.00662653
-0.00662273
-0.00661956
-0.00661702
-0.00661511
-0.00661384
-0.0066132
-0.00100252
-0.000980264
-0.000298484
-0.000952059
-0.000924865
-0.000895709
-0.000285335
-0.000859449
-0.000826448
-0.000792173
-0.000267165
-0.000749719
-0.000713032
-0.000675844
-0.00024358
-0.000629476
-0.0005915
-0.000553843
-0.000516771
-0.000203984
-0.000469405
-0.00043379
-0.000399556
-0.000366942
-0.000336176
-0.000143194
-0.000294208
-0.00026744
-0.000243156
-0.000221525
-0.000202697
-0.000186803
-0.000173953
-0.000164236
-0.000157721
-0.000154452
)
;
    }
    procBoundary24to25
    {
        type            processor;
        value           nonuniform List<scalar> 
193
(
0.000229487
0.000232564
0.000238695
0.000247837
0.000259923
0.000274865
0.000292556
0.000312868
0.000117061
0.00034931
0.000374069
0.000400924
0.000429681
0.000460132
0.000492055
0.000193046
0.000536385
0.000570049
0.000604447
0.00063933
0.000234198
0.000683492
0.000718022
0.000752266
0.000785973
0.000266542
0.000825711
0.00085705
0.000887137
0.000284886
0.000920982
0.000947394
0.000971923
0.000298745
0.000998209
0.00101808
0.00339242
0.00368289
0.0039747
0.00426392
0.00454684
0.00482002
0.00508041
0.00532541
0.00555297
0.0057616
0.00595035
0.00611886
0.00626725
0.0063961
0.00650634
0.00659917
0.00667602
0.00673841
0.00678793
0.00682616
0.00685462
0.00687473
0.00688782
0.00689506
0.0068975
0.00689607
0.00689155
0.0068846
0.0068758
0.00686559
8.67022e-07
0.00685147
0.00683995
0.00682794
0.00681565
0.00680325
0.00679087
0.00677862
0.00676659
0.00675485
0.00674345
0.00673244
0.00672185
0.00671171
0.00670206
0.0066929
0.00668425
0.00667614
0.00666857
0.00666155
0.00665509
0.0066492
0.00664388
0.00663914
0.00663498
0.00663142
0.00662844
0.00662606
0.00662427
0.00662307
0.00662248
0.00339242
0.00368289
0.0039747
0.00426392
0.00454684
0.00482002
0.00508041
0.00532541
0.00555297
0.00576159
0.00595035
0.00611886
0.00626725
0.0063961
0.00650633
0.00659917
0.00667601
0.00673841
0.00678793
0.00682616
0.00685462
0.00687473
0.00688782
0.00689506
0.0068975
0.00689607
0.00689155
0.0068846
0.0068758
0.00686559
0.00685437
0.00684246
0.00683009
0.00681748
0.00680478
0.00679214
0.00677965
0.0067674
0.00675545
0.00674386
0.00673268
0.00672193
0.00671165
0.00670185
0.00669257
0.00668381
0.00667559
0.00666793
0.00666082
0.00665428
0.00664832
0.00664294
0.00663814
0.00663394
0.00663033
0.00662732
0.00662491
0.0066231
0.0066219
0.00662129
0.00101807
0.000998208
0.000298748
0.000971922
0.000947394
0.000920982
0.000284888
0.000887137
0.000857049
0.000825711
0.000266544
0.000785973
0.000752266
0.000718022
0.000683492
0.000234201
0.00063933
0.000604446
0.000570048
0.000536385
0.000193049
0.000492055
0.000460131
0.000429681
0.000400924
0.000374069
0.00034931
0.000117064
0.000312868
0.000292556
0.000274865
0.000259923
0.000247837
0.000238695
0.000232564
0.000229487
)
;
    }
}


// ************************************************************************* //
