/*--------------------------------*- C++ -*----------------------------------*\
  =========                 |
  \\      /  F ield         | OpenFOAM: The Open Source CFD Toolbox
   \\    /   O peration     | Website:  https://openfoam.org
    \\  /    A nd           | Version:  7
     \\/     M anipulation  |
\*---------------------------------------------------------------------------*/
FoamFile
{
    version     2.0;
    format      ascii;
    class       surfaceScalarField;
    location    "25";
    object      phi;
}
// * * * * * * * * * * * * * * * * * * * * * * * * * * * * * * * * * * * * * //

dimensions      [0 3 -1 0 0 0 0];

internalField   nonuniform List<scalar> 
647
(
0.000747455
-3.20577e-05
1.64136e-09
0.000778891
-3.14377e-05
1.63873e-09
-3.08159e-05
1.6214e-09
0.000751621
-6.39919e-05
0.000782939
-6.27557e-05
-6.15158e-05
0.000759903
-9.5684e-05
0.000790986
-9.38388e-05
-9.19881e-05
0.000772197
-0.000127016
0.000802931
-0.000124573
-0.000122122
0.000788351
-0.000157875
0.000818626
-0.000154848
-0.000151811
0.000808167
-0.000188151
0.000837878
-0.000184559
-0.000180954
0.000831399
-0.000217743
0.000860446
-0.000213606
-0.000209455
0.00085776
-0.000246555
0.000886054
-0.0002419
-0.000237226
0.000886928
-0.000274503
0.000914384
-0.000269356
-0.000264187
0.000918544
-0.000301508
0.000945089
-0.000295901
0.000971169
-0.000290267
-0.000284625
0.00095222
0.000977791
-0.000321472
0.00100293
-0.000315405
-0.000309328
0.00101209
-0.000346015
0.00103623
-0.000339551
-0.000333073
0.00104756
-0.000369489
0.00107068
-0.000362666
-0.000355823
0.00108378
-0.000391864
0.00110583
-0.000384722
-0.000377552
0.00112029
-0.000413121
0.00114127
-0.000405701
-0.000398245
0.00115666
-0.000433256
0.00117656
-0.0004256
-0.000417898
0.00119244
-0.000452273
0.00121127
-0.000444426
-0.000436521
0.0012272
0.00124497
-0.000462197
0.00126258
-0.000454131
-0.000446024
0.00127725
-0.000478942
0.00129387
-0.000470759
-0.000462521
0.00130771
-0.000494703
0.00132339
-0.000486445
-0.000478116
0.00133597
-0.000509529
0.00135076
-0.000501238
-0.000492861
0.00136164
-0.000523483
0.00137561
-0.000515201
-0.000506814
0.00138439
0.00139759
-0.000528403
0.00141082
-0.000520043
-0.000511592
0.00141659
-0.000540908
0.00142916
-0.000532615
-0.000524208
0.00534113
-0.000556023
0.0053566
-0.000548081
-0.000539976
0.0058547
-0.000562134
0.00586142
-0.000554805
-0.000547251
0.00636842
-0.000559509
0.00636665
-0.000553039
-0.000546273
0.00687064
-0.000548794
0.006861
-0.000543395
-0.000537621
0.00735091
-0.000530958
0.0073343
-0.000526789
-0.000522165
0.00780033
-0.000507213
0.00777791
-0.000504372
-0.000500997
0.00821193
-0.000478919
0.00818499
-0.000477436
-0.000475347
0.00858087
-0.00044748
0.00855075
-0.000447323
-0.000446499
0.00890448
-0.000414249
0.00887249
-0.000415332
-0.000415699
0.00918216
-0.000380444
0.00914947
-0.000382641
-0.000384085
0.00941511
-0.000347092
0.00938272
-0.000350248
-0.000352631
0.00960601
-0.000314995
0.00957471
-0.000318946
-0.000322116
0.00975857
-0.000284726
0.00972893
-0.000289308
-0.000293112
0.00987718
-0.000256644
0.00984957
-0.000261705
-0.000265999
0.0099665
-0.000230924
0.00994112
-0.000236327
-0.00024098
0.0100312
-0.000207593
0.0100081
-0.00021322
-0.000218121
0.0100756
-0.000186571
0.0100547
-0.000192325
-0.000197378
0.0101038
-0.000167707
0.010085
-0.000173508
-0.000178635
0.0101192
-0.00015081
0.0101023
-0.000156593
-0.000161732
0.0101248
-0.000135672
0.0101096
-0.000141386
-0.000146486
0.0101231
-0.000122087
0.0101094
-0.000127691
-0.000132712
0.0101161
-0.000109864
0.0101037
-0.000115324
-0.000120231
0.0101054
-9.88274e-05
0.0100942
-0.000104115
-0.00010888
0.0100922
-8.88251e-05
0.010082
-9.3915e-05
-9.85141e-05
0.0100774
-7.97249e-05
0.0100681
-8.45957e-05
-8.9007e-05
0.0100619
-7.1414e-05
0.0100533
-7.60463e-05
-8.02497e-05
0.0100461
-6.37963e-05
0.0100383
-6.81718e-05
-7.21496e-05
0.0100306
-5.67893e-05
0.0100233
-6.08915e-05
-6.46271e-05
0.0100155
-5.03217e-05
0.0100087
-5.41351e-05
-5.76132e-05
0.0100012
-4.43306e-05
0.00999489
-4.78415e-05
-5.10479e-05
0.00998779
-3.87602e-05
0.00998191
-4.19555e-05
-4.48776e-05
0.00997546
-3.35589e-05
0.00996994
-3.64277e-05
-3.90538e-05
0.00996431
-2.86798e-05
0.00995909
-3.12118e-05
-3.35318e-05
0.0099544
-2.40783e-05
0.00994945
-2.62646e-05
-2.82695e-05
0.00994581
-1.97117e-05
0.00994109
-2.15449e-05
-2.32272e-05
0.00993858
-1.55391e-05
0.00993405
-1.7013e-05
-1.83663e-05
0.00993276
-1.15204e-05
0.00992838
-1.26303e-05
-1.36494e-05
0.00992837
-7.61678e-06
0.0099241
-8.35856e-06
-9.04022e-06
0.00992543
-3.78923e-06
0.00992124
-4.16085e-06
-4.5023e-06
0.00992396
0.0099198
-0.000556021
0.00534113
0.000540906
-0.000562132
0.0058547
-0.000559507
0.00636842
-0.000548793
0.00687064
-0.000530957
0.00735091
-0.000507212
0.00780033
-0.000478918
0.00821193
-0.000447479
0.00858087
-0.000414248
0.00890448
-0.000380444
0.00918216
-0.000347092
0.00941512
-0.000314995
0.00960601
-0.000284726
0.00975857
-0.000256644
0.00987718
-0.000230924
0.0099665
-0.000207593
0.0100312
-0.000186571
0.0100756
-0.000167707
0.0101038
-0.00015081
0.0101192
-0.000135672
0.0101248
-0.000122087
0.0101231
-0.000109864
0.0101161
-9.88275e-05
0.0101054
-8.88252e-05
0.0100922
-7.9725e-05
0.0100774
-7.14141e-05
0.0100619
-6.37964e-05
0.0100461
-5.67894e-05
0.0100306
-5.03218e-05
0.0100155
-4.43307e-05
0.0100012
-3.87602e-05
0.00998779
-3.3559e-05
0.00997546
-2.86799e-05
0.00996431
-2.40784e-05
0.0099544
-1.97118e-05
0.00994581
-1.55392e-05
0.00993858
-1.15204e-05
0.00993276
-7.6168e-06
0.00992837
-3.78924e-06
0.00992543
0.00992396
-0.000548079
0.0053566
0.000532613
-0.000554803
0.00586142
-0.000553038
0.00636665
-0.000543393
0.006861
-0.000526788
0.00733431
-0.000504371
0.00777791
-0.000477435
0.00818499
-0.000447323
0.00855075
-0.000415332
0.00887249
-0.00038264
0.00914947
-0.000350248
0.00938272
-0.000318946
0.00957471
-0.000289308
0.00972893
-0.000261705
0.00984958
-0.000236327
0.00994112
-0.00021322
0.0100081
-0.000192325
0.0100547
-0.000173508
0.010085
-0.000156593
0.0101023
-0.000141386
0.0101096
-0.000127691
0.0101094
-0.000115324
0.0101037
-0.000104115
0.0100942
-9.39152e-05
0.010082
-8.45959e-05
0.0100681
-7.60464e-05
0.0100533
-6.8172e-05
0.0100383
-6.08916e-05
0.0100233
-5.41353e-05
0.0100087
-4.78416e-05
0.00999489
-4.19556e-05
0.00998191
-3.64278e-05
0.00996994
-3.12118e-05
0.00995909
-2.62646e-05
0.00994945
-2.15449e-05
0.00994109
-1.7013e-05
0.00993405
-1.26303e-05
0.00992838
-8.35859e-06
0.0099241
-4.16092e-06
0.00992124
0.0099198
-0.000539975
0.000524206
-0.00054725
-0.000546272
-0.00053762
-0.000522164
-0.000500996
-0.000475347
-0.000446499
-0.000415699
-0.000384085
-0.000352631
-0.000322115
-0.000293112
-0.000265999
-0.00024098
-0.000218121
-0.000197378
-0.000178635
-0.000161732
-0.000146486
-0.000132712
-0.000120231
-0.00010888
-9.85143e-05
-8.90071e-05
-8.02499e-05
-7.21498e-05
-6.46272e-05
-5.76134e-05
-5.10481e-05
-4.48778e-05
-3.90539e-05
-3.3532e-05
-2.82696e-05
-2.32273e-05
-1.83664e-05
-1.36496e-05
-9.04025e-06
-4.50225e-06
0.00141659
0.000528401
0.00142916
0.000520041
0.00051159
0.00138439
0.00052348
0.00139759
0.000515199
0.00141082
0.000506811
0.00136164
0.000509527
0.00137561
0.000501236
0.000492858
0.00133597
0.0004947
0.00135076
0.000486442
0.000478114
0.00130771
0.00047894
0.00132339
0.000470756
0.000462518
0.00127725
0.000462194
0.00129388
0.000454128
0.000446022
0.0012272
0.000452271
0.00124497
0.000444423
0.00126258
0.000436518
0.00119244
0.000433253
0.00121127
0.000425598
0.000417896
0.00115666
0.000413119
0.00117656
0.000405698
0.000398242
0.00112029
0.000391861
0.00114127
0.000384719
0.000377549
0.00108378
0.000369486
0.00110583
0.000362663
0.00035582
0.00104756
0.000346012
0.00107068
0.000339548
0.00033307
0.00101209
0.000321469
0.00103623
0.000315402
0.000309325
0.00095222
0.000301505
0.000977791
0.000295898
0.00100293
0.000290264
0.000284622
0.000918544
0.0002745
0.000945089
0.000269353
0.000971169
0.000264184
0.000886928
0.000246552
0.000914385
0.000241897
0.000237223
0.000857761
0.000217739
0.000886054
0.000213603
0.000209452
0.000831399
0.000188148
0.000860447
0.000184556
0.000180951
0.000808167
0.000157871
0.000837878
0.000154845
0.000151808
0.000788351
0.000127013
0.000818626
0.00012457
0.000122119
0.000772197
9.56807e-05
0.000802931
9.38355e-05
9.19849e-05
0.000759903
6.39886e-05
0.000790986
6.27524e-05
6.15126e-05
0.000751621
3.20544e-05
0.000782939
3.14344e-05
3.08127e-05
0.000747455
0.000778891
)
;

boundaryField
{
    inlet
    {
        type            calculated;
        value           nonuniform 0();
    }
    outlet
    {
        type            calculated;
        value           nonuniform 0();
    }
    cylinder
    {
        type            calculated;
        value           nonuniform 0();
    }
    top
    {
        type            symmetryPlane;
        value           uniform 0;
    }
    bottom
    {
        type            symmetryPlane;
        value           uniform 0;
    }
    defaultFaces
    {
        type            empty;
        value           nonuniform 0();
    }
    procBoundary35to34
    {
        type            processor;
        value           nonuniform List<scalar> 
134
(
-0.000715399
-0.000719687
-0.000728211
-0.000740865
-0.000757493
-0.000777891
-0.000801807
-0.000828948
-0.000858981
-0.000891538
-0.000926223
-0.000327506
-0.000987545
-0.00102409
-0.0010614
-0.00109903
-0.00113653
-0.00117343
-0.00120928
-0.000470191
-0.0012605
-0.00129195
-0.00132114
-0.00134769
-0.00137124
-0.000536634
-0.00140409
-0.00532602
-0.00584859
-0.00637104
-0.00688136
-0.00736875
-0.00782407
-0.00824022
-0.0086123
-0.00893771
-0.00921596
-0.00944847
-0.00963811
-0.00978884
-0.00990526
-0.00999222
-0.0100545
-0.0100966
-0.0101226
-0.0101361
-0.01014
-0.0101367
-0.0101283
-0.0101164
-0.0101022
-0.0100865
-0.0100702
-0.0100537
-0.0100376
-0.010022
-0.0100072
-0.00999336
-0.00998067
-0.00996918
-0.009959
-0.00995018
-0.00994276
-0.00993678
-0.00993228
-0.00992926
-0.00992775
-0.00532602
-0.00584859
-0.00637104
-0.00688136
-0.00736875
-0.00782407
-0.00824022
-0.00861231
-0.00893771
-0.00921596
-0.00944847
-0.00963811
-0.00978884
-0.00990526
-0.00999222
-0.0100545
-0.0100966
-0.0101226
-0.0101361
-0.01014
-0.0101367
-0.0101283
-0.0101164
-0.0101022
-0.0100865
-0.0100702
-0.0100537
-0.0100376
-0.010022
-0.0100072
-0.00999336
-0.00998067
-0.00996919
-0.009959
-0.00995018
-0.00994276
-0.00993678
-0.00993228
-0.00992926
-0.00992775
-0.00140409
-0.000536632
-0.00137124
-0.00134769
-0.00132114
-0.00129195
-0.0012605
-0.000470189
-0.00120928
-0.00117343
-0.00113653
-0.00109903
-0.0010614
-0.00102409
-0.000987545
-0.000327503
-0.000926223
-0.000891538
-0.000858981
-0.000828948
-0.000801807
-0.000777891
-0.000757493
-0.000740865
-0.000728211
-0.000719687
-0.000715399
)
;
    }
    procBoundary35to36
    {
        type            processor;
        value           nonuniform List<scalar> 
134
(
0.000809705
0.000813639
0.000821458
0.000833065
0.000848316
0.00086702
0.000888947
0.000913825
0.000941345
0.000259013
0.000996781
0.00102763
0.00105998
0.00109343
0.00112756
0.00116196
0.00119621
0.00122989
0.000428586
0.00128002
0.00131037
0.00133899
0.00136551
0.00138956
0.000498353
0.00142406
0.00144178
0.00537236
0.0058687
0.00636567
0.00685235
0.00731885
0.00775674
0.00815934
0.0085219
0.00884169
0.00911785
0.00935127
0.00954419
0.00969993
0.00982246
0.0099161
0.00998521
0.010034
0.0100662
0.0100854
0.0100944
0.0100957
0.0100913
0.0100828
0.0100716
0.0100586
0.0100446
0.0100302
0.0100158
0.0100017
0.00998832
0.00997574
0.00996411
0.00995357
0.00994419
0.00993605
0.00992919
0.00992366
0.00991949
0.0099167
0.0099153
0.00537237
0.0058687
0.00636567
0.00685235
0.00731885
0.00775674
0.00815934
0.00852191
0.00884169
0.00911785
0.00935127
0.00954419
0.00969993
0.00982246
0.0099161
0.00998521
0.010034
0.0100662
0.0100854
0.0100944
0.0100957
0.0100913
0.0100828
0.0100716
0.0100586
0.0100446
0.0100302
0.0100158
0.0100017
0.00998832
0.00997574
0.00996411
0.00995357
0.00994419
0.00993605
0.00992919
0.00992366
0.00991949
0.0099167
0.0099153
0.00144178
0.00142406
0.000498351
0.00138956
0.00136551
0.00133899
0.00131037
0.00128002
0.000428584
0.00122989
0.00119621
0.00116196
0.00112756
0.00109343
0.00105998
0.00102763
0.000996782
0.00025901
0.000941345
0.000913825
0.000888947
0.00086702
0.000848316
0.000833065
0.000821458
0.000813639
0.000809705
)
;
    }
}


// ************************************************************************* //
