/*--------------------------------*- C++ -*----------------------------------*\
  =========                 |
  \\      /  F ield         | OpenFOAM: The Open Source CFD Toolbox
   \\    /   O peration     | Website:  https://openfoam.org
    \\  /    A nd           | Version:  7
     \\/     M anipulation  |
\*---------------------------------------------------------------------------*/
FoamFile
{
    version     2.0;
    format      ascii;
    class       volScalarField;
    location    "55";
    object      p;
}
// * * * * * * * * * * * * * * * * * * * * * * * * * * * * * * * * * * * * * //

dimensions      [0 2 -2 0 0 0 0];

internalField   nonuniform List<scalar> 
928
(
-0.219941
-0.215466
-0.211035
-0.206653
-0.202326
-0.22001
-0.215533
-0.2111
-0.206717
-0.202389
-0.220147
-0.215666
-0.21123
-0.206845
-0.202514
-0.22035
-0.215865
-0.211425
-0.207035
-0.2027
-0.198423
-0.220619
-0.216128
-0.211682
-0.207287
-0.202946
-0.198665
-0.220953
-0.216454
-0.212001
-0.207599
-0.203252
-0.198964
-0.221347
-0.21684
-0.212379
-0.20797
-0.203616
-0.199321
-0.221801
-0.217284
-0.212814
-0.208397
-0.204035
-0.199732
-0.222311
-0.217784
-0.213305
-0.208878
-0.204507
-0.200196
-0.218336
-0.213847
-0.20941
-0.20503
-0.20071
-0.218938
-0.214438
-0.209992
-0.205602
-0.201273
-0.219585
-0.215075
-0.210619
-0.20622
-0.201882
-0.220274
-0.215755
-0.211289
-0.206881
-0.202534
-0.19825
-0.221003
-0.216474
-0.211999
-0.207582
-0.203226
-0.198933
-0.217229
-0.212746
-0.208321
-0.203956
-0.199655
-0.218016
-0.213526
-0.209093
-0.204721
-0.200412
-0.218833
-0.214336
-0.209897
-0.205518
-0.201202
-0.196951
-0.219675
-0.215174
-0.210729
-0.206345
-0.202022
-0.197764
-0.216035
-0.211587
-0.207198
-0.20287
-0.198607
-0.216918
-0.212467
-0.208075
-0.203744
-0.199475
-0.217819
-0.213367
-0.208973
-0.20464
-0.200368
-0.19616
-0.214285
-0.209891
-0.205556
-0.201282
-0.197071
-0.215217
-0.210824
-0.20649
-0.202215
-0.198002
-0.216162
-0.211772
-0.20744
-0.203166
-0.198952
-0.194801
-0.212733
-0.208404
-0.204132
-0.199919
-0.195768
-0.213701
-0.209377
-0.205109
-0.200898
-0.196747
-0.214668
-0.210351
-0.206088
-0.201881
-0.197731
-0.193642
-0.211357
-0.2071
-0.202898
-0.198752
-0.194663
-0.212461
-0.208216
-0.204024
-0.199885
-0.195803
-0.191778
-0.209124
-0.204947
-0.200822
-0.19675
-0.192735
-0.209898
-0.20568
-0.201517
-0.197408
-0.193358
-0.207482
-0.20341
-0.199385
-0.195409
-0.191486
-0.205063
-0.201122
-0.197224
-0.193371
-0.189564
-0.202526
-0.198722
-0.194955
-0.191227
-0.18754
-0.199703
-0.196048
-0.192423
-0.188832
-0.185277
-0.196624
-0.193127
-0.189655
-0.186211
-0.182797
-0.193305
-0.189975
-0.186664
-0.183375
-0.180109
-0.189759
-0.186604
-0.183461
-0.180333
-0.177224
-0.186006
-0.183031
-0.180063
-0.177103
-0.174155
-0.18207
-0.179281
-0.17649
-0.173702
-0.17092
-0.177981
-0.175378
-0.172768
-0.170154
-0.167541
-0.173767
-0.171351
-0.168922
-0.166484
-0.16404
-0.169461
-0.16723
-0.164981
-0.162717
-0.160442
-0.165092
-0.163044
-0.160972
-0.15888
-0.156773
-0.160692
-0.158821
-0.156922
-0.154999
-0.153056
-0.156287
-0.154588
-0.152858
-0.151098
-0.149314
-0.151902
-0.150369
-0.1488
-0.1472
-0.14557
-0.147559
-0.146185
-0.144772
-0.143323
-0.141842
-0.143278
-0.142055
-0.14079
-0.139487
-0.138148
-0.139073
-0.137994
-0.13687
-0.135706
-0.134503
-0.134959
-0.134015
-0.133025
-0.131992
-0.13092
-0.130946
-0.13013
-0.129266
-0.128358
-0.127408
-0.127041
-0.126346
-0.125601
-0.124811
-0.123976
-0.123252
-0.12267
-0.122037
-0.121357
-0.120632
-0.119583
-0.119107
-0.118579
-0.118003
-0.117381
-0.116038
-0.11566
-0.115231
-0.114752
-0.114227
-0.112617
-0.112332
-0.111994
-0.111607
-0.111173
-0.109322
-0.109123
-0.108871
-0.10857
-0.108221
-0.106154
-0.106035
-0.105863
-0.105642
-0.105373
-0.103111
-0.103066
-0.10297
-0.102823
-0.102629
-0.100193
-0.100218
-0.100191
-0.100114
-0.0999889
-0.0973988
-0.0974879
-0.0975254
-0.0975132
-0.0974534
-0.0947265
-0.0948752
-0.0949727
-0.0950209
-0.0950216
-0.0921743
-0.0923782
-0.0925315
-0.0926358
-0.0926929
-0.0897402
-0.0899952
-0.0902001
-0.0903565
-0.0904661
-0.0874221
-0.0877244
-0.0879771
-0.0881819
-0.0883402
-0.0852178
-0.0855638
-0.0858608
-0.0861103
-0.0863139
-0.0831251
-0.0835113
-0.0838492
-0.0841403
-0.0843858
-0.0811418
-0.0815651
-0.0819408
-0.0822702
-0.0825546
-0.0792655
-0.079723
-0.0801336
-0.0804984
-0.0808187
-0.0774942
-0.0779831
-0.0784257
-0.0788232
-0.0791767
-0.0758256
-0.0763434
-0.0768156
-0.0772432
-0.0776273
-0.0742578
-0.074802
-0.0753013
-0.0757565
-0.0761688
-0.0727886
-0.0733571
-0.0738811
-0.0743618
-0.0748
-0.0714163
-0.0720068
-0.0725535
-0.0730575
-0.0735194
-0.0701388
-0.0707495
-0.0713169
-0.0718421
-0.0723257
-0.0689546
-0.0695835
-0.0701698
-0.0707142
-0.0712176
-0.0678619
-0.0685073
-0.0691107
-0.0696726
-0.070194
-0.0668593
-0.0675196
-0.0681383
-0.0687161
-0.0692537
-0.0659452
-0.0666189
-0.0672514
-0.0678434
-0.0683955
-0.0651185
-0.065804
-0.0664488
-0.0670535
-0.0676187
-0.0643778
-0.0650739
-0.0657295
-0.0663454
-0.0669221
-0.0637222
-0.0644274
-0.0650926
-0.0657183
-0.0663051
-0.0631507
-0.0638638
-0.0645371
-0.0651713
-0.0657668
-0.0626623
-0.0633821
-0.0640624
-0.0647037
-0.0653066
-0.0622565
-0.0629818
-0.0636678
-0.064315
-0.064924
-0.0619326
-0.0626622
-0.0633527
-0.0640047
-0.0646185
-0.06169
-0.0624229
-0.0631168
-0.0637722
-0.0643897
-0.0615284
-0.0622635
-0.0629596
-0.0636174
-0.0642372
-0.061448
-0.0621841
-0.0628813
-0.0635402
-0.0641612
-0.209898
-0.207482
-0.205063
-0.202526
-0.199703
-0.196624
-0.193305
-0.189759
-0.186006
-0.18207
-0.177981
-0.173767
-0.169461
-0.165092
-0.160692
-0.156287
-0.151902
-0.147559
-0.143278
-0.139073
-0.134959
-0.130946
-0.127041
-0.123252
-0.119583
-0.116038
-0.112617
-0.109322
-0.106154
-0.103111
-0.100193
-0.0973988
-0.0947265
-0.0921743
-0.0897402
-0.0874221
-0.0852178
-0.0831251
-0.0811418
-0.0792655
-0.0774942
-0.0758256
-0.0742578
-0.0727887
-0.0714163
-0.0701388
-0.0689546
-0.0678619
-0.0668593
-0.0659452
-0.0651185
-0.0643778
-0.0637222
-0.0631507
-0.0626624
-0.0622565
-0.0619326
-0.06169
-0.0615285
-0.061448
-0.20568
-0.20341
-0.201122
-0.198722
-0.196048
-0.193127
-0.189975
-0.186604
-0.183031
-0.179281
-0.175378
-0.171351
-0.16723
-0.163044
-0.158821
-0.154588
-0.150369
-0.146185
-0.142055
-0.137994
-0.134015
-0.13013
-0.126346
-0.12267
-0.119107
-0.11566
-0.112332
-0.109123
-0.106035
-0.103066
-0.100218
-0.0974879
-0.0948752
-0.0923782
-0.0899953
-0.0877244
-0.0855638
-0.0835113
-0.0815651
-0.079723
-0.0779831
-0.0763434
-0.074802
-0.0733571
-0.0720068
-0.0707495
-0.0695835
-0.0685074
-0.0675196
-0.0666189
-0.065804
-0.0650739
-0.0644274
-0.0638638
-0.0633821
-0.0629818
-0.0626622
-0.0624229
-0.0622635
-0.0621841
-0.201517
-0.199385
-0.197224
-0.194955
-0.192423
-0.189655
-0.186664
-0.183461
-0.180063
-0.17649
-0.172768
-0.168922
-0.164981
-0.160972
-0.156922
-0.152858
-0.1488
-0.144772
-0.14079
-0.13687
-0.133025
-0.129266
-0.125601
-0.122037
-0.118579
-0.115231
-0.111994
-0.108871
-0.105863
-0.10297
-0.100191
-0.0975254
-0.0949727
-0.0925315
-0.0902001
-0.0879771
-0.0858608
-0.0838493
-0.0819408
-0.0801336
-0.0784257
-0.0768156
-0.0753013
-0.0738811
-0.0725536
-0.0713169
-0.0701698
-0.0691107
-0.0681383
-0.0672514
-0.0664488
-0.0657295
-0.0650926
-0.0645371
-0.0640624
-0.0636678
-0.0633527
-0.0631168
-0.0629596
-0.0628813
-0.197408
-0.195409
-0.193371
-0.191227
-0.188832
-0.186211
-0.183375
-0.180333
-0.177103
-0.173702
-0.170154
-0.166484
-0.162717
-0.15888
-0.154999
-0.151098
-0.1472
-0.143323
-0.139487
-0.135706
-0.131992
-0.128358
-0.124811
-0.121357
-0.118003
-0.114752
-0.111607
-0.10857
-0.105642
-0.102823
-0.100114
-0.0975132
-0.0950209
-0.0926358
-0.0903565
-0.0881819
-0.0861103
-0.0841403
-0.0822702
-0.0804984
-0.0788232
-0.0772432
-0.0757565
-0.0743618
-0.0730575
-0.0718421
-0.0707142
-0.0696727
-0.0687161
-0.0678434
-0.0670535
-0.0663454
-0.0657183
-0.0651713
-0.0647037
-0.064315
-0.0640047
-0.0637722
-0.0636174
-0.0635402
-0.193358
-0.191486
-0.189564
-0.18754
-0.185277
-0.182797
-0.180109
-0.177224
-0.174155
-0.17092
-0.167541
-0.16404
-0.160442
-0.156773
-0.153056
-0.149314
-0.14557
-0.141842
-0.138148
-0.134503
-0.13092
-0.127408
-0.123976
-0.120632
-0.117381
-0.114227
-0.111173
-0.108221
-0.105373
-0.102629
-0.0999889
-0.0974534
-0.0950216
-0.0926929
-0.0904661
-0.0883402
-0.0863139
-0.0843858
-0.0825546
-0.0808187
-0.0791768
-0.0776273
-0.0761688
-0.0748
-0.0735194
-0.0723257
-0.0712176
-0.070194
-0.0692537
-0.0683956
-0.0676187
-0.0669221
-0.0663051
-0.0657668
-0.0653066
-0.064924
-0.0646185
-0.0643897
-0.0642372
-0.0641612
-0.209124
-0.204947
-0.200822
-0.19675
-0.192735
-0.212461
-0.208216
-0.204024
-0.199885
-0.195803
-0.191778
-0.211357
-0.2071
-0.202898
-0.198752
-0.194663
-0.214668
-0.210351
-0.206088
-0.201881
-0.197731
-0.193642
-0.213701
-0.209377
-0.205109
-0.200898
-0.196747
-0.212733
-0.208404
-0.204132
-0.199919
-0.195768
-0.216162
-0.211772
-0.20744
-0.203166
-0.198952
-0.194801
-0.215217
-0.210824
-0.20649
-0.202215
-0.198002
-0.214285
-0.209891
-0.205556
-0.201282
-0.197071
-0.217819
-0.213367
-0.208973
-0.20464
-0.200368
-0.19616
-0.216918
-0.212467
-0.208075
-0.203744
-0.199475
-0.216035
-0.211587
-0.207198
-0.20287
-0.198607
-0.219675
-0.215174
-0.210729
-0.206345
-0.202022
-0.197764
-0.218833
-0.214336
-0.209897
-0.205518
-0.201202
-0.196951
-0.218016
-0.213526
-0.209093
-0.204721
-0.200412
-0.217229
-0.212746
-0.208321
-0.203956
-0.199655
-0.221003
-0.216474
-0.211999
-0.207582
-0.203226
-0.198933
-0.220274
-0.215755
-0.211289
-0.206881
-0.202534
-0.19825
-0.219585
-0.215075
-0.210619
-0.20622
-0.201882
-0.218938
-0.214438
-0.209992
-0.205602
-0.201273
-0.218336
-0.213847
-0.20941
-0.20503
-0.20071
-0.222311
-0.217784
-0.213305
-0.208878
-0.204507
-0.200196
-0.221801
-0.217284
-0.212814
-0.208397
-0.204035
-0.199732
-0.221347
-0.21684
-0.212379
-0.20797
-0.203616
-0.199321
-0.220953
-0.216454
-0.212001
-0.207599
-0.203252
-0.198964
-0.220619
-0.216128
-0.211682
-0.207287
-0.202946
-0.198665
-0.22035
-0.215865
-0.211425
-0.207035
-0.2027
-0.198423
-0.220147
-0.215666
-0.21123
-0.206845
-0.202514
-0.22001
-0.215533
-0.2111
-0.206717
-0.202389
-0.219941
-0.215466
-0.211035
-0.206653
-0.202326
)
;

boundaryField
{
    inlet
    {
        type            zeroGradient;
    }
    outlet
    {
        type            fixedValue;
        value           nonuniform 0();
    }
    cylinder
    {
        type            zeroGradient;
    }
    top
    {
        type            symmetryPlane;
    }
    bottom
    {
        type            symmetryPlane;
    }
    defaultFaces
    {
        type            empty;
    }
    procBoundary22to21
    {
        type            processor;
        value           nonuniform List<scalar> 
194
(
-0.224456
-0.224526
-0.224666
-0.224875
-0.225151
-0.225492
-0.225896
-0.22636
-0.226881
-0.222874
-0.222874
-0.223486
-0.224144
-0.224844
-0.225582
-0.221766
-0.221766
-0.222561
-0.223384
-0.224232
-0.22054
-0.22054
-0.221425
-0.222326
-0.218736
-0.218736
-0.219665
-0.220606
-0.217117
-0.217117
-0.218078
-0.219037
-0.215666
-0.215666
-0.216756
-0.213352
-0.213352
-0.214166
-0.211601
-0.209043
-0.206365
-0.203387
-0.200143
-0.19665
-0.192923
-0.188982
-0.184856
-0.180573
-0.176166
-0.171669
-0.167114
-0.162531
-0.157949
-0.153395
-0.14889
-0.144455
-0.140105
-0.135853
-0.13171
-0.127684
-0.123781
-0.120006
-0.116361
-0.112847
-0.109466
-0.106218
-0.103101
-0.100114
-0.097256
-0.0945247
-0.0919179
-0.0894334
-0.0870687
-0.0848215
-0.0826893
-0.0806696
-0.0787599
-0.0769579
-0.0752612
-0.0736676
-0.072175
-0.0707812
-0.0694842
-0.0682823
-0.0671737
-0.0661567
-0.0652298
-0.0643916
-0.0636409
-0.0629764
-0.0623973
-0.0619026
-0.0614915
-0.0611634
-0.0609177
-0.0607541
-0.0606725
-0.214166
-0.211601
-0.209043
-0.206365
-0.203387
-0.200143
-0.19665
-0.192923
-0.188982
-0.184856
-0.180573
-0.176166
-0.171669
-0.167114
-0.162531
-0.157949
-0.153395
-0.14889
-0.144455
-0.140105
-0.135853
-0.13171
-0.127684
-0.123781
-0.120006
-0.116361
-0.112847
-0.109466
-0.106218
-0.103101
-0.100114
-0.0972561
-0.0945247
-0.0919179
-0.0894334
-0.0870687
-0.0848215
-0.0826893
-0.0806696
-0.0787599
-0.0769579
-0.0752612
-0.0736676
-0.072175
-0.0707812
-0.0694843
-0.0682823
-0.0671737
-0.0661567
-0.0652298
-0.0643916
-0.0636409
-0.0629765
-0.0623973
-0.0619026
-0.0614915
-0.0611634
-0.0609177
-0.0607541
-0.0606725
-0.213352
-0.213352
-0.216756
-0.215666
-0.215666
-0.219037
-0.218078
-0.217117
-0.217117
-0.220606
-0.219665
-0.218736
-0.218736
-0.222326
-0.221425
-0.22054
-0.22054
-0.224232
-0.223384
-0.222561
-0.221766
-0.221766
-0.225582
-0.224844
-0.224144
-0.223486
-0.222874
-0.222874
-0.226881
-0.22636
-0.225896
-0.225492
-0.225151
-0.224875
-0.224666
-0.224526
-0.224456
)
;
    }
    procBoundary22to23
    {
        type            processor;
        value           nonuniform List<scalar> 
194
(
-0.198057
-0.198119
-0.198241
-0.198241
-0.194208
-0.194445
-0.194739
-0.195088
-0.195492
-0.195947
-0.196453
-0.197007
-0.197607
-0.197607
-0.194031
-0.194706
-0.195419
-0.196168
-0.196168
-0.192765
-0.193572
-0.194408
-0.195272
-0.195272
-0.192017
-0.192924
-0.193852
-0.193852
-0.190713
-0.191678
-0.192657
-0.192657
-0.189613
-0.190634
-0.190634
-0.187812
-0.188777
-0.189365
-0.187615
-0.185806
-0.183898
-0.181761
-0.179415
-0.176871
-0.174136
-0.171222
-0.168147
-0.164931
-0.161594
-0.15816
-0.154652
-0.151094
-0.147508
-0.143915
-0.140333
-0.136778
-0.133267
-0.12981
-0.126419
-0.123102
-0.119866
-0.116717
-0.113659
-0.110695
-0.107827
-0.105058
-0.102388
-0.0998183
-0.0973478
-0.0949767
-0.0927046
-0.0905305
-0.0884536
-0.0864729
-0.0845872
-0.0827952
-0.0810957
-0.0794874
-0.077969
-0.0765392
-0.0751967
-0.0739402
-0.0727687
-0.0716808
-0.0706755
-0.0697517
-0.0689086
-0.068145
-0.0674603
-0.0668536
-0.0663242
-0.0658717
-0.0654953
-0.0651947
-0.0649696
-0.0648196
-0.0647449
-0.189365
-0.187615
-0.185806
-0.183898
-0.181761
-0.179415
-0.176871
-0.174136
-0.171222
-0.168147
-0.164931
-0.161594
-0.15816
-0.154652
-0.151094
-0.147508
-0.143915
-0.140333
-0.136778
-0.133267
-0.12981
-0.126419
-0.123102
-0.119866
-0.116717
-0.113659
-0.110695
-0.107827
-0.105058
-0.102389
-0.0998183
-0.0973478
-0.0949767
-0.0927046
-0.0905305
-0.0884536
-0.0864729
-0.0845872
-0.0827952
-0.0810957
-0.0794874
-0.077969
-0.0765392
-0.0751967
-0.0739402
-0.0727687
-0.0716808
-0.0706755
-0.0697518
-0.0689086
-0.068145
-0.0674603
-0.0668536
-0.0663242
-0.0658717
-0.0654953
-0.0651948
-0.0649696
-0.0648196
-0.0647449
-0.188777
-0.187812
-0.190634
-0.190634
-0.189613
-0.192657
-0.192657
-0.191678
-0.190713
-0.193852
-0.193852
-0.192924
-0.192017
-0.195272
-0.195272
-0.194408
-0.193572
-0.192766
-0.196168
-0.196168
-0.195419
-0.194706
-0.194031
-0.197607
-0.197607
-0.197007
-0.196453
-0.195947
-0.195492
-0.195088
-0.194739
-0.194445
-0.194208
-0.198241
-0.198241
-0.198119
-0.198057
)
;
    }
}


// ************************************************************************* //
