/*--------------------------------*- C++ -*----------------------------------*\
  =========                 |
  \\      /  F ield         | OpenFOAM: The Open Source CFD Toolbox
   \\    /   O peration     | Website:  https://openfoam.org
    \\  /    A nd           | Version:  7
     \\/     M anipulation  |
\*---------------------------------------------------------------------------*/
FoamFile
{
    version     2.0;
    format      ascii;
    class       surfaceScalarField;
    location    "10";
    object      phi;
}
// * * * * * * * * * * * * * * * * * * * * * * * * * * * * * * * * * * * * * //

dimensions      [0 3 -1 0 0 0 0];

internalField   nonuniform List<scalar> 
639
(
-0.00439546
0.000722474
0.000342461
-0.00207066
0.000382661
-0.00229033
0.00042205
-0.00251601
0.0004599
-0.00274661
0.000495508
-0.002981
0.000528229
-0.00321806
0.000557496
-0.00345671
0.000582849
-0.00369592
0.00060395
-0.00393477
0.000620596
-0.00417234
-0.0044076
0.000632735
4.60485e-05
-0.000507318
6.60837e-05
-0.000646207
8.94643e-05
-0.000795213
0.00011595
-0.000954372
0.000145225
-0.00112359
0.000176897
-0.00130261
0.000210496
-0.00149105
0.000245474
-0.00168834
0.00028122
-0.00189378
0.000317069
-0.00210651
0.000352319
-0.00232558
0.000386256
-0.00254995
0.00041818
-0.00277854
0.00044743
-0.00301025
0.000473418
-0.00324405
0.000495648
-0.00347894
0.000513735
-0.00371401
0.000527422
-0.00394845
0.000536579
0.000541217
1.81141e-06
-5.03307e-05
7.11037e-06
-0.000154656
1.59044e-05
-0.000267977
2.81592e-05
-0.000390648
4.379e-05
-0.000522949
6.26545e-05
-0.000665071
8.45461e-05
-0.000817105
0.000109188
-0.000979014
0.00013623
-0.00115063
0.000165245
-0.00133163
0.000195731
-0.00152154
0.00022712
-0.00171973
0.000258782
-0.00192544
0.000290045
-0.00213777
0.000320214
-0.00235575
0.000348593
-0.00257833
0.000374513
-0.00280446
0.000397364
0.000416617
0.000431847
0.000442748
1.72757e-06
-5.20583e-05
6.76031e-06
-0.000159689
1.508e-05
-0.000276297
2.66238e-05
-0.000402192
4.12763e-05
-0.000537601
5.88626e-05
-0.000682658
7.91424e-05
-0.000837384
0.000101805
-0.00100168
0.000126468
-0.00117529
0.000152675
-0.00135783
0.000179898
-0.00154876
0.000207549
-0.00174738
0.000234988
-0.00195288
0.000261543
0.000286527
0.000309269
1.63324e-06
-5.36915e-05
6.36953e-06
-0.000164425
1.41654e-05
-0.000284093
2.49303e-05
-0.000412957
3.85193e-05
-0.00055119
5.47266e-05
-0.000698865
7.32807e-05
-0.000855938
9.38403e-05
-0.00102224
0.000115993
0.000139257
0.000163085
0.000186873
1.52885e-06
-5.52204e-05
5.93989e-06
-0.000168836
1.3165e-05
-0.000291318
2.30871e-05
-0.000422879
3.55331e-05
5.02685e-05
6.69928e-05
1.41493e-06
5.47357e-06
1.20841e-05
1.41493e-06
5.52204e-05
5.47357e-06
0.000168836
1.20841e-05
0.000291318
0.000422879
1.52885e-06
5.36915e-05
5.93989e-06
0.000164425
1.3165e-05
0.000284093
2.30871e-05
0.000412957
3.55331e-05
0.00055119
5.02685e-05
0.000698865
6.69927e-05
0.000855939
8.53371e-05
0.00102224
0.00119745
1.63324e-06
5.20583e-05
6.36953e-06
0.000159689
1.41654e-05
0.000276297
2.49303e-05
0.000402192
3.85193e-05
0.000537601
5.47266e-05
0.000682658
7.32806e-05
0.000837384
9.38403e-05
0.00100168
0.000115993
0.00117529
0.000139257
0.00135783
0.000163085
0.00154876
0.000186873
0.00174738
0.00195288
1.72757e-06
5.03307e-05
6.76032e-06
0.000154656
1.508e-05
0.000267977
2.66239e-05
0.000390648
4.12763e-05
0.000522949
5.88626e-05
0.000665071
7.91423e-05
0.000817105
0.000101805
0.000979015
0.000126468
0.00115063
0.000152674
0.00133163
0.000179898
0.00152154
0.000207549
0.00171973
0.000234988
0.00192544
0.000261542
0.00213777
0.000286527
0.00235575
0.000309269
0.00257833
0.00280446
1.81141e-06
7.11038e-06
1.59045e-05
2.81592e-05
4.379e-05
6.26545e-05
0.000646207
8.45461e-05
0.000795213
0.000109188
0.000954372
0.00013623
0.00112359
0.000165245
0.00130261
0.000195731
0.00149105
0.00022712
0.00168834
0.000258782
0.00189378
0.000290045
0.00210651
0.000320214
0.00232558
0.000348592
0.00254995
0.000374513
0.00277854
0.000397364
0.00301025
0.000416617
0.00324405
0.000431847
0.00347894
0.000442748
0.00371401
0.00394846
6.60837e-05
8.94643e-05
0.00011595
0.000145225
0.000176897
0.000210495
0.000245474
0.00028122
0.000317069
0.000352319
0.00229033
0.000386256
0.00251601
0.000418179
0.00274661
0.00044743
0.002981
0.000473418
0.00321806
0.000495647
0.00345671
0.000513735
0.00369592
0.000527422
0.00393477
0.000536579
0.00417234
0.0044076
0.000541216
0.000382661
0.00042205
0.0004599
0.000495508
0.000528228
0.000557495
0.000582848
0.000603949
0.000620595
0.000632735
0.00069213
-0.00952241
0.000648947
-0.00953286
0.000599725
-0.00948874
0.000549757
-0.0094257
0.000502096
-0.00936028
0.000458128
-0.00929929
0.000418226
-0.00924435
0.00038221
-0.00919468
0.000349652
-0.0091489
0.000320173
-0.00910621
-0.00906568
0.000594514
-0.00948419
0.000546713
-0.00948506
0.000495484
-0.00943751
0.000445414
-0.00937563
0.00039892
-0.00931378
0.000356895
-0.00925726
0.000319403
-0.00920686
0.000286068
-0.00916134
0.000256337
-0.00911917
0.000229782
-0.00907966
0.000205978
-0.00904188
0.000184577
-0.00900554
0.000165299
-0.00897048
0.000147905
-0.00893665
0.000132203
-0.00890409
0.000118023
-0.0088728
0.000105216
-0.0088428
9.36507e-05
-0.00881411
8.32086e-05
-0.00878672
7.37846e-05
-0.00876065
6.52836e-05
-0.00873587
5.76214e-05
-0.00871239
5.0723e-05
-0.00869021
4.45068e-05
-0.00866928
3.89209e-05
-0.00864965
3.39049e-05
-0.00863129
2.94049e-05
-0.00861418
2.53728e-05
-0.00859833
2.17639e-05
-0.00858374
1.85374e-05
-0.00857039
1.56549e-05
-0.00855829
1.30814e-05
-0.00854743
1.07837e-05
-0.00853781
8.73114e-06
-0.00852942
6.89459e-06
-0.00852227
5.24683e-06
-0.00851634
3.76128e-06
-0.00851162
2.41146e-06
-0.00850811
1.16861e-06
-0.0085058
-0.00850467
0.000495881
0.000444057
0.000391264
0.000341377
0.00029621
0.000256201
0.000221139
0.000190478
0.000163552
0.000139896
0.000119055
0.000100662
8.44246e-05
7.00849e-05
5.74507e-05
4.63472e-05
3.66188e-05
2.81296e-05
2.07593e-05
1.44001e-05
8.95546e-06
4.33647e-06
4.4767e-07
-2.71235e-06
-5.27505e-06
-7.28314e-06
-8.78665e-06
-9.83321e-06
-1.04667e-05
-1.07278e-05
-1.06539e-05
-1.02798e-05
-0.0085478
-9.63768e-06
-0.00853845
-8.75793e-06
-0.0085303
-7.66867e-06
-0.00852336
-6.39654e-06
-0.00851761
-4.96691e-06
-0.00851305
-3.40537e-06
-0.00850967
-1.73917e-06
-0.00850746
-0.00850641
-3.34755e-05
-2.99127e-05
-2.612e-05
-2.21246e-05
-1.79528e-05
-1.36291e-05
-9.1776e-06
-4.62435e-06
-4.12922e-05
0.00877935
-4.46026e-05
0.00875429
-4.70059e-05
0.00873043
-4.85897e-05
0.00870777
-4.94278e-05
0.00868632
-4.96064e-05
0.00866612
-4.91749e-05
0.00864709
-4.81956e-05
0.00862928
-4.67214e-05
0.00861268
-4.48006e-05
0.00859728
-4.24769e-05
0.0085831
-3.97906e-05
0.00857013
-3.67787e-05
0.00855836
-3.34755e-05
0.0085478
-2.99127e-05
0.00853845
-2.612e-05
0.0085303
-2.21246e-05
0.00852336
-1.79528e-05
0.00851761
-1.36291e-05
0.00851305
-9.17759e-06
0.00850967
-4.62434e-06
0.00850746
0.00850641
0.00049588
0.00948419
0.000444056
0.00948506
0.000391263
0.00943751
0.000341377
0.00937563
0.000296209
0.00931379
0.000256201
0.00925727
0.000221138
0.00920686
0.000190478
0.00916134
0.000163552
0.00911917
0.000139896
0.00907966
0.000119055
0.00904188
0.000100662
0.00900554
8.44245e-05
0.00897048
7.00848e-05
0.00893665
5.74506e-05
0.00890409
4.63471e-05
0.0088728
3.66188e-05
0.0088428
2.81296e-05
0.00881411
2.07592e-05
0.00878672
1.44001e-05
0.00876065
8.9554e-06
0.00873587
4.33642e-06
0.00871239
4.4762e-07
0.00869021
-2.7124e-06
0.00866928
-5.27509e-06
0.00864965
-7.28317e-06
0.00863129
-8.78667e-06
0.00861418
-9.83323e-06
0.00859833
-1.04667e-05
0.00858374
-1.07278e-05
0.00857039
-1.06539e-05
0.00855829
-1.02798e-05
0.00854743
-9.63769e-06
0.00853781
-8.75793e-06
0.00852942
-7.66867e-06
0.00852227
-6.39653e-06
0.00851634
-4.9669e-06
0.00851162
-3.40536e-06
0.00850811
-1.73916e-06
0.0085058
0.00850467
0.000594513
0.000546712
0.000495483
0.000445414
0.00039892
0.000356895
0.000319403
0.000286067
0.000256337
0.000229782
0.000205977
0.000184577
0.000165299
0.000147905
0.000132203
0.000118023
0.000105216
9.36507e-05
8.32085e-05
7.37845e-05
6.52836e-05
5.76213e-05
5.0723e-05
4.45068e-05
3.89208e-05
3.39049e-05
2.94049e-05
2.53728e-05
2.17639e-05
1.85374e-05
1.56549e-05
1.30814e-05
1.07837e-05
8.73114e-06
6.8946e-06
5.24683e-06
3.76128e-06
2.41146e-06
1.16862e-06
)
;

boundaryField
{
    inlet
    {
        type            calculated;
        value           nonuniform 0();
    }
    outlet
    {
        type            calculated;
        value           nonuniform 0();
    }
    cylinder
    {
        type            calculated;
        value           uniform 0;
    }
    top
    {
        type            symmetryPlane;
        value           uniform 0;
    }
    bottom
    {
        type            symmetryPlane;
        value           uniform 0;
    }
    defaultFaces
    {
        type            empty;
        value           nonuniform 0();
    }
    procBoundary12to11
    {
        type            processor;
        value           nonuniform List<scalar> 
140
(
-0.0041815
-0.00441223
-0.0030331
-0.0032633
-0.00349417
-0.00372491
0.000449139
-0.00395485
-0.00216433
-0.00238073
-0.00260107
0.000329139
-0.00282433
-0.00119744
-0.0013811
-0.00157259
-0.00177117
0.000209976
-0.00197598
-0.000563636
-0.0007136
-0.000872663
8.53371e-05
-0.00104058
-5.66353e-05
-0.000172895
-0.000297928
2.11041e-05
-0.000431899
-5.66353e-05
-0.000172895
-0.000297928
-0.000431899
2.1104e-05
-0.000563636
-0.0007136
-0.000872663
-0.00104058
-0.00121697
0.000104864
-0.0013811
-0.00157259
-0.00177117
-0.00197598
0.000209976
-0.00216433
-0.00238073
-0.00260107
-0.00282433
0.000329138
-0.0030331
-0.0032633
-0.00349417
-0.00372491
-0.00395485
0.000449139
-0.0041815
-0.00441223
-0.00943886
-0.00943324
-0.00938472
-0.00932574
-0.00926862
-0.00921726
-0.00917179
-0.00913068
-0.00909224
-0.009056
-0.00902104
-0.00898714
-0.00895425
-0.00892231
-0.00889145
-0.0088617
-0.00883307
-0.00880562
-0.00877935
-0.00875429
-0.00873043
-0.00870777
-0.00868632
-0.00866612
-0.00864709
-0.00862928
-0.00861268
-0.00859729
-0.0085831
-0.00857013
-0.00855836
3.67786e-05
-0.00855111
-0.00854201
-0.0085341
-0.00852735
-0.00852178
-0.00851738
-0.00851413
-0.00851202
-0.00851103
-0.00877504
-0.00875098
-0.00872802
-0.00870619
-0.00868548
-0.00866594
-0.00864752
-0.00863026
-0.00861415
-0.00859921
-0.00858543
-0.00857281
-0.00856137
-0.00855111
-0.00854201
-0.0085341
-0.00852735
-0.00852178
-0.00851738
-0.00851413
-0.00851202
-0.00851103
-0.00943886
-0.00943324
-0.00938472
-0.00932575
-0.00926862
-0.00921726
-0.00917179
-0.00913068
-0.00909224
-0.009056
-0.00902104
-0.00898714
-0.00895425
-0.00892231
-0.00889145
-0.0088617
-0.00883307
3.69769e-05
-0.00880562
)
;
    }
    procBoundary12to13
    {
        type            processor;
        value           nonuniform List<scalar> 
134
(
0.00437564
0.00203038
0.00225013
0.00247662
0.00270876
0.00294539
0.00318534
0.00342744
0.00367057
0.00391367
-0.000702657
0.00415569
0.000490799
0.000626172
0.000771832
0.000927887
0.00109431
0.00127094
0.00145745
0.00165336
-0.000302176
0.00185803
4.85193e-05
0.000149357
0.000259183
-2.95295e-05
0.000378394
4.85193e-05
0.000149357
0.000259183
0.000378394
0.000507318
-4.60485e-05
0.000626172
0.000771833
0.000927887
0.00109431
0.00127094
0.00145745
0.00165336
0.00185803
0.00207066
-0.000342461
0.00225013
0.00247662
0.00270876
0.00294539
0.00318534
0.00342744
0.00367057
0.00391367
0.00415569
0.00439546
0.00955276
0.00957605
0.00953796
0.00947567
0.00940794
0.00934326
0.00928425
0.0092307
0.00918146
0.00913569
0.00909248
0.000293379
0.00902694
0.00898976
0.00895404
0.00891979
0.00888698
0.00885561
0.00882567
0.00879716
0.00877007
0.00874437
0.00872006
0.00869711
0.0086755
0.00865524
0.0086363
0.00861868
0.00860236
0.00858734
0.00857362
0.00856117
0.00855
0.00854011
0.00853148
0.00852411
0.00851799
0.00851311
0.00850946
0.00850704
0.00850584
0.00952241
0.00953287
0.00948874
0.0094257
0.00936028
0.00929929
0.00924435
0.00919468
0.0091489
0.00910621
0.00906568
0.00902694
0.00898976
0.00895404
0.00891979
0.00888698
0.00885561
0.00882567
0.00879716
0.00877007
0.00874437
0.00872006
0.00869711
0.00867549
0.00865524
0.0086363
0.00861868
0.00860236
0.00858734
0.00857362
0.00856117
0.00855
0.00854011
0.00853148
0.00852411
0.00851799
0.00851311
0.00850946
0.00850704
0.00850584
)
;
    }
}


// ************************************************************************* //
