/*--------------------------------*- C++ -*----------------------------------*\
  =========                 |
  \\      /  F ield         | OpenFOAM: The Open Source CFD Toolbox
   \\    /   O peration     | Website:  https://openfoam.org
    \\  /    A nd           | Version:  7
     \\/     M anipulation  |
\*---------------------------------------------------------------------------*/
FoamFile
{
    version     2.0;
    format      ascii;
    class       volScalarField;
    location    "5";
    object      p;
}
// * * * * * * * * * * * * * * * * * * * * * * * * * * * * * * * * * * * * * //

dimensions      [0 2 -2 0 0 0 0];

internalField   nonuniform List<scalar> 
928
(
0.00207333
0.002008
0.00194445
0.00188262
0.00182247
0.00207262
0.00200732
0.00194379
0.00188198
0.00182185
0.0020712
0.00200595
0.00194247
0.00188071
0.00182062
0.00206907
0.00200389
0.00194048
0.00187879
0.00181877
0.00206623
0.00200115
0.00193784
0.00187624
0.00181631
0.00206268
0.00199773
0.00193453
0.00187305
0.00181323
0.00205843
0.00199362
0.00193057
0.00186923
0.00180954
0.00205347
0.00198884
0.00192596
0.00186478
0.00180524
0.00204781
0.00198338
0.00192069
0.00185969
0.00180034
0.00204145
0.00197724
0.00191477
0.00185398
0.00179483
0.0020344
0.00197044
0.00190821
0.00184765
0.00178871
0.00202665
0.00196297
0.001901
0.00184069
0.001782
0.00201822
0.00195483
0.00189315
0.00183312
0.00177469
0.00171783
0.0020091
0.00194603
0.00188467
0.00182494
0.00176679
0.00171021
0.00199933
0.00193655
0.00187555
0.00181614
0.0017583
0.00170202
0.00198888
0.00192658
0.00186582
0.00180674
0.00174923
0.00169326
0.00197775
0.0019158
0.00185548
0.00179674
0.00173956
0.00168395
0.00190441
0.00184449
0.00178616
0.00172939
0.00167408
0.00189241
0.0018329
0.00177497
0.00171858
0.00166368
0.00187978
0.00182072
0.00176321
0.00170723
0.00165271
0.00186653
0.00180793
0.00175087
0.00169532
0.00164122
0.00185267
0.00179456
0.00173797
0.00168286
0.00162919
0.00183821
0.0017806
0.00172449
0.00166985
0.00161664
0.00182314
0.00176606
0.00171046
0.00165631
0.00160356
0.00180749
0.00175095
0.00169588
0.00164223
0.00158997
0.00179133
0.00173536
0.00168082
0.00162769
0.00157593
0.00177469
0.00171929
0.00166531
0.00161271
0.00156146
0.00175675
0.00170199
0.00164861
0.0015966
0.00154592
0.00149655
0.00173643
0.00168243
0.00162978
0.00157847
0.00152847
0.00147975
0.0016681
0.0016159
0.00156502
0.00151544
0.00146713
0.00168413
0.00163032
0.00157794
0.00152696
0.00147733
0.00161523
0.00156414
0.00151437
0.0014659
0.00141869
0.00155377
0.0015049
0.00145728
0.00141088
0.00136567
0.00149286
0.00144612
0.00140055
0.00135614
0.00131284
0.00142814
0.00138367
0.00134029
0.001298
0.00125675
0.00136068
0.00131855
0.00127745
0.00123736
0.00119825
0.00129078
0.00125108
0.00121232
0.0011745
0.00113759
0.00121855
0.00118134
0.001145
0.00110951
0.00107486
0.00114416
0.0011095
0.00107564
0.00104255
0.00101022
0.00106778
0.00103573
0.00100439
0.000973754
0.000943799
0.00098958
0.000960191
0.000931431
0.00090329
0.000875756
0.00090974
0.000883052
0.00085691
0.000831308
0.000806238
0.000828431
0.000804479
0.000780992
0.000757965
0.000735392
0.000745826
0.00072464
0.000703837
0.000683414
0.00066337
0.000662096
0.000643701
0.000625606
0.000607812
0.00059032
0.000577416
0.000561828
0.000546459
0.000531313
0.000516392
0.000491955
0.000479187
0.000466557
0.000454071
0.000441735
0.000405883
0.000395941
0.000386057
0.000376239
0.000366496
0.000319369
0.000312254
0.000305117
0.000297969
0.000290823
0.000232578
0.000228285
0.000223891
0.000219412
0.00021486
0.000145674
0.000144193
0.000142534
0.000140715
0.000138751
5.88186e-05
6.01343e-05
6.11972e-05
6.2026e-05
6.26385e-05
-2.78295e-05
-2.37367e-05
-1.9971e-05
-1.65114e-05
-1.33381e-05
-0.000114115
-0.000107269
-0.000100824
-9.47551e-05
-8.90413e-05
-0.000199884
-0.000190315
-0.000181218
-0.000172566
-0.000164336
-0.000284989
-0.00027273
-0.000261012
-0.000249807
-0.00023909
-0.000369283
-0.000354372
-0.000340069
-0.000326346
-0.000313174
-0.000452625
-0.000435103
-0.000418255
-0.000402051
-0.000386461
-0.000534875
-0.000514788
-0.000495439
-0.000476796
-0.000458828
-0.0006159
-0.000593297
-0.000571495
-0.000550458
-0.000530155
-0.00069557
-0.000670504
-0.000646298
-0.000622917
-0.000600326
-0.000773759
-0.000746285
-0.00071973
-0.000694056
-0.000669227
-0.000850345
-0.000820522
-0.000791674
-0.000763762
-0.000736749
-0.00092521
-0.000893101
-0.00086202
-0.000831928
-0.000802786
-0.000998241
-0.00096391
-0.000930659
-0.000898448
-0.000867236
-0.00106933
-0.00103284
-0.000997489
-0.000963221
-0.00093
-0.00113837
-0.0010998
-0.00106241
-0.00102615
-0.000990984
-0.00120527
-0.00116469
-0.00112533
-0.00108714
-0.0010501
-0.00126992
-0.0012274
-0.00118615
-0.00114611
-0.00110725
-0.00133225
-0.00128786
-0.00124479
-0.00120297
-0.00116237
-0.00139215
-0.00134598
-0.00130116
-0.00125764
-0.00121537
-0.00144955
-0.00140168
-0.00135519
-0.00131004
-0.00126617
-0.00150438
-0.00145488
-0.00140681
-0.0013601
-0.00131471
-0.00155655
-0.00150552
-0.00145593
-0.00140775
-0.00136092
-0.00160601
-0.00155352
-0.00150251
-0.00145293
-0.00140474
-0.00165268
-0.00159882
-0.00154646
-0.00149557
-0.0014461
-0.0016965
-0.00164136
-0.00158775
-0.00153563
-0.00148494
-0.00173743
-0.00168109
-0.00162631
-0.00157304
-0.00152123
-0.00177541
-0.00171796
-0.00166209
-0.00160776
-0.00155491
-0.00181038
-0.00175191
-0.00169505
-0.00163974
-0.00158594
-0.00184231
-0.00178292
-0.00172514
-0.00166895
-0.00161427
-0.00187116
-0.00181093
-0.00175234
-0.00169534
-0.00163987
-0.0018969
-0.00183592
-0.00177659
-0.00171888
-0.00166271
-0.00191948
-0.00185785
-0.00179789
-0.00173954
-0.00168276
-0.00193889
-0.0018767
-0.00181618
-0.0017573
-0.00169999
-0.0019551
-0.00189244
-0.00183147
-0.00177213
-0.00171438
-0.00196809
-0.00190505
-0.00184371
-0.00178402
-0.00172592
-0.00197785
-0.00191453
-0.00185291
-0.00179295
-0.00173458
-0.00198436
-0.00192086
-0.00185906
-0.00179891
-0.00174037
-0.00198761
-0.00192401
-0.00186212
-0.00180189
-0.00174326
-0.0017081
-0.00175323
-0.00179538
-0.00183449
-0.0018705
-0.00190338
-0.00193309
-0.00195958
-0.00198283
-0.00200281
-0.0020195
-0.00203287
-0.00204291
-0.00204962
-0.00205297
0.00168414
0.00161524
0.00155378
0.00149287
0.00142815
0.00136069
0.00129079
0.00121856
0.00114416
0.00106778
0.000989588
0.000909749
0.000828439
0.000745834
0.000662105
0.000577424
0.000491963
0.000405891
0.000319377
0.000232586
0.000145682
5.88263e-05
-2.78219e-05
-0.000114107
-0.000199877
-0.000284981
-0.000369276
-0.000452617
-0.000534868
-0.000615893
-0.000695563
-0.000773752
-0.000850338
-0.000925203
-0.000998234
-0.00106932
-0.00113837
-0.00120526
-0.00126992
-0.00133224
-0.00139214
-0.00144955
-0.00150437
-0.00155655
-0.001606
-0.00165267
-0.0016965
-0.00173742
-0.0017754
-0.00181037
-0.00184231
-0.00187116
-0.00189689
-0.00191947
-0.00193888
-0.00195509
-0.00196808
-0.00197784
-0.00198435
-0.0019876
0.00163033
0.00156415
0.00150491
0.00144613
0.00138367
0.00131856
0.00125108
0.00118135
0.00110951
0.00103574
0.000960199
0.00088306
0.000804488
0.000724648
0.000643709
0.000561836
0.000479195
0.000395949
0.000312261
0.000228292
0.0001442
6.0142e-05
-2.3729e-05
-0.000107262
-0.000190308
-0.000272722
-0.000354364
-0.000435095
-0.000514781
-0.00059329
-0.000670497
-0.000746278
-0.000820515
-0.000893094
-0.000963903
-0.00103284
-0.0010998
-0.00116468
-0.00122739
-0.00128786
-0.00134597
-0.00140167
-0.00145488
-0.00150551
-0.00155351
-0.00159881
-0.00164135
-0.00168108
-0.00171795
-0.00175191
-0.00178291
-0.00181092
-0.00183591
-0.00185784
-0.00187669
-0.00189243
-0.00190505
-0.00191452
-0.00192085
-0.001924
0.00157795
0.00151438
0.00145729
0.00140056
0.0013403
0.00127746
0.00121233
0.00114501
0.00107564
0.0010044
0.000931439
0.000856918
0.000781
0.000703845
0.000625614
0.000546467
0.000466565
0.000386065
0.000305124
0.000223899
0.000142542
6.12048e-05
-1.99633e-05
-0.000100816
-0.00018121
-0.000261004
-0.000340061
-0.000418248
-0.000495432
-0.000571487
-0.000646291
-0.000719723
-0.000791667
-0.000862013
-0.000930652
-0.000997482
-0.0010624
-0.00112532
-0.00118614
-0.00124478
-0.00130115
-0.00135518
-0.0014068
-0.00145593
-0.0015025
-0.00154646
-0.00158774
-0.0016263
-0.00166208
-0.00169504
-0.00172514
-0.00175233
-0.00177659
-0.00179788
-0.00181618
-0.00183146
-0.00184371
-0.00185291
-0.00185905
-0.00186211
0.00152697
0.00146591
0.00141089
0.00135615
0.00129801
0.00123737
0.00117451
0.00110952
0.00104255
0.000973762
0.000903298
0.000831316
0.000757973
0.000683422
0.00060782
0.000531321
0.000454079
0.000376247
0.000297977
0.00021942
0.000140723
6.20337e-05
-1.65037e-05
-9.47474e-05
-0.000172558
-0.000249799
-0.000326338
-0.000402043
-0.000476789
-0.000550451
-0.000622909
-0.000694048
-0.000763755
-0.00083192
-0.00089844
-0.000963213
-0.00102614
-0.00108714
-0.0011461
-0.00120296
-0.00125763
-0.00131003
-0.00136009
-0.00140774
-0.00145292
-0.00149557
-0.00153562
-0.00157303
-0.00160775
-0.00163973
-0.00166894
-0.00169533
-0.00171887
-0.00173953
-0.00175729
-0.00177213
-0.00178401
-0.00179294
-0.00179891
-0.00180188
0.00147734
0.0014187
0.00136567
0.00131285
0.00125676
0.00119825
0.0011376
0.00107487
0.00101022
0.000943807
0.000875764
0.000806246
0.0007354
0.000663378
0.000590328
0.0005164
0.000441743
0.000366504
0.00029083
0.000214867
0.000138759
6.26461e-05
-1.33304e-05
-8.90336e-05
-0.000164328
-0.000239082
-0.000313166
-0.000386453
-0.000458821
-0.000530148
-0.000600319
-0.00066922
-0.000736742
-0.000802778
-0.000867228
-0.000929992
-0.000990977
-0.00105009
-0.00110725
-0.00116236
-0.00121536
-0.00126617
-0.00131471
-0.00136092
-0.00140473
-0.00144609
-0.00148494
-0.00152123
-0.0015549
-0.00158593
-0.00161426
-0.00163987
-0.00166271
-0.00168275
-0.00169999
-0.00171438
-0.00172591
-0.00173458
-0.00174036
-0.00174325
0.0016681
0.00161591
0.00156503
0.00151545
0.00146714
0.00173644
0.00168244
0.00162979
0.00157848
0.00152848
0.00147977
0.00175676
0.00170199
0.00164862
0.00159661
0.00154593
0.0017747
0.0017193
0.00166532
0.00161272
0.00156147
0.00179134
0.00173536
0.00168083
0.0016277
0.00157594
0.0018075
0.00175096
0.00169588
0.00164223
0.00158998
0.00182315
0.00176607
0.00171047
0.00165631
0.00160357
0.00183821
0.00178061
0.0017245
0.00166986
0.00161665
0.00185267
0.00179456
0.00173797
0.00168286
0.0016292
0.00186653
0.00180794
0.00175088
0.00169532
0.00164122
0.00187978
0.00182072
0.00176322
0.00170723
0.00165272
0.00189241
0.00183291
0.00177498
0.00171859
0.00166368
0.00196596
0.00190442
0.00184449
0.00178616
0.00172939
0.00167408
0.00197775
0.00191581
0.00185548
0.00179674
0.00173957
0.00168395
0.00198888
0.00192658
0.00186582
0.00180674
0.00174923
0.00169327
0.00199934
0.00193655
0.00187555
0.00181614
0.0017583
0.00170202
0.0020091
0.00194603
0.00188467
0.00182494
0.00176679
0.00171021
0.00201822
0.00195483
0.00189315
0.00183312
0.00177469
0.00202665
0.00196297
0.001901
0.00184069
0.001782
0.0020344
0.00197044
0.00190821
0.00184765
0.00178871
0.00204145
0.00197724
0.00191477
0.00185398
0.00179483
0.0020478
0.00198337
0.00192069
0.00185969
0.00180034
0.00205346
0.00198883
0.00192596
0.00186478
0.00180525
0.00205842
0.00199362
0.00193057
0.00186923
0.00180954
0.00206267
0.00199772
0.00193453
0.00187305
0.00181323
0.00206622
0.00200115
0.00193783
0.00187624
0.00181631
0.00206906
0.00200389
0.00194048
0.00187879
0.00181877
0.0020712
0.00200594
0.00194246
0.0018807
0.00182062
0.00207262
0.00200732
0.00194379
0.00188198
0.00182185
0.00207333
0.002008
0.00194445
0.00188262
0.00182247
)
;

boundaryField
{
    inlet
    {
        type            zeroGradient;
    }
    outlet
    {
        type            fixedValue;
        value           nonuniform 0();
    }
    cylinder
    {
        type            zeroGradient;
    }
    top
    {
        type            symmetryPlane;
    }
    bottom
    {
        type            symmetryPlane;
    }
    defaultFaces
    {
        type            empty;
    }
    procBoundary54to53
    {
        type            processor;
        value           nonuniform List<scalar> 
185
(
0.0021405
0.00213976
0.00213829
0.00213608
0.00213314
0.00212946
0.00212505
0.00211992
0.00211405
0.00210746
0.00210015
0.00209211
0.00208337
0.00207394
0.0020638
0.00205296
0.00204143
0.00196596
0.00196596
0.00195352
0.00194044
0.00192671
0.00191236
0.00189737
0.00188177
0.00186555
0.00184881
0.00183158
0.00181298
0.00179186
0.00172164
0.00172164
0.00173941
0.00166768
0.00160392
0.00154082
0.00147376
0.00140386
0.00133146
0.00125665
0.00117962
0.00110055
0.00101961
0.000936982
0.000852851
0.000767394
0.00068079
0.000593217
0.000504853
0.000415872
0.000326449
0.000236756
0.00014696
5.72298e-05
-3.2272e-05
-0.000121385
-0.000209951
-0.000297817
-0.000384833
-0.000470853
-0.000555734
-0.000639339
-0.000721534
-0.00080219
-0.000881181
-0.000958388
-0.00103369
-0.00110699
-0.00117816
-0.00124712
-0.00131376
-0.00137798
-0.00143971
-0.00149886
-0.00155534
-0.00160909
-0.00166003
-0.0017081
-0.00175324
-0.00179539
-0.00183449
-0.00187051
-0.00190339
-0.00193309
-0.00195959
-0.00198284
-0.00200282
-0.0020195
-0.00203288
-0.00204292
-0.00204963
-0.00205297
-0.00176514
-0.00181161
-0.00185501
-0.00189527
-0.00193234
-0.00196619
-0.00199676
-0.00202403
-0.00204796
-0.00206853
-0.0020857
-0.00209947
-0.0021098
-0.0021167
-0.00212015
0.00173942
0.00166769
0.00160393
0.00154083
0.00147377
0.00140387
0.00133147
0.00125666
0.00117963
0.00110056
0.00101962
0.000936991
0.00085286
0.000767403
0.000680798
0.000593225
0.000504861
0.00041588
0.000326457
0.000236763
0.000146968
5.72375e-05
-3.22644e-05
-0.000121377
-0.000209943
-0.00029781
-0.000384826
-0.000470845
-0.000555727
-0.000639332
-0.000721527
-0.000802183
-0.000881174
-0.000958381
-0.00103369
-0.00110698
-0.00117816
-0.00124711
-0.00131375
-0.00137798
-0.00143971
-0.00149885
-0.00155534
-0.00160908
-0.00166003
-0.00166003
0.00172165
0.00172165
0.00179187
0.00181299
0.00183158
0.00184882
0.00186555
0.00188177
0.00189738
0.00191236
0.00192671
0.00194044
0.00195352
0.00195352
0.00202922
0.00204143
0.00205296
0.0020638
0.00207394
0.00208337
0.00209211
0.00210014
0.00210745
0.00211404
0.00211991
0.00212505
0.00212945
0.00213313
0.00213607
0.00213828
0.00213976
0.0021405
)
;
    }
    procBoundary54to55
    {
        type            processor;
        value           nonuniform List<scalar> 
184
(
0.00176394
0.00176334
0.00176215
0.00176037
0.00175799
0.00175503
0.00175147
0.00174732
0.00174258
0.00173726
0.00173136
0.00172488
0.00172488
0.00166249
0.00165513
0.00164723
0.00163878
0.00162979
0.00162026
0.00161022
0.00159964
0.00158854
0.00157693
0.00156481
0.00155219
0.00153907
0.00152551
0.00151155
0.00151155
0.00144844
0.00143227
0.00142004
0.00142902
0.00137269
0.0013216
0.00127064
0.00121653
0.00116009
0.00110156
0.00104103
0.000978629
0.000914514
0.00084882
0.00078169
0.000713269
0.000643701
0.00057313
0.000501699
0.000429554
0.000356835
0.000283686
0.000210247
0.000136656
6.3051e-05
-1.04327e-05
-8.36619e-05
-0.000156506
-0.000228836
-0.000300527
-0.000371457
-0.000441505
-0.000510555
-0.000578493
-0.00064521
-0.000710599
-0.000774557
-0.000836985
-0.000897787
-0.000956871
-0.00101415
-0.00106953
-0.00112295
-0.00117431
-0.00122356
-0.00127061
-0.00131541
-0.00135788
-0.00139798
-0.00143565
-0.00147084
-0.0015035
-0.00153359
-0.00156107
-0.0015859
-0.00160805
-0.0016275
-0.00164421
-0.00165817
-0.00166936
-0.00167777
-0.00168338
-0.00168618
0.00142903
0.0013727
0.00132161
0.00127065
0.00121654
0.0011601
0.00110157
0.00104103
0.000978637
0.000914522
0.000848828
0.000781698
0.000713277
0.000643709
0.000573137
0.000501707
0.000429561
0.000356843
0.000283694
0.000210254
0.000136663
6.30586e-05
-1.0425e-05
-8.36541e-05
-0.000156498
-0.000228828
-0.00030052
-0.000371449
-0.000441497
-0.000510547
-0.000578486
-0.000645203
-0.000710592
-0.00077455
-0.000836978
-0.00089778
-0.000956863
-0.00101414
-0.00106953
-0.00112294
-0.00117431
-0.00122355
-0.0012706
-0.0013154
-0.00135788
-0.00139798
-0.00143565
-0.00147083
-0.00150349
-0.00153358
-0.00156106
-0.00158589
-0.00160805
-0.00162749
-0.00164421
-0.00165817
-0.00166936
-0.00167776
-0.00168337
-0.00168617
0.00142006
0.00143229
0.00149656
0.00149656
0.00151156
0.00152553
0.00153908
0.0015522
0.00156482
0.00157694
0.00158855
0.00159964
0.00161022
0.00162026
0.00162979
0.00163878
0.00164723
0.00165514
0.00171783
0.00171783
0.00172489
0.00173137
0.00173727
0.00174259
0.00174732
0.00175147
0.00175503
0.00175799
0.00176037
0.00176215
0.00176334
0.00176394
)
;
    }
}


// ************************************************************************* //
