/*--------------------------------*- C++ -*----------------------------------*\
  =========                 |
  \\      /  F ield         | OpenFOAM: The Open Source CFD Toolbox
   \\    /   O peration     | Website:  https://openfoam.org
    \\  /    A nd           | Version:  7
     \\/     M anipulation  |
\*---------------------------------------------------------------------------*/
FoamFile
{
    version     2.0;
    format      ascii;
    class       volScalarField;
    location    "40";
    object      p;
}
// * * * * * * * * * * * * * * * * * * * * * * * * * * * * * * * * * * * * * //

dimensions      [0 2 -2 0 0 0 0];

internalField   nonuniform List<scalar> 
392
(
-0.319236
-0.317938
-0.316434
-0.314731
-0.312837
-0.319468
-0.31815
-0.316628
-0.314907
-0.312997
-0.319929
-0.318574
-0.317014
-0.315258
-0.313312
-0.311188
-0.320616
-0.319204
-0.317588
-0.315777
-0.313779
-0.311606
-0.321524
-0.320034
-0.318344
-0.31646
-0.314391
-0.31215
-0.322644
-0.321059
-0.319273
-0.317296
-0.315137
-0.312811
-0.322268
-0.320367
-0.318277
-0.316008
-0.313576
-0.323654
-0.321617
-0.319393
-0.316992
-0.314435
-0.325208
-0.323013
-0.320633
-0.318078
-0.315374
-0.312574
-0.324547
-0.321987
-0.319255
-0.316378
-0.313423
-0.326211
-0.323449
-0.320513
-0.317437
-0.3143
-0.328001
-0.325011
-0.321846
-0.318543
-0.315192
-0.311702
-0.326674
-0.323251
-0.319688
-0.316092
-0.312353
-0.328438
-0.32473
-0.320874
-0.316992
-0.31296
-0.326292
-0.322107
-0.317897
-0.313519
-0.307766
-0.327951
-0.323403
-0.318817
-0.314029
-0.307639
-0.324788
-0.319776
-0.314502
-0.307347
-0.303087
-0.326303
-0.320814
-0.314968
-0.306887
-0.301965
-0.321998
-0.315485
-0.306277
-0.300393
-0.316177
-0.305615
-0.29833
-0.305128
-0.295792
-0.304834
-0.292235
-0.286413
-0.286413
-0.304834
-0.292235
-0.317258
-0.305128
-0.295792
-0.316177
-0.305615
-0.29833
-0.321998
-0.315485
-0.306277
-0.300393
-0.326303
-0.320814
-0.314968
-0.306887
-0.301965
-0.324788
-0.319776
-0.314502
-0.307347
-0.303087
-0.327951
-0.323403
-0.318817
-0.314029
-0.307639
-0.326292
-0.322107
-0.317897
-0.313519
-0.307766
-0.328438
-0.32473
-0.320874
-0.316992
-0.31296
-0.326674
-0.323251
-0.319688
-0.316092
-0.312353
-0.328001
-0.325011
-0.321846
-0.318543
-0.315192
-0.311702
-0.326211
-0.323449
-0.320513
-0.317437
-0.3143
-0.326922
-0.324547
-0.321987
-0.319255
-0.316378
-0.313423
-0.325208
-0.323013
-0.320633
-0.318078
-0.315374
-0.312574
-0.323654
-0.321617
-0.319393
-0.316992
-0.314435
-0.322268
-0.320367
-0.318277
-0.316008
-0.313576
-0.322644
-0.321059
-0.319273
-0.317296
-0.315137
-0.312811
-0.321524
-0.320034
-0.318344
-0.31646
-0.314391
-0.31215
-0.320616
-0.319204
-0.317588
-0.315777
-0.313779
-0.311606
-0.319929
-0.318574
-0.317014
-0.315258
-0.313312
-0.311188
-0.319468
-0.31815
-0.316628
-0.314907
-0.312997
-0.319236
-0.317938
-0.316434
-0.314731
-0.312837
-0.345905
-0.347165
-0.346786
-0.342728
-0.315327
-0.329352
-0.312156
-0.288447
-0.298571
-0.280446
-0.287626
-0.272705
-0.276972
-0.264464
-0.266191
-0.25458
-0.254786
-0.242886
-0.242431
-0.229659
-0.22918
-0.215404
-0.215312
-0.200692
-0.201197
-0.186035
-0.1872
-0.171836
-0.173627
-0.158364
-0.160701
-0.145777
-0.14856
-0.134141
-0.137273
-0.12346
-0.126853
-0.113699
-0.11728
-0.104802
-0.108513
-0.096704
-0.100498
-0.089338
-0.0931818
-0.0826404
-0.0865077
-0.0765521
-0.0804239
-0.0710193
-0.0748818
-0.0659938
-0.0698371
-0.0614327
-0.06525
-0.0572977
-0.0610845
-0.053555
-0.0573085
-0.0501745
-0.0538934
-0.0471297
-0.0508138
-0.0443972
-0.0480471
-0.0419563
-0.0455734
-0.0397892
-0.0433751
-0.0378798
-0.0414369
-0.0362147
-0.0397454
-0.0347819
-0.0382891
-0.0335714
-0.0370582
-0.0325749
-0.0360444
-0.0317855
-0.0352411
-0.0311978
-0.034643
-0.030808
-0.0342461
-0.0306123
-0.0340479
-0.288447
-0.280446
-0.272705
-0.264464
-0.25458
-0.242886
-0.229659
-0.215404
-0.200692
-0.186035
-0.171836
-0.158364
-0.145777
-0.134141
-0.12346
-0.113699
-0.104802
-0.0967041
-0.089338
-0.0826404
-0.0765521
-0.0710193
-0.0659938
-0.0614327
-0.0572978
-0.053555
-0.0501745
-0.0471297
-0.0443972
-0.0419564
-0.0397892
-0.0378799
-0.0362147
-0.0347819
-0.0335714
-0.0325749
-0.0317855
-0.0311978
-0.030808
-0.0306123
-0.298571
-0.287626
-0.276972
-0.266191
-0.254786
-0.242431
-0.22918
-0.215312
-0.201197
-0.1872
-0.173627
-0.160701
-0.14856
-0.137273
-0.126853
-0.11728
-0.108513
-0.100498
-0.0931818
-0.0865077
-0.0804239
-0.0748818
-0.0698371
-0.06525
-0.0610845
-0.0573085
-0.0538934
-0.0508138
-0.0480471
-0.0455734
-0.0433751
-0.0414369
-0.0397454
-0.0382891
-0.0370582
-0.0360444
-0.0352411
-0.034643
-0.0342461
-0.034048
-0.329352
-0.312156
-0.342728
-0.315327
-0.346786
-0.347165
-0.345905
)
;

boundaryField
{
    inlet
    {
        type            zeroGradient;
    }
    outlet
    {
        type            fixedValue;
        value           nonuniform 0();
    }
    cylinder
    {
        type            zeroGradient;
    }
    top
    {
        type            symmetryPlane;
    }
    bottom
    {
        type            symmetryPlane;
    }
    defaultFaces
    {
        type            empty;
    }
    procBoundary24to23
    {
        type            processor;
        value           nonuniform List<scalar> 
148
(
-0.320324
-0.320575
-0.321075
-0.32182
-0.322805
-0.324024
-0.323971
-0.323971
-0.325495
-0.327207
-0.326922
-0.326922
-0.328788
-0.330803
-0.329915
-0.329915
-0.331954
-0.330312
-0.330312
-0.332309
-0.329733
-0.329733
-0.331675
-0.32801
-0.32801
-0.323438
-0.323438
-0.317258
-0.317258
-0.318933
-0.304713
-0.304713
-0.288898
-0.288898
-0.288898
-0.288898
-0.304713
-0.304713
-0.318933
-0.318933
-0.325294
-0.323438
-0.323438
-0.32801
-0.32801
-0.331675
-0.329733
-0.329733
-0.332309
-0.330312
-0.330312
-0.331954
-0.329915
-0.329915
-0.330803
-0.328788
-0.328788
-0.329101
-0.327207
-0.325495
-0.323971
-0.323971
-0.324024
-0.322805
-0.32182
-0.321075
-0.320575
-0.320324
-0.359906
-0.35227
-0.33073
-0.310131
-0.287859
-0.265116
-0.242751
-0.221415
-0.201556
-0.183395
-0.166978
-0.152233
-0.139021
-0.127183
-0.116559
-0.107003
-0.0983896
-0.0906095
-0.0835711
-0.0771962
-0.0714179
-0.0661786
-0.0614281
-0.0571229
-0.0532248
-0.0497001
-0.0465195
-0.0436569
-0.0410896
-0.0387976
-0.0367633
-0.0349717
-0.0334094
-0.0320651
-0.0309293
-0.0299938
-0.0292523
-0.0286991
-0.0283319
-0.0281427
-0.359906
-0.35227
-0.33073
-0.310131
-0.287859
-0.265116
-0.242751
-0.221415
-0.201556
-0.183395
-0.166978
-0.152233
-0.139021
-0.127183
-0.116559
-0.107003
-0.0983896
-0.0906095
-0.0835711
-0.0771962
-0.0714179
-0.0661786
-0.0614282
-0.057123
-0.0532248
-0.0497001
-0.0465195
-0.0436569
-0.0410896
-0.0387976
-0.0367634
-0.0349717
-0.0334094
-0.0320651
-0.0309293
-0.0299939
-0.0292523
-0.0286992
-0.0283319
-0.0281427
)
;
    }
    procBoundary24to25
    {
        type            processor;
        value           nonuniform List<scalar> 
142
(
-0.310762
-0.310905
-0.310905
-0.3089
-0.309275
-0.309761
-0.310347
-0.31102
-0.311767
-0.311767
-0.309625
-0.310322
-0.31102
-0.31102
-0.30733
-0.307592
-0.307743
-0.307743
-0.304285
-0.303838
-0.303838
-0.336876
-0.340405
-0.343521
-0.343521
-0.340405
-0.303838
-0.336876
-0.303838
-0.304285
-0.307743
-0.307743
-0.307592
-0.30733
-0.31102
-0.31102
-0.310322
-0.309625
-0.311767
-0.311767
-0.31102
-0.310347
-0.309761
-0.309275
-0.3089
-0.310905
-0.310905
-0.310762
-0.343521
-0.311079
-0.312687
-0.314346
-0.314346
-0.305866
-0.305287
-0.302357
-0.292412
-0.281044
-0.269107
-0.256405
-0.242963
-0.229012
-0.214846
-0.200764
-0.187032
-0.173858
-0.161384
-0.149694
-0.13882
-0.128762
-0.119494
-0.110977
-0.103165
-0.0960099
-0.0894624
-0.0834768
-0.07801
-0.0730223
-0.0684773
-0.0643423
-0.0605875
-0.0571865
-0.0541153
-0.0513528
-0.0488801
-0.0466805
-0.0447395
-0.0430443
-0.0415838
-0.0403486
-0.0393309
-0.0385242
-0.0379235
-0.0375248
-0.0373261
-0.302357
-0.292413
-0.281044
-0.269107
-0.256405
-0.242963
-0.229012
-0.214846
-0.200764
-0.187032
-0.173858
-0.161384
-0.149694
-0.13882
-0.128762
-0.119494
-0.110977
-0.103165
-0.0960099
-0.0894624
-0.0834768
-0.07801
-0.0730223
-0.0684773
-0.0643423
-0.0605876
-0.0571865
-0.0541153
-0.0513528
-0.0488801
-0.0466806
-0.0447395
-0.0430443
-0.0415838
-0.0403487
-0.039331
-0.0385243
-0.0379235
-0.0375248
-0.0373261
-0.305287
-0.305866
-0.314347
-0.314347
-0.312687
-0.311079
-0.343521
)
;
    }
}


// ************************************************************************* //
