/*--------------------------------*- C++ -*----------------------------------*\
  =========                 |
  \\      /  F ield         | OpenFOAM: The Open Source CFD Toolbox
   \\    /   O peration     | Website:  https://openfoam.org
    \\  /    A nd           | Version:  7
     \\/     M anipulation  |
\*---------------------------------------------------------------------------*/
FoamFile
{
    version     2.0;
    format      ascii;
    class       volVectorField;
    location    "10";
    object      U;
}
// * * * * * * * * * * * * * * * * * * * * * * * * * * * * * * * * * * * * * //

dimensions      [0 1 -1 0 0 0 0];

internalField   nonuniform List<vector> 
928
(
(1.1433 0.45013 9.08239e-22)
(1.14735 0.440327 1.46046e-20)
(1.1151 0.47297 -6.71199e-21)
(1.12312 0.464097 -2.23815e-20)
(1.12934 0.454499 2.4361e-20)
(1.13373 0.444228 -2.17142e-20)
(1.07842 0.493357 -7.99869e-21)
(1.08994 0.486148 1.42933e-21)
(1.09985 0.477683 2.45506e-21)
(1.10819 0.468186 -2.83396e-20)
(1.11481 0.458067 1.12708e-20)
(1.11964 0.447381 1.54792e-21)
(1.03394 0.51006 -1.0722e-20)
(1.04884 0.5052 -2.23249e-20)
(1.06202 0.498643 6.2906e-21)
(1.07365 0.490658 9.83149e-21)
(1.08384 0.481499 -1.607e-21)
(1.0926 0.471405 1.86639e-20)
(1.09974 0.460805 2.87504e-21)
(1.10512 0.449764 -2.06982e-22)
(1.0003 0.519852 -9.32642e-21)
(1.01681 0.516082 9.39548e-21)
(1.03154 0.510366 5.28594e-21)
(1.04472 0.502986 8.33273e-21)
(1.05653 0.494237 -1.10263e-21)
(1.06707 0.484397 -3.51005e-21)
(1.07637 0.473728 -1.61732e-21)
(0.944121 0.528176 1.7627e-20)
(0.964381 0.528182 -7.26316e-21)
(0.982506 0.525758 1.00135e-20)
(0.998743 0.521135 1.43053e-20)
(1.01335 0.514577 1.63737e-21)
(1.02656 0.506386 -3.7094e-21)
(1.03858 0.496879 2.97025e-21)
(1.04956 0.486362 4.60143e-22)
(0.879657 0.528218 -2.21573e-20)
(0.904199 0.532878 -3.93058e-21)
(0.926269 0.534725 7.95982e-21)
(0.946068 0.533922 -1.69634e-20)
(0.963829 0.530674 6.06759e-21)
(0.979813 0.525222 -5.65769e-21)
(0.994297 0.517842 -2.54559e-21)
(1.00755 0.50885 -4.35973e-22)
(0.835523 0.528269 -9.82649e-21)
(0.862047 0.535191 -4.86526e-21)
(0.886005 0.539129 5.42729e-21)
(0.907567 0.54022 1.93003e-21)
(0.926936 0.53864 -4.386e-21)
(0.944354 0.534602 1.00522e-21)
(0.960093 0.528353 -7.32762e-24)
(0.97445 0.52018 3.77336e-21)
(0.757892 0.512781 7.17993e-22)
(0.789158 0.525389 -1.23535e-20)
(0.817696 0.534783 9.38436e-21)
(0.843607 0.541042 -1.71647e-21)
(0.867025 0.54428 -1.82009e-21)
(0.888117 0.544647 -3.33639e-22)
(0.907088 0.54233 -3.43219e-21)
(0.92418 0.537546 -1.71064e-21)
(0.939672 0.530548 -5.22127e-21)
(0.707376 0.503899 1.0254e-20)
(0.740647 0.519282 -4.80912e-21)
(0.771197 0.531338 2.72003e-21)
(0.799095 0.540126 -3.83053e-21)
(0.82444 0.545739 2.94946e-21)
(0.847365 0.548306 -1.88223e-21)
(0.868031 0.54799 4.70035e-21)
(0.886638 0.544985 -4.40459e-21)
(0.617035 0.469628 3.21361e-21)
(0.65493 0.491369 -1.13552e-21)
(0.690124 0.509681 1.30628e-21)
(0.722637 0.524569 -1.34252e-21)
(0.752512 0.536071 6.64733e-22)
(0.779817 0.544263 -5.58891e-21)
(0.804649 0.549252 -6.51951e-21)
(0.827133 0.551183 2.79195e-20)
(0.847425 0.55023 9.01756e-21)
(0.561189 0.450106 -1.73087e-21)
(0.600787 0.474979 2.54137e-21)
(0.637778 0.496355 -2.58729e-21)
(0.67216 0.514222 -6.07332e-22)
(0.703952 0.528603 -6.51556e-21)
(0.733198 0.539551 1.46121e-20)
(0.759963 0.547158 -1.30152e-20)
(0.784339 0.551549 -5.98569e-21)
(0.806443 0.552881 -2.28794e-20)
(0.460587 0.394847 2.55986e-21)
(0.504143 0.426448 -1.05973e-20)
(0.545246 0.454553 5.56334e-21)
(0.583861 0.479107 -1.82392e-20)
(0.619969 0.500082 3.12497e-21)
(0.65357 0.517483 9.95236e-21)
(0.684682 0.531345 -7.50202e-21)
(0.713348 0.541741 7.00984e-21)
(0.739629 0.548778 -1.04049e-20)
(0.401633 0.363606 -2.08292e-21)
(0.446297 0.398545 -4.08969e-21)
(0.488665 0.429962 -7.84753e-21)
(0.52869 0.457786 2.93358e-20)
(0.566336 0.481974 -8.69768e-21)
(0.601587 0.502515 -1.34352e-20)
(0.634441 0.519426 -6.50781e-21)
(0.664916 0.532761 1.75879e-20)
(0.693052 0.542608 -7.44374e-21)
(0.342641 0.328027 -2.2749e-21)
(0.388114 0.366345 1.32005e-20)
(0.431469 0.401125 -1.3972e-20)
(0.472646 0.432285 -5.91049e-21)
(0.511599 0.459769 1.51513e-20)
(0.548294 0.483547 -2.72698e-20)
(0.582714 0.50362 2.98683e-20)
(0.614857 0.520023 -3.13827e-20)
(0.64474 0.532822 -2.28608e-21)
(0.284166 0.288147 -2.25993e-20)
(0.330112 0.329854 -9.67435e-21)
(0.374137 0.368021 -8.7383e-22)
(0.416172 0.402555 1.45135e-20)
(0.456159 0.433388 7.2398e-21)
(0.494051 0.460474 1.36694e-20)
(0.529816 0.483797 -7.26073e-20)
(0.563434 0.503371 1.59321e-20)
(0.594903 0.519246 1.92437e-20)
(0.17913 0.195595 1.43531e-20)
(0.226809 0.244075 4.48092e-21)
(0.272861 0.289147 -1.29643e-20)
(0.317205 0.330691 1.61311e-20)
(0.359767 0.368606 -1.51097e-20)
(0.400478 0.40281 3.40392e-20)
(0.43928 0.433245 3.32068e-20)
(0.476126 0.459876 -5.34357e-20)
(0.510982 0.4827 5.68369e-20)
(0.543828 0.501746 -1.66386e-20)
(0.124055 0.144262 -1.19181e-20)
(0.171214 0.196002 -3.61928e-20)
(0.216977 0.244374 2.13935e-20)
(0.261259 0.28925 -3.46323e-21)
(0.303983 0.330516 -5.353e-20)
(0.345072 0.36808 2.6051e-20)
(0.384459 0.401869 -3.97898e-20)
(0.422085 0.431835 -1.52283e-20)
(0.457901 0.457956 -6.30904e-21)
(0.491873 0.480242 4.96743e-21)
(0.0718896 0.0892977 5.57301e-20)
(0.118055 0.144209 1.49506e-20)
(0.16311 0.195774 -1.67582e-20)
(0.206925 0.243891 2.30731e-20)
(0.249417 0.28844 1.55005e-20)
(0.290508 0.329313 -1.65523e-20)
(0.330121 0.366426 -2.54983e-20)
(0.368189 0.399716 3.89322e-20)
(0.404651 0.429146 -4.7252e-21)
(0.439458 0.454703 5.18693e-20)
(0.023439 0.0310534 -1.01031e-20)
(0.0680773 0.0890325 7.7251e-21)
(0.111938 0.143673 5.73061e-21)
(0.154858 0.194898 1.09606e-20)
(0.196703 0.242614 -1.41958e-20)
(0.237391 0.286704 -2.97966e-20)
(0.276844 0.327069 1.67343e-20)
(0.314985 0.363633 2.88039e-20)
(0.351743 0.396342 1.07333e-20)
(0.387057 0.425167 -1.73703e-20)
(0.0220862 0.0308746 -1.95186e-20)
(0.0642065 0.0884597 2.28184e-20)
(0.105735 0.142648 6.5152e-21)
(0.146499 0.193369 4.23776e-20)
(0.186362 0.240534 -3.33068e-20)
(0.225241 0.284034 2.2804e-20)
(0.263057 0.323777 -2.70804e-20)
(0.299733 0.359694 -2.27465e-20)
(0.335195 0.391741 3.48488e-20)
(0.0207183 0.030586 6.34772e-22)
(0.0602973 0.0875766 -5.59937e-20)
(0.0994758 0.141129 6.18698e-21)
(0.138075 0.19118 -3.6548e-20)
(0.175952 0.237647 7.16847e-20)
(0.213024 0.280427 -2.68666e-20)
(0.249212 0.319435 7.17819e-20)
(0.284436 0.354609 9.7264e-21)
(0.318621 0.385915 -7.2209e-20)
(0.0193425 0.0301871 -1.81235e-20)
(0.0563699 0.0863819 -1.4166e-20)
(0.0931941 0.139116 5.06385e-20)
(0.129628 0.188332 3.47555e-20)
(0.165525 0.233954 -3.92763e-20)
(0.200801 0.275884 -3.6036e-20)
(0.235376 0.314045 -1.72069e-20)
(0.269167 0.348383 -2.0157e-20)
(0.0179659 0.0296778 -2.5193e-20)
(0.0524447 0.0848757 -3.3921e-20)
(0.0869215 0.136609 2.36835e-20)
(0.121201 0.184826 7.29469e-20)
(0.155133 0.229457 -3.65414e-20)
(0.188631 0.270411 -1.92641e-20)
(0.221613 0.307615 6.23107e-20)
(0.016596 0.0290586 -1.72588e-20)
(0.0485422 0.08306 3.24294e-20)
(0.0806904 0.133612 9.76625e-21)
(0.112838 0.180668 3.25695e-21)
(0.144827 0.224165 3.01942e-20)
(0.176573 0.264016 2.2261e-20)
(0.0152401 0.0283307 5.09306e-20)
(0.0446831 0.0809383 -1.97664e-20)
(0.074533 0.130131 -8.09107e-20)
(0.104579 0.175867 -1.87548e-20)
(0.13466 0.218088 6.19456e-20)
(0.0139055 0.0274958 5.73229e-21)
(0.0408876 0.0785156 1.04564e-20)
(0.0684814 0.126174 8.58464e-21)
(0.0964684 0.170433 1.52434e-20)
(0.124681 0.211241 9.6691e-20)
(0.0125994 0.0265561 1.4626e-20)
(0.0371759 0.0757986 6.10566e-20)
(0.0625671 0.121752 -1.52317e-19)
(0.0885468 0.164383 -1.00428e-20)
(0.0113287 0.0255145 -6.02889e-20)
(0.0335676 0.0727953 1.7158e-20)
(0.0568209 0.116878 1.20036e-19)
(0.0808549 0.157733 -8.9291e-20)
(0.0101005 0.0243743 -1.01524e-20)
(0.0300819 0.0695154 6.38318e-20)
(0.0512728 0.111567 -6.66378e-20)
(0.00892139 0.0231393 5.03413e-20)
(0.0267373 0.0659698 -2.09337e-23)
(0.00779766 0.0218139 2.71001e-20)
(0.0235516 0.0621708 -2.44366e-20)
(0.00673542 0.0204029 -3.29207e-20)
(0.00574042 0.0189116 4.64623e-20)
(0.004818 0.0173455 -5.98511e-21)
(0.004818 -0.0173455 -4.58457e-21)
(0.00574042 -0.0189116 -2.43115e-20)
(0.00673542 -0.0204029 2.64061e-20)
(0.0205415 -0.058132 -1.62859e-21)
(0.00779766 -0.0218139 -5.49094e-21)
(0.0235516 -0.0621708 -1.32557e-20)
(0.00892139 -0.0231393 -2.30769e-20)
(0.0267373 -0.0659698 -1.64763e-21)
(0.0101005 -0.0243743 7.31825e-21)
(0.0300819 -0.0695154 -5.19441e-20)
(0.0512728 -0.111567 -9.65748e-21)
(0.0113287 -0.0255145 5.24815e-20)
(0.0335676 -0.0727953 -5.31672e-20)
(0.0568209 -0.116878 -6.59939e-20)
(0.0808549 -0.157733 1.0445e-19)
(0.0125994 -0.0265561 2.69572e-20)
(0.0371759 -0.0757986 -4.64861e-20)
(0.0625671 -0.121752 1.54856e-19)
(0.0885468 -0.164383 -7.17053e-20)
(0.0139055 -0.0274958 -5.78823e-20)
(0.0408876 -0.0785156 6.07885e-21)
(0.0684814 -0.126174 1.58985e-20)
(0.0964684 -0.170433 2.39563e-20)
(0.124681 -0.211241 5.0828e-20)
(0.0152401 -0.0283307 -5.70481e-20)
(0.0446831 -0.0809383 4.66243e-21)
(0.074533 -0.130131 2.52237e-20)
(0.104579 -0.175867 -9.90718e-21)
(0.13466 -0.218088 -7.42127e-20)
(0.164687 -0.256714 3.81878e-20)
(0.016596 -0.0290586 4.90351e-21)
(0.0485422 -0.08306 1.07618e-20)
(0.0806904 -0.133612 4.35126e-20)
(0.112838 -0.180668 -4.45482e-20)
(0.144827 -0.224165 -6.72388e-20)
(0.176573 -0.264016 3.51329e-20)
(0.0179659 -0.0296778 7.96767e-22)
(0.0524447 -0.0848757 -3.59647e-20)
(0.0869215 -0.136609 3.27018e-20)
(0.121201 -0.184826 -3.18016e-21)
(0.155133 -0.229457 2.15703e-20)
(0.188631 -0.270411 1.0287e-20)
(0.221613 -0.307615 -4.64702e-20)
(0.0193425 -0.0301871 -3.93192e-21)
(0.0563699 -0.0863819 6.95648e-20)
(0.0931941 -0.139116 -4.11189e-20)
(0.129628 -0.188332 -4.09519e-20)
(0.165525 -0.233954 5.58084e-20)
(0.200801 -0.275884 -3.64638e-20)
(0.235375 -0.314045 3.427e-20)
(0.269167 -0.348383 -7.13473e-20)
(0.0207183 -0.030586 5.06597e-20)
(0.0602973 -0.0875766 -5.52096e-20)
(0.0994758 -0.141129 3.25945e-20)
(0.138075 -0.19118 -3.15833e-20)
(0.175952 -0.237647 -7.23142e-20)
(0.213024 -0.280427 5.02341e-20)
(0.249212 -0.319435 1.11528e-20)
(0.284436 -0.354609 6.01586e-21)
(0.318621 -0.385915 5.44092e-22)
(0.0220862 -0.0308746 -1.37765e-20)
(0.0642065 -0.0884597 2.11611e-20)
(0.105734 -0.142648 -4.06311e-20)
(0.146499 -0.193369 1.95628e-22)
(0.186362 -0.240534 6.10235e-20)
(0.225241 -0.284034 1.43898e-20)
(0.263057 -0.323777 -6.66469e-20)
(0.299733 -0.359694 5.64657e-20)
(0.335195 -0.391741 1.11381e-20)
(0.023439 -0.0310534 9.27728e-21)
(0.0680772 -0.0890325 4.70813e-21)
(0.111938 -0.143673 -2.81641e-20)
(0.154858 -0.194898 5.91567e-20)
(0.196703 -0.242614 -3.8576e-20)
(0.237391 -0.286704 7.00258e-21)
(0.276844 -0.327069 1.15652e-20)
(0.314985 -0.363633 5.61759e-22)
(0.351743 -0.396342 3.39239e-20)
(0.387057 -0.425167 -5.63902e-20)
(0.0718896 -0.0892977 -7.4097e-20)
(0.118055 -0.144209 3.33424e-20)
(0.16311 -0.195774 2.61356e-20)
(0.206925 -0.243891 -6.49092e-21)
(0.249417 -0.28844 9.05298e-21)
(0.290508 -0.329313 3.97402e-20)
(0.330121 -0.366426 1.27435e-20)
(0.368189 -0.399716 -4.23086e-20)
(0.404651 -0.429146 3.9462e-20)
(0.439458 -0.454703 -3.73262e-21)
(0.124055 -0.144262 -2.02016e-20)
(0.171214 -0.196002 4.74671e-20)
(0.216977 -0.244374 -4.12777e-20)
(0.261259 -0.28925 -3.3846e-20)
(0.303983 -0.330516 1.24994e-20)
(0.345072 -0.36808 -2.65429e-20)
(0.384459 -0.401869 -1.31225e-21)
(0.422085 -0.431835 8.86336e-22)
(0.457901 -0.457956 6.09712e-21)
(0.491873 -0.480242 -6.49291e-22)
(0.17913 -0.195595 -3.18711e-20)
(0.226809 -0.244075 -7.40302e-21)
(0.272861 -0.289147 2.0496e-20)
(0.317205 -0.330691 1.53291e-20)
(0.359767 -0.368606 -1.36404e-20)
(0.400478 -0.40281 1.53209e-20)
(0.43928 -0.433245 -2.04227e-20)
(0.476126 -0.459876 1.4958e-20)
(0.510982 -0.4827 -3.66483e-20)
(0.543828 -0.501746 1.73647e-20)
(0.284166 -0.288147 2.15109e-20)
(0.330112 -0.329854 -3.32037e-22)
(0.374136 -0.368021 6.64198e-21)
(0.416172 -0.402555 -3.25504e-20)
(0.456159 -0.433388 1.0859e-20)
(0.494051 -0.460474 -3.94151e-20)
(0.529816 -0.483797 4.84854e-20)
(0.563434 -0.503371 8.9922e-21)
(0.594903 -0.519246 -8.12901e-21)
(0.342641 -0.328027 -4.949e-22)
(0.388114 -0.366345 -1.66128e-20)
(0.431469 -0.401125 1.16618e-20)
(0.472646 -0.432285 -2.42075e-20)
(0.511599 -0.459769 1.54956e-21)
(0.548294 -0.483547 4.01093e-20)
(0.582714 -0.50362 -5.88794e-20)
(0.614857 -0.520023 2.4245e-20)
(0.64474 -0.532822 8.67904e-21)
(0.401633 -0.363606 3.39428e-21)
(0.446297 -0.398545 1.35372e-20)
(0.488665 -0.429962 2.05766e-20)
(0.52869 -0.457786 -2.12125e-20)
(0.566336 -0.481974 -4.33099e-21)
(0.601587 -0.502515 1.19119e-20)
(0.634441 -0.519426 -1.10322e-20)
(0.664916 -0.532761 -1.24199e-20)
(0.693052 -0.542608 4.1171e-21)
(0.504143 -0.426448 -1.56676e-20)
(0.545246 -0.454553 -1.23254e-20)
(0.583861 -0.479107 2.32275e-20)
(0.619969 -0.500082 1.93358e-21)
(0.65357 -0.517483 2.18585e-21)
(0.684682 -0.531345 -4.68889e-21)
(0.713348 -0.541741 -4.94002e-23)
(0.739629 -0.548778 1.68025e-20)
(0.763611 -0.552596 1.38616e-20)
(0.561189 -0.450106 -3.17563e-23)
(0.600787 -0.474979 -8.39357e-21)
(0.637778 -0.496355 1.80472e-21)
(0.67216 -0.514222 1.28184e-21)
(0.703952 -0.528603 8.89712e-21)
(0.733198 -0.539551 -1.20117e-20)
(0.759963 -0.547158 1.71909e-20)
(0.784339 -0.551549 -2.78969e-20)
(0.806443 -0.552881 -3.81923e-21)
(0.617035 -0.469628 -2.54521e-21)
(0.65493 -0.491369 1.74398e-21)
(0.690124 -0.509681 5.51127e-22)
(0.722637 -0.524569 -7.09875e-22)
(0.752512 -0.536071 -6.98458e-21)
(0.779817 -0.544263 -2.96922e-21)
(0.804649 -0.549252 8.22232e-21)
(0.827133 -0.551183 -2.25801e-21)
(0.847425 -0.55023 -2.78468e-21)
(0.707376 -0.503899 -1.03877e-20)
(0.740647 -0.519282 6.67047e-21)
(0.771197 -0.531338 -5.82049e-22)
(0.799095 -0.540126 -3.21692e-21)
(0.82444 -0.545739 1.38185e-21)
(0.847365 -0.548306 3.56785e-21)
(0.868031 -0.54799 -1.17603e-20)
(0.886638 -0.544985 8.90747e-21)
(0.757892 -0.512781 -1.73781e-20)
(0.789158 -0.525389 1.03015e-20)
(0.817696 -0.534783 4.67593e-21)
(0.843607 -0.541042 2.30303e-21)
(0.867025 -0.54428 2.60173e-21)
(0.888117 -0.544647 1.46275e-21)
(0.907089 -0.54233 -4.13848e-22)
(0.92418 -0.537546 -9.18791e-22)
(0.939673 -0.530548 3.49434e-21)
(0.835523 -0.528269 7.98689e-22)
(0.862047 -0.535191 1.78539e-20)
(0.886005 -0.539129 -1.80972e-20)
(0.907567 -0.54022 1.45447e-21)
(0.926937 -0.53864 1.59812e-21)
(0.944354 -0.534602 1.1524e-21)
(0.960093 -0.528353 1.31276e-21)
(0.97445 -0.52018 -4.42016e-21)
(0.879657 -0.528218 1.13287e-20)
(0.904199 -0.532878 1.51697e-20)
(0.926269 -0.534725 -1.18116e-20)
(0.946068 -0.533923 -1.24738e-20)
(0.963829 -0.530674 -1.23717e-21)
(0.979814 -0.525222 1.97302e-21)
(0.994297 -0.517842 -2.60634e-21)
(1.00755 -0.50885 -7.50429e-22)
(1.01982 -0.498587 -7.80981e-22)
(0.944122 -0.528176 -6.36542e-21)
(0.964381 -0.528182 2.79205e-20)
(0.982506 -0.525759 1.15084e-20)
(0.998743 -0.521135 8.46278e-21)
(1.01335 -0.514578 5.78639e-21)
(1.02656 -0.506386 -7.15616e-21)
(1.03858 -0.496879 4.50474e-21)
(1.04956 -0.486362 8.30803e-22)
(1.0003 -0.519852 -5.70467e-21)
(1.01681 -0.516082 -2.06779e-20)
(1.03154 -0.510366 8.38911e-21)
(1.04472 -0.502986 1.45407e-20)
(1.05653 -0.494237 -6.75145e-22)
(1.06708 -0.484397 -2.04757e-21)
(1.07637 -0.473728 -3.51551e-21)
(1.08415 -0.462686 6.50217e-21)
(1.04884 -0.5052 1.29108e-20)
(1.06202 -0.498643 -2.81603e-20)
(1.07365 -0.490658 1.12635e-21)
(1.08384 -0.481499 3.47462e-20)
(1.0926 -0.471405 -8.82728e-22)
(1.09974 -0.460805 4.22169e-22)
(1.10512 -0.449764 -2.449e-21)
(1.07842 -0.493357 1.90465e-20)
(1.08994 -0.486148 -1.71477e-20)
(1.09985 -0.477684 -3.73454e-20)
(1.10819 -0.468186 1.32952e-21)
(1.11481 -0.458067 -9.06034e-21)
(1.11964 -0.447382 1.19693e-20)
(1.1151 -0.47297 1.6613e-20)
(1.12312 -0.464097 2.14513e-20)
(1.12934 -0.454499 1.42011e-20)
(1.13373 -0.444228 -1.00867e-20)
(1.1433 -0.45013 -3.15172e-20)
(1.14735 -0.440327 6.33239e-21)
(1.1524 0.421464 -1.03834e-20)
(1.1564 0.395237 -3.85342e-21)
(1.15789 0.371809 1.60082e-20)
(1.15886 0.349726 -1.2635e-20)
(1.15961 0.329581 3.69988e-21)
(1.16038 0.311293 -2.84914e-21)
(1.16117 0.294704 4.80808e-21)
(1.16194 0.279609 5.42368e-22)
(1.1626 0.265796 -2.72895e-21)
(1.16308 0.253072 3.14779e-21)
(1.16334 0.241271 -1.22554e-21)
(1.16335 0.230262 -2.57726e-21)
(1.16312 0.219936 2.351e-21)
(1.16265 0.21021 -3.15278e-21)
(1.16198 0.201017 1.7598e-21)
(1.16111 0.192303 4.91115e-22)
(1.16009 0.184023 -9.0575e-22)
(1.15894 0.176142 1.05229e-21)
(1.15768 0.168628 -1.13977e-21)
(1.15633 0.161452 1.01339e-21)
(1.15491 0.15459 -7.7286e-22)
(1.15344 0.148022 4.14003e-22)
(1.15194 0.141726 -4.39778e-23)
(1.15041 0.135684 -4.19284e-22)
(1.14886 0.12988 1.02151e-21)
(1.14731 0.124298 -3.86864e-22)
(1.14577 0.118924 1.437e-22)
(1.14422 0.113743 -5.54175e-22)
(1.1427 0.108744 8.12051e-22)
(1.14119 0.103915 -1.32176e-22)
(1.1397 0.0992456 -1.69043e-22)
(1.13824 0.0947248 1.30574e-22)
(1.13681 0.0903435 -2.75396e-23)
(1.13541 0.0860928 -3.34025e-23)
(1.13405 0.0819645 1.60569e-23)
(1.13272 0.0779507 -2.00321e-23)
(1.13144 0.074044 1.25149e-23)
(1.13019 0.0702376 -6.51828e-23)
(1.129 0.0665249 9.19131e-23)
(1.12784 0.0628997 -1.13578e-22)
(1.12674 0.0593562 -5.63107e-23)
(1.12569 0.0558888 2.53541e-22)
(1.12468 0.0524923 -2.48271e-22)
(1.12373 0.0491616 9.66367e-23)
(1.13945 0.424672 6.82287e-21)
(1.14441 0.397922 5.14968e-22)
(1.14688 0.374163 -1.31699e-20)
(1.14883 0.351852 1.51309e-20)
(1.1505 0.331558 -3.70003e-22)
(1.1521 0.313168 -7.74001e-21)
(1.15366 0.296507 4.03408e-22)
(1.1551 0.281354 -2.97389e-21)
(1.15634 0.267488 2.41418e-21)
(1.15734 0.254708 9.87024e-22)
(1.15804 0.242851 -3.8699e-21)
(1.15844 0.231781 4.79653e-21)
(1.15855 0.221393 -3.58103e-21)
(1.15838 0.211604 2.98228e-21)
(1.15797 0.202348 -2.34451e-21)
(1.15735 0.193572 -2.7057e-22)
(1.15654 0.185232 -5.19936e-22)
(1.15558 0.177291 8.25648e-22)
(1.15449 0.16972 1.56752e-21)
(1.1533 0.162489 -2.55488e-21)
(1.15203 0.155576 1.20112e-21)
(1.15069 0.148957 6.85368e-23)
(1.14931 0.142613 2.82946e-22)
(1.14789 0.136526 -6.82261e-22)
(1.14645 0.130679 4.32528e-22)
(1.14499 0.125055 -4.90797e-22)
(1.14353 0.119641 1.11416e-22)
(1.14207 0.114424 3.4585e-22)
(1.14062 0.109389 2.5914e-23)
(1.13917 0.104526 7.15858e-23)
(1.13775 0.0998238 -1.17835e-22)
(1.13635 0.095272 -3.0889e-23)
(1.13497 0.090861 -5.14146e-24)
(1.13362 0.086582 2.00822e-23)
(1.1323 0.0824266 2.26112e-23)
(1.13102 0.0783868 -2.08991e-23)
(1.12978 0.0744552 -6.3239e-23)
(1.12857 0.0706249 2.08636e-23)
(1.12741 0.0668892 -6.96224e-24)
(1.12629 0.0632419 1.82765e-23)
(1.12521 0.0596771 -1.86999e-23)
(1.12418 0.0561892 -2.31274e-25)
(1.1232 0.0527728 -1.22619e-22)
(1.12227 0.049423 4.803e-22)
(1.12139 0.0461347 -1.76e-22)
(1.12056 0.0429034 -2.86756e-22)
(1.11979 0.0397246 3.96062e-22)
(1.11907 0.036594 -9.00557e-24)
(1.1184 0.0335075 2.49009e-22)
(1.11779 0.030461 -9.86579e-23)
(1.11723 0.0274509 -4.11589e-23)
(1.11674 0.0244732 9.81437e-23)
(1.11629 0.0215244 3.6014e-23)
(1.11591 0.0186011 4.70884e-23)
(1.11558 0.0156997 9.14532e-23)
(1.11531 0.0128172 -7.39212e-24)
(1.1151 0.00995037 -8.19765e-24)
(1.11494 0.00709627 8.13902e-23)
(1.11484 0.00425219 5.66705e-23)
(1.11479 0.00141215 8.64935e-23)
(1.12616 0.427233 2.58495e-24)
(1.13217 0.400116 1.51313e-21)
(1.13568 0.376132 -7.1577e-21)
(1.13864 0.353677 1.17813e-20)
(1.14126 0.333297 -6.0151e-21)
(1.14373 0.314855 -2.08522e-21)
(1.14606 0.29816 -2.12558e-21)
(1.14819 0.282978 6.38155e-21)
(1.15003 0.269081 -6.51632e-21)
(1.15155 0.256265 2.95148e-21)
(1.1527 0.244365 -3.24804e-22)
(1.1535 0.233246 1.72896e-21)
(1.15396 0.222806 -1.4219e-21)
(1.1541 0.212961 2.09701e-22)
(1.15396 0.203648 -4.87335e-22)
(1.15357 0.194814 -1.27366e-21)
(1.15298 0.186417 1.31135e-21)
(1.15222 0.178421 -1.32469e-21)
(1.15131 0.170795 6.89491e-22)
(1.15028 0.163513 -1.27773e-23)
(1.14915 0.156548 -1.72861e-22)
(1.14795 0.149881 1.80238e-22)
(1.14669 0.143491 7.05784e-22)
(1.14538 0.13736 -5.96519e-22)
(1.14404 0.13147 2.12217e-22)
(1.14268 0.125806 -3.39362e-23)
(1.1413 0.120354 3.89997e-23)
(1.13992 0.115099 2.65529e-23)
(1.13854 0.110029 -4.29566e-24)
(1.13717 0.105133 6.49494e-23)
(1.13581 0.100398 -1.98935e-22)
(1.13446 0.0958158 1.66034e-22)
(1.13314 0.0913755 -2.97621e-23)
(1.13184 0.0870685 3.30968e-22)
(1.13057 0.0828862 -5.88497e-22)
(1.12933 0.0788206 1.87913e-22)
(1.12812 0.0748643 1.69992e-22)
(1.12695 0.0710103 -1.27863e-22)
(1.12582 0.0672518 1.84996e-22)
(1.12473 0.0635825 -2.28709e-22)
(1.12369 0.0599966 -3.07701e-22)
(1.12268 0.0564883 5.07735e-22)
(1.12173 0.0530522 -1.02195e-22)
(1.12082 0.0496833 -4.22008e-23)
(1.11996 0.0463765 -8.55596e-23)
(1.11915 0.0431273 1.48986e-22)
(1.11839 0.0399311 -3.30202e-22)
(1.11769 0.0367835 1.13899e-22)
(1.11703 0.0336804 2.79372e-22)
(1.11643 0.0306177 9.5769e-23)
(1.11589 0.0275917 -5.59485e-22)
(1.1154 0.0245984 2.29164e-22)
(1.11497 0.0216343 1.99556e-23)
(1.11459 0.0186958 1.6496e-22)
(1.11427 0.0157795 -1.87831e-22)
(1.11401 0.0128821 8.92079e-23)
(1.1138 0.0100005 -1.97311e-22)
(1.11364 0.0071318 1.57297e-22)
(1.11354 0.00427321 -2.71552e-23)
(1.1135 0.00141899 -2.39751e-23)
(1.11256 0.429133 -8.97579e-22)
(1.11969 0.401815 3.97859e-22)
(1.12431 0.377712 1.46758e-21)
(1.12833 0.355196 -6.0176e-22)
(1.13191 0.334792 -4.78428e-22)
(1.13527 0.316346 -3.86762e-21)
(1.13839 0.299656 7.48568e-21)
(1.14121 0.284477 -2.66681e-21)
(1.14367 0.270573 3.39767e-21)
(1.14571 0.257739 -2.37257e-21)
(1.14733 0.245811 -1.50354e-21)
(1.14853 0.234655 2.267e-21)
(1.14934 0.224171 -1.10935e-21)
(1.14979 0.214279 -1.03289e-21)
(1.14993 0.204915 9.26024e-22)
(1.14979 0.196029 -4.70115e-22)
(1.14942 0.18758 1.29759e-21)
(1.14885 0.179532 -1.50692e-22)
(1.14812 0.171854 -6.08598e-22)
(1.14725 0.164521 4.06406e-22)
(1.14627 0.157509 -6.45387e-22)
(1.14521 0.150795 5.19265e-22)
(1.14407 0.14436 1.43448e-22)
(1.14287 0.138185 -1.25685e-22)
(1.14164 0.132254 -7.31115e-23)
(1.14037 0.12655 2.28849e-23)
(1.13908 0.12106 1.03438e-22)
(1.13778 0.115769 -2.26175e-23)
(1.13648 0.110665 -2.81412e-23)
(1.13517 0.105735 -1.25201e-22)
(1.13387 0.100969 -5.34588e-23)
(1.13259 0.0963561 4.02334e-22)
(1.13132 0.0918869 -1.29448e-22)
(1.13007 0.0875521 -6.10567e-22)
(1.12884 0.0833431 1.63772e-22)
(1.12764 0.079252 3.37346e-22)
(1.12648 0.0752713 2.74862e-23)
(1.12534 0.0713937 6.99422e-25)
(1.12425 0.0676125 4.50152e-22)
(1.12319 0.0639215 -2.91751e-22)
(1.12217 0.0603146 -1.45533e-22)
(1.12119 0.056786 5.08495e-23)
(1.12026 0.0533304 -1.44765e-23)
(1.11937 0.0499425 3.82571e-22)
(1.11853 0.0466174 -6.29755e-22)
(1.11774 0.0433503 1.22191e-22)
(1.117 0.0401367 6.00429e-23)
(1.11631 0.0369723 -4.6232e-22)
(1.11567 0.0338527 2.70562e-22)
(1.11508 0.030774 2.47718e-22)
(1.11455 0.0277321 9.74597e-23)
(1.11407 0.0247233 -2.82914e-22)
(1.11364 0.0217439 4.33071e-22)
(1.11327 0.0187904 -3.0424e-22)
(1.11296 0.0158592 -3.07598e-22)
(1.1127 0.012947 1.2469e-22)
(1.1125 0.0100507 -1.17954e-22)
(1.11235 0.00716736 -5.08135e-23)
(1.11225 0.00429427 3.33743e-23)
(1.1122 0.0014259 -8.22841e-23)
(1.11274 0.0248478 -9.61269e-23)
(1.11232 0.0218533 -4.20349e-22)
(1.11196 0.0188847 2.50048e-22)
(1.11165 0.0159387 1.93593e-22)
(1.11139 0.0130118 -3.34532e-22)
(1.11119 0.0101009 -1.51947e-23)
(1.11105 0.00720296 1.58655e-22)
(1.11095 0.00431539 -2.7068e-22)
(1.11091 0.00143287 7.30278e-23)
(1.12267 -0.0679713 -2.1151e-22)
(1.12165 -0.0642587 1.42353e-22)
(1.12065 -0.0606309 -3.77327e-22)
(1.1197 -0.0570822 3.38017e-22)
(1.11879 -0.0536072 -3.02879e-22)
(1.11793 -0.0502004 1.1983e-22)
(1.11711 -0.0468571 4.48064e-22)
(1.11633 -0.0435723 3.06784e-23)
(1.11561 -0.0403415 -6.50436e-22)
(1.11493 -0.0371603 -1.12736e-22)
(1.11431 -0.0340243 7.46411e-22)
(1.11373 -0.0309296 -1.24204e-22)
(1.11321 -0.027872 1.1543e-22)
(1.11274 -0.0248478 -1.25966e-22)
(1.11232 -0.0218533 1.67435e-22)
(1.11196 -0.0188847 -1.12128e-22)
(1.11165 -0.0159387 -5.48594e-23)
(1.11139 -0.0130118 2.88828e-22)
(1.11119 -0.0101009 1.54961e-22)
(1.11105 -0.00720296 -1.18257e-22)
(1.11095 -0.00431539 1.116e-22)
(1.11091 -0.00143287 6.88187e-23)
(1.11256 -0.429133 1.01147e-21)
(1.11969 -0.401815 -2.67111e-22)
(1.12431 -0.377712 -9.69675e-22)
(1.12833 -0.355196 8.90945e-22)
(1.13191 -0.334792 4.21397e-22)
(1.13527 -0.316346 4.24205e-21)
(1.13839 -0.299656 -7.20918e-21)
(1.14121 -0.284477 2.61428e-21)
(1.14367 -0.270572 -3.46757e-21)
(1.14571 -0.257739 2.43733e-21)
(1.14733 -0.245811 1.72847e-21)
(1.14853 -0.234655 -2.08919e-21)
(1.14934 -0.224171 1.10035e-21)
(1.14979 -0.214279 1.18378e-21)
(1.14993 -0.204915 -9.06947e-22)
(1.14979 -0.196029 4.41229e-22)
(1.14942 -0.18758 -1.16652e-21)
(1.14885 -0.179532 1.2774e-22)
(1.14812 -0.171854 7.42748e-22)
(1.14725 -0.164521 -3.18374e-22)
(1.14627 -0.157509 5.46643e-22)
(1.14521 -0.150795 -4.57387e-22)
(1.14407 -0.14436 -8.56325e-23)
(1.14287 -0.138185 1.18212e-22)
(1.14164 -0.132254 1.03753e-22)
(1.14037 -0.12655 -2.60259e-23)
(1.13908 -0.12106 -1.05007e-22)
(1.13778 -0.115769 1.7913e-23)
(1.13648 -0.110665 3.62493e-22)
(1.13517 -0.105735 -2.28982e-22)
(1.13387 -0.100969 5.94707e-23)
(1.13259 -0.0963561 2.03194e-22)
(1.13132 -0.0918868 -4.23181e-22)
(1.13007 -0.087552 6.21037e-22)
(1.12884 -0.0833431 -2.14498e-22)
(1.12764 -0.079252 -2.6884e-22)
(1.12648 -0.0752712 -1.32506e-23)
(1.12534 -0.0713936 -6.67209e-23)
(1.12425 -0.0676125 -4.40653e-22)
(1.12319 -0.0639215 8.58918e-23)
(1.12217 -0.0603146 2.37722e-22)
(1.12119 -0.056786 -1.42352e-23)
(1.12026 -0.0533304 -1.86957e-22)
(1.11937 -0.0499425 -1.74264e-22)
(1.11853 -0.0466174 5.11697e-22)
(1.11774 -0.0433503 -3.41415e-22)
(1.117 -0.0401367 1.96949e-22)
(1.11631 -0.0369723 1.98082e-22)
(1.11567 -0.0338527 -5.0351e-22)
(1.11508 -0.0307739 -1.64824e-23)
(1.11455 -0.0277321 2.71562e-22)
(1.11407 -0.0247233 1.33687e-22)
(1.11364 -0.0217439 -2.87335e-22)
(1.11327 -0.0187904 1.62358e-23)
(1.11296 -0.0158592 1.54913e-22)
(1.1127 -0.012947 -1.89329e-22)
(1.11249 -0.0100507 1.50459e-22)
(1.11235 -0.00716736 -2.42281e-22)
(1.11225 -0.00429427 7.5368e-23)
(1.1122 -0.0014259 -3.3859e-23)
(1.12616 -0.427233 1.13618e-22)
(1.13217 -0.400116 -1.86781e-21)
(1.13568 -0.376132 -1.0226e-21)
(1.13864 -0.353677 -4.30417e-21)
(1.14126 -0.333297 5.18689e-21)
(1.14373 -0.314855 1.96612e-21)
(1.14606 -0.29816 2.09157e-21)
(1.14819 -0.282978 -6.10027e-21)
(1.15003 -0.269081 5.86823e-21)
(1.15155 -0.256265 -2.81377e-21)
(1.1527 -0.244365 2.89303e-22)
(1.1535 -0.233246 -2.49156e-21)
(1.15396 -0.222806 1.59374e-21)
(1.1541 -0.212961 -2.10169e-22)
(1.15396 -0.203648 1.85951e-21)
(1.15357 -0.194814 -4.19793e-22)
(1.15298 -0.186417 -1.32764e-21)
(1.15222 -0.178421 1.45134e-21)
(1.15131 -0.170795 -1.13378e-21)
(1.15028 -0.163512 7.94557e-24)
(1.14915 -0.156548 3.45147e-22)
(1.14795 -0.149881 -1.77692e-22)
(1.14669 -0.143491 -7.35889e-22)
(1.14538 -0.13736 6.51393e-22)
(1.14404 -0.13147 1.95466e-22)
(1.14268 -0.125806 -3.29403e-22)
(1.1413 -0.120354 -1.25623e-23)
(1.13992 -0.115099 -3.74436e-24)
(1.13854 -0.110029 1.73611e-23)
(1.13717 -0.105133 -4.33933e-23)
(1.13581 -0.100398 1.92744e-22)
(1.13446 -0.0958157 -2.11498e-22)
(1.13314 -0.0913755 6.2974e-24)
(1.13184 -0.0870685 -3.57146e-22)
(1.13057 -0.0828861 3.69545e-22)
(1.12933 -0.0788206 -1.95193e-23)
(1.12812 -0.0748643 -1.84078e-22)
(1.12695 -0.0710102 1.77777e-22)
(1.12582 -0.0672517 -3.31287e-22)
(1.12473 -0.0635825 2.90622e-22)
(1.12369 -0.0599966 4.67453e-22)
(1.12268 -0.0564883 -5.72769e-22)
(1.12173 -0.0530522 1.3973e-22)
(1.12082 -0.0496833 2.77315e-23)
(1.11996 -0.0463765 -4.70831e-22)
(1.11915 -0.0431273 3.89408e-22)
(1.11839 -0.039931 2.49742e-22)
(1.11769 -0.0367835 -3.80271e-23)
(1.11703 -0.0336804 -2.38602e-22)
(1.11643 -0.0306177 -1.43954e-22)
(1.11589 -0.0275917 4.93354e-22)
(1.1154 -0.0245984 -2.81259e-22)
(1.11497 -0.0216343 2.20784e-23)
(1.11459 -0.0186958 -8.19594e-23)
(1.11427 -0.0157795 1.33596e-22)
(1.11401 -0.0128821 -4.66802e-23)
(1.1138 -0.0100005 -1.01398e-23)
(1.11364 -0.0071318 -7.30702e-23)
(1.11354 -0.00427321 1.09467e-22)
(1.1135 -0.00141899 -7.2182e-23)
(1.13945 -0.424672 3.94142e-21)
(1.14441 -0.397922 -1.27576e-20)
(1.14688 -0.374163 2.89193e-21)
(1.14883 -0.351852 -4.64789e-21)
(1.1505 -0.331558 1.07837e-20)
(1.1521 -0.313168 -2.34102e-21)
(1.15366 -0.296507 -1.01407e-21)
(1.1551 -0.281354 2.65599e-21)
(1.15634 -0.267488 -1.40643e-21)
(1.15734 -0.254708 -1.68423e-21)
(1.15804 -0.242851 3.88754e-21)
(1.15844 -0.231781 -4.28037e-21)
(1.15855 -0.221393 3.24038e-21)
(1.15838 -0.211604 -2.8232e-21)
(1.15797 -0.202348 3.08295e-21)
(1.15735 -0.193572 4.33158e-23)
(1.15654 -0.185232 5.63153e-22)
(1.15558 -0.177291 -9.7078e-22)
(1.15449 -0.16972 6.21387e-22)
(1.1533 -0.162489 9.72478e-22)
(1.15203 -0.155576 -1.39436e-21)
(1.15069 -0.148957 -2.11298e-22)
(1.14931 -0.142613 -4.64396e-22)
(1.14789 -0.136526 7.48532e-22)
(1.14645 -0.130679 -4.18003e-22)
(1.14499 -0.125055 4.11973e-22)
(1.14353 -0.119641 -1.24627e-22)
(1.14207 -0.114423 -2.27943e-22)
(1.14062 -0.109389 -6.48431e-23)
(1.13917 -0.104526 -1.03699e-22)
(1.13775 -0.0998237 8.30506e-23)
(1.13635 -0.0952719 2.58746e-23)
(1.13497 -0.090861 2.65074e-23)
(1.13362 -0.086582 -3.05361e-24)
(1.1323 -0.0824266 -2.01621e-24)
(1.13102 -0.0783867 4.06498e-23)
(1.12978 -0.0744552 -1.70823e-22)
(1.12857 -0.0706248 1.97961e-22)
(1.12741 -0.0668891 -2.48909e-22)
(1.12629 -0.0632418 2.92889e-22)
(1.12521 -0.0596771 -8.10938e-24)
(1.12418 -0.0561892 -6.59149e-23)
(1.1232 -0.0527728 1.625e-22)
(1.12227 -0.0494229 -4.10133e-22)
(1.12139 -0.0461347 2.29671e-22)
(1.12056 -0.0429034 3.42635e-22)
(1.11979 -0.0397246 -3.38164e-22)
(1.11907 -0.036594 6.87548e-23)
(1.1184 -0.0335075 -1.87588e-22)
(1.11779 -0.030461 1.61585e-22)
(1.11723 -0.0274508 7.31312e-23)
(1.11674 -0.0244732 -3.27108e-23)
(1.11629 -0.0215244 3.04284e-23)
(1.11591 -0.0186011 2.02027e-23)
(1.11558 -0.0156997 1.03506e-22)
(1.11531 -0.0128172 -5.10544e-23)
(1.1151 -0.00995037 4.24721e-23)
(1.11494 -0.00709627 -1.228e-23)
(1.11484 -0.00425219 -1.9712e-23)
(1.11479 -0.00141215 1.62999e-23)
(1.1524 -0.421464 1.13757e-20)
(1.1564 -0.395237 4.13933e-21)
(1.15789 -0.371809 -1.64267e-20)
(1.15886 -0.349726 1.27487e-20)
(1.15961 -0.329581 -3.39658e-21)
(1.16038 -0.311293 2.85111e-21)
(1.16117 -0.294704 -4.43951e-21)
(1.16194 -0.279609 -4.53021e-22)
(1.1626 -0.265796 3.11596e-21)
(1.16308 -0.253072 -2.65345e-21)
(1.16334 -0.241271 1.01962e-21)
(1.16335 -0.230261 3.19244e-21)
(1.16312 -0.219936 -2.17319e-21)
(1.16265 -0.21021 2.84409e-21)
(1.16198 -0.201017 -2.03938e-21)
(1.16111 -0.192303 -3.89916e-22)
(1.16009 -0.184023 7.48102e-22)
(1.15894 -0.176142 -1.01082e-21)
(1.15768 -0.168627 9.43305e-22)
(1.15633 -0.161452 -1.48249e-21)
(1.15491 -0.15459 8.92517e-22)
(1.15344 -0.148022 -3.35663e-22)
(1.15194 -0.141726 1.9771e-22)
(1.15041 -0.135684 3.05599e-22)
(1.14886 -0.12988 -1.07556e-21)
(1.14731 -0.124298 4.33692e-22)
(1.14577 -0.118924 -1.55375e-22)
(1.14422 -0.113743 4.18078e-22)
(1.1427 -0.108744 -7.84787e-22)
(1.14119 -0.103915 2.5132e-22)
(1.1397 -0.0992455 2.79509e-22)
(1.13824 -0.0947248 -1.19903e-22)
)
;

boundaryField
{
    inlet
    {
        type            uniformFixedValue;
        uniformValue    constant (1 0 0);
        value           nonuniform 0();
    }
    outlet
    {
        type            pressureInletOutletVelocity;
        value           nonuniform 0();
    }
    cylinder
    {
        type            fixedValue;
        value           uniform (0 0 0);
    }
    top
    {
        type            symmetryPlane;
    }
    bottom
    {
        type            symmetryPlane;
    }
    defaultFaces
    {
        type            empty;
    }
    procBoundary5to4
    {
        type            processor;
        value           nonuniform List<vector> 
244
(
(1.08415 0.462686 -6.46519e-21)
(1.0902 0.451349 -6.68728e-21)
(1.08415 0.462686 -6.46519e-21)
(1.05948 0.475132 5.52895e-21)
(1.01982 0.498587 2.23229e-21)
(1.05948 0.475132 5.52895e-21)
(1.03126 0.48739 -1.11408e-20)
(1.01982 0.498587 2.23229e-21)
(0.98773 0.510405 6.93757e-21)
(0.98773 0.510405 6.93757e-21)
(0.953879 0.521622 -7.89544e-21)
(0.903424 0.539514 2.79115e-22)
(0.953879 0.521622 -7.89544e-21)
(0.918665 0.531829 6.83634e-22)
(0.903424 0.539514 2.79115e-22)
(0.865712 0.546596 2.17271e-20)
(0.865712 0.546596 2.17271e-20)
(0.826421 0.551342 -1.8863e-20)
(0.763611 0.552596 -4.34988e-20)
(0.826421 0.551342 -1.8863e-20)
(0.785404 0.553368 1.32509e-20)
(0.763611 0.552596 -4.34988e-20)
(0.718908 0.549088 2.49438e-20)
(0.718908 0.549088 2.49438e-20)
(0.672399 0.542122 -1.45196e-20)
(0.672399 0.542122 -1.45196e-20)
(0.624238 0.531502 -3.9394e-20)
(0.624238 0.531502 -3.9394e-20)
(0.57466 0.517075 3.93422e-20)
(0.57466 0.517075 3.93422e-20)
(0.523979 0.498731 -2.8857e-20)
(0.523979 0.498731 -2.8857e-20)
(0.472571 0.476409 -5.35293e-20)
(0.472571 0.476409 -5.35293e-20)
(0.420875 0.45011 4.14576e-21)
(0.420875 0.45011 4.14576e-21)
(0.369381 0.419898 1.35561e-21)
(0.369381 0.419898 1.35561e-21)
(0.351701 0.413341 1.27717e-20)
(0.302097 0.37887 6.81857e-20)
(0.302097 0.37887 6.81857e-20)
(0.253996 0.341025 -2.70833e-20)
(0.253996 0.341025 -2.70833e-20)
(0.207992 0.300157 3.67466e-20)
(0.207992 0.300157 3.67466e-20)
(0.164687 0.256714 4.48209e-20)
(0.164687 0.256714 4.48209e-20)
(0.153032 0.248524 2.16512e-20)
(0.114942 0.203644 -7.64468e-20)
(0.114942 0.203644 -7.64468e-20)
(0.105492 0.195319 -1.34595e-19)
(0.0734322 0.150506 5.83303e-20)
(0.0734322 0.150506 5.83303e-20)
(0.0459518 0.105838 -7.20742e-20)
(0.0459518 0.105838 -7.20742e-20)
(0.0408857 0.0997099 2.18231e-20)
(0.0205415 0.058132 -2.93549e-20)
(0.0205415 0.058132 -2.93549e-20)
(0.0177232 0.0538682 5.72113e-21)
(0.0151114 0.0493951 -4.80205e-20)
(0.00397313 0.0157106 6.22788e-20)
(0.00397313 -0.0157106 -3.24744e-20)
(0.0151114 -0.0493951 1.07681e-20)
(0.0177232 -0.0538682 2.199e-20)
(0.0177232 -0.0538682 2.199e-20)
(0.0361009 -0.0932039 4.63181e-20)
(0.0408857 -0.09971 -2.72653e-20)
(0.0459518 -0.105838 5.61381e-20)
(0.0459518 -0.105838 5.61381e-20)
(0.0734322 -0.150506 -5.68683e-20)
(0.0734322 -0.150506 -5.68683e-20)
(0.105492 -0.195319 6.39753e-20)
(0.114942 -0.203644 6.30475e-20)
(0.114942 -0.203644 6.30475e-20)
(0.153032 -0.248524 1.79102e-20)
(0.153032 -0.248524 1.79102e-20)
(0.194577 -0.291688 2.9377e-20)
(0.207992 -0.300157 1.69927e-20)
(0.207992 -0.300157 1.69927e-20)
(0.253996 -0.341025 -2.59496e-21)
(0.253996 -0.341025 -2.59496e-21)
(0.302097 -0.37887 -4.60709e-20)
(0.302097 -0.37887 -4.60709e-20)
(0.351701 -0.413341 -4.02435e-20)
(0.369381 -0.419898 7.61834e-21)
(0.369381 -0.419898 7.61834e-21)
(0.420875 -0.45011 1.69979e-20)
(0.420875 -0.45011 1.69979e-20)
(0.472571 -0.476409 -3.80085e-21)
(0.472571 -0.476409 -3.80085e-21)
(0.523979 -0.498731 3.39343e-20)
(0.523979 -0.498731 3.39343e-20)
(0.57466 -0.517075 -2.95112e-20)
(0.57466 -0.517075 -2.95112e-20)
(0.624238 -0.531502 -2.70491e-21)
(0.624238 -0.531502 -2.70491e-21)
(0.672399 -0.542122 5.44503e-20)
(0.672399 -0.542122 5.44503e-20)
(0.718908 -0.549088 1.7748e-20)
(0.718908 -0.549088 1.7748e-20)
(0.742563 -0.552359 4.97901e-21)
(0.785404 -0.553368 -2.7278e-21)
(0.785404 -0.553368 -2.7278e-21)
(0.826421 -0.551342 -1.29713e-20)
(0.826421 -0.551342 -1.29713e-20)
(0.865712 -0.546596 -2.23376e-20)
(0.865712 -0.546596 -2.23376e-20)
(0.903424 -0.539514 1.1143e-20)
(0.903424 -0.539514 1.1143e-20)
(0.918665 -0.531829 4.0518e-21)
(0.953879 -0.521622 5.38788e-21)
(0.953879 -0.521622 5.38788e-21)
(0.98773 -0.510405 -5.20319e-21)
(0.98773 -0.510405 -5.20319e-21)
(1.00022 -0.499387 1.56096e-20)
(1.03126 -0.48739 -6.82004e-21)
(1.03126 -0.48739 -6.82004e-21)
(1.05948 -0.475132 5.11521e-21)
(1.05948 -0.475132 5.11521e-21)
(1.06803 -0.463677 -9.03817e-23)
(1.0902 -0.451349 -6.17767e-21)
(1.0902 -0.451349 -6.17767e-21)
(1.09871 0.430351 -6.94446e-22)
(1.10701 0.403016 7.61089e-22)
(1.11279 0.378898 3.60667e-22)
(1.11789 0.356402 3.98793e-22)
(1.12247 0.336037 5.95768e-22)
(1.12673 0.317637 -2.10911e-21)
(1.13065 0.300991 1.13414e-22)
(1.13418 0.285846 1.38544e-21)
(1.13726 0.271959 -3.6363e-22)
(1.13984 0.259127 9.10766e-22)
(1.14193 0.247186 1.45136e-22)
(1.14354 0.236006 3.84334e-22)
(1.1447 0.225489 5.43392e-22)
(1.14547 0.215557 -2.45733e-22)
(1.14589 0.206149 -4.28115e-22)
(1.146 0.197216 3.31487e-22)
(1.14585 0.188719 -1.54251e-22)
(1.14549 0.180622 1.61863e-22)
(1.14493 0.172896 -5.29976e-23)
(1.14423 0.165515 2.27699e-23)
(1.1434 0.158456 -5.22972e-24)
(1.14247 0.151697 -3.76602e-23)
(1.14145 0.145219 -1.47038e-24)
(1.14037 0.139002 -1.46506e-22)
(1.13924 0.13303 -1.65511e-22)
(1.13807 0.127288 -6.04393e-23)
(1.13687 0.12176 9.47549e-23)
(1.13565 0.116434 5.36726e-22)
(1.13442 0.111295 -4.12635e-22)
(1.13318 0.106333 8.0402e-23)
(1.13195 0.101536 6.96765e-22)
(1.13072 0.0968929 -4.27844e-22)
(1.1295 0.0923949 -5.23803e-22)
(1.1283 0.0880326 -1.49124e-22)
(1.12712 0.0837973 1.48578e-21)
(1.12597 0.0796809 -1.30735e-21)
(1.12484 0.0756759 2.30762e-22)
(1.12374 0.0717749 8.46279e-23)
(1.12268 0.0679714 -6.13775e-22)
(1.12165 0.0642587 4.63568e-22)
(1.12065 0.0606309 3.77325e-22)
(1.1197 0.0570823 -3.38016e-22)
(1.11879 0.0536072 3.02878e-22)
(1.11793 0.0502005 -1.1983e-22)
(1.11711 0.0468571 -4.48062e-22)
(1.11633 0.0435723 -3.06783e-23)
(1.11561 0.0403415 6.50433e-22)
(1.11493 0.0371603 1.12735e-22)
(1.11431 0.0340243 -7.46408e-22)
(1.11373 0.0309296 1.24203e-22)
(1.11321 0.027872 -1.15429e-22)
(1.11321 0.027872 -1.15429e-22)
(1.11141 0.0249718 -5.55527e-22)
(1.111 0.0219622 2.33405e-22)
(1.11064 0.0189788 -1.90798e-22)
(1.11034 0.016018 1.29953e-22)
(1.11009 0.0130765 -1.00725e-22)
(1.10989 0.010151 -1.26003e-22)
(1.10975 0.00723859 2.93292e-23)
(1.10965 0.00433656 -1.58804e-22)
(1.10961 0.00143991 -1.28204e-22)
(1.12111 -0.0683281 -5.98933e-23)
(1.12011 -0.064594 1.28068e-22)
(1.11915 -0.0609455 -4.18927e-23)
(1.11822 -0.0573769 -1.20748e-23)
(1.11733 -0.0538825 -4.61462e-23)
(1.11649 -0.0504571 3.53121e-22)
(1.11569 -0.0470956 -6.03767e-22)
(1.11493 -0.0437932 -2.15996e-22)
(1.11422 -0.0405453 -2.47268e-22)
(1.11356 -0.0373474 4.84646e-22)
(1.11295 -0.0341952 4.05597e-22)
(1.11238 -0.0310845 -3.52794e-22)
(1.11187 -0.0280113 7.98361e-24)
(1.11141 -0.0249718 4.17069e-22)
(1.111 -0.0219622 -3.72608e-22)
(1.11064 -0.0189788 3.61164e-22)
(1.11034 -0.016018 -5.20881e-22)
(1.11009 -0.0130765 -3.99332e-23)
(1.10989 -0.010151 -1.48844e-23)
(1.10975 -0.00723859 1.45609e-22)
(1.10965 -0.00433656 1.78374e-23)
(1.10961 -0.00143991 -1.46333e-23)
(1.09871 -0.430351 6.99876e-22)
(1.10701 -0.403016 -5.12854e-22)
(1.11279 -0.378898 -2.86717e-22)
(1.11789 -0.356402 -3.9314e-22)
(1.12247 -0.336037 -5.9773e-22)
(1.12673 -0.317637 2.11236e-21)
(1.13065 -0.300991 -7.73248e-23)
(1.13418 -0.285846 -1.38306e-21)
(1.13726 -0.271959 3.74097e-22)
(1.13984 -0.259127 -8.18139e-22)
(1.14193 -0.247186 -1.34241e-22)
(1.14354 -0.236006 -3.90787e-22)
(1.1447 -0.225489 -4.64174e-22)
(1.14547 -0.215557 2.35587e-22)
(1.14589 -0.206149 4.3493e-22)
(1.146 -0.197216 -2.9554e-22)
(1.14585 -0.188719 1.5792e-22)
(1.14549 -0.180622 -1.59869e-22)
(1.14493 -0.172896 5.32985e-23)
(1.14423 -0.165515 -3.23095e-23)
(1.1434 -0.158456 -6.03004e-25)
(1.14247 -0.151697 3.29023e-23)
(1.14145 -0.145218 -3.24111e-23)
(1.14037 -0.139002 1.38529e-22)
(1.13924 -0.13303 1.55992e-22)
(1.13807 -0.127288 3.36822e-24)
(1.13687 -0.12176 -1.18268e-22)
(1.13565 -0.116434 -5.50572e-22)
(1.13442 -0.111295 2.84675e-22)
(1.13318 -0.106333 -9.68603e-23)
(1.13195 -0.101536 -6.59188e-22)
(1.13072 -0.0968929 1.26114e-21)
(1.1295 -0.0923949 -1.85134e-22)
(1.1283 -0.0880326 1.28094e-22)
(1.12712 -0.0837973 -1.50783e-21)
(1.12597 -0.0796809 1.11347e-21)
(1.12484 -0.0756758 -2.54671e-22)
(1.12374 -0.0717749 -1.09396e-22)
(1.12374 -0.0717749 -1.09396e-22)
)
;
    }
    procBoundary5to6
    {
        type            processor;
        value           nonuniform List<vector> 
220
(
(1.15666 0.444983 2.59372e-20)
(1.16047 0.4357 -3.06009e-20)
(1.12957 0.467381 1.89409e-20)
(1.13738 0.459165 -3.94663e-20)
(1.13738 0.459165 -3.94663e-20)
(1.0939 0.487141 -3.48855e-20)
(1.10538 0.48072 -6.55234e-23)
(1.10538 0.48072 -6.55234e-23)
(1.05009 0.503074 3.63854e-20)
(1.06519 0.499082 -1.52693e-20)
(1.06519 0.499082 -1.52693e-20)
(1.01713 0.512961 9.66923e-21)
(1.01713 0.512961 9.66923e-21)
(0.961032 0.520593 -1.37436e-20)
(0.981784 0.521428 2.57624e-20)
(0.981784 0.521428 2.57624e-20)
(0.896343 0.520152 9.16643e-21)
(0.921506 0.52555 -2.6981e-20)
(0.921506 0.52555 -2.6981e-20)
(0.85248 0.52062 -2.15105e-20)
(0.85248 0.52062 -2.15105e-20)
(0.774283 0.505109 -6.19461e-21)
(0.806302 0.518263 -2.07068e-20)
(0.806302 0.518263 -2.07068e-20)
(0.72383 0.496917 -9.08269e-21)
(0.72383 0.496917 -9.08269e-21)
(0.632526 0.463096 5.37239e-21)
(0.671342 0.485167 5.19967e-21)
(0.671342 0.485167 5.19967e-21)
(0.576444 0.444484 -3.25558e-21)
(0.576444 0.444484 -3.25558e-21)
(0.47427 0.390066 -2.01626e-21)
(0.519004 0.421779 -6.29605e-22)
(0.519004 0.421779 -6.29605e-22)
(0.414629 0.359832 -4.10287e-21)
(0.414629 0.359832 -4.10287e-21)
(0.354734 0.325234 -1.11873e-20)
(0.354734 0.325234 -1.11873e-20)
(0.29512 0.28627 -4.04804e-21)
(0.29512 0.28627 -4.04804e-21)
(0.186818 0.194565 -4.9542e-21)
(0.236375 0.243008 -3.58904e-20)
(0.236375 0.243008 -3.58904e-20)
(0.129907 0.14384 5.04992e-21)
(0.129907 0.14384 5.04992e-21)
(0.0756241 0.08926 -6.46478e-21)
(0.0756241 0.08926 -6.46478e-21)
(0.0247695 0.0311236 2.30907e-20)
(0.0247695 0.0311236 2.30907e-20)
(0.0247695 -0.0311236 -2.17217e-20)
(0.0247695 -0.0311236 -2.17217e-20)
(0.0756241 -0.08926 3.09365e-21)
(0.0756241 -0.08926 3.09365e-21)
(0.129907 -0.14384 -2.34259e-20)
(0.129907 -0.14384 -2.34259e-20)
(0.186818 -0.194565 -9.33756e-21)
(0.236375 -0.243008 2.96668e-20)
(0.236375 -0.243008 2.96668e-20)
(0.29512 -0.28627 4.97794e-21)
(0.29512 -0.28627 4.97794e-21)
(0.354734 -0.325234 1.24204e-20)
(0.354734 -0.325234 1.24204e-20)
(0.414629 -0.359832 9.53363e-21)
(0.460587 -0.394847 -1.07242e-20)
(0.460587 -0.394847 -1.07242e-20)
(0.519004 -0.421779 1.17894e-21)
(0.519004 -0.421779 1.17894e-21)
(0.576444 -0.444484 -3.99279e-21)
(0.576444 -0.444484 -3.99279e-21)
(0.632526 -0.463096 7.73396e-21)
(0.671342 -0.485167 -9.24466e-21)
(0.671342 -0.485167 -9.24466e-21)
(0.72383 -0.496917 1.78022e-20)
(0.72383 -0.496917 1.78022e-20)
(0.774283 -0.505109 7.48741e-22)
(0.806302 -0.518263 5.36069e-21)
(0.806302 -0.518263 5.36069e-21)
(0.85248 -0.52062 -3.61148e-21)
(0.85248 -0.52062 -3.61148e-21)
(0.896343 -0.520152 -4.86593e-21)
(0.921506 -0.52555 -1.80417e-21)
(0.921506 -0.52555 -1.80417e-21)
(0.961032 -0.520593 7.77486e-21)
(0.981784 -0.521428 -1.51839e-23)
(0.981784 -0.521428 -1.51839e-23)
(1.01713 -0.512961 -3.39319e-20)
(1.03394 -0.51006 3.63043e-20)
(1.03394 -0.51006 3.63043e-20)
(1.06519 -0.499082 3.5815e-21)
(1.06519 -0.499082 3.5815e-21)
(1.0939 -0.487141 1.09557e-21)
(1.10538 -0.48072 -9.09413e-21)
(1.10538 -0.48072 -9.09413e-21)
(1.12957 -0.467381 -1.16375e-20)
(1.13738 -0.459165 3.14984e-21)
(1.13738 -0.459165 3.14984e-21)
(1.15666 -0.444983 3.76732e-20)
(1.16047 -0.4357 -1.70491e-20)
(1.16496 0.417626 2.00646e-21)
(1.16809 0.392065 4.85747e-21)
(1.16868 0.369074 -7.40519e-21)
(1.16873 0.347302 3.68928e-21)
(1.1686 0.327371 -2.1496e-21)
(1.16855 0.309233 2.08444e-21)
(1.16861 0.292754 1.73516e-21)
(1.16872 0.277747 -4.64909e-21)
(1.16881 0.26401 3.93767e-21)
(1.16879 0.251358 1.22094e-21)
(1.16861 0.239628 -5.44907e-21)
(1.16824 0.228689 5.793e-21)
(1.16767 0.218434 -4.51106e-21)
(1.16691 0.208778 -2.16138e-21)
(1.16597 0.199654 2.99047e-21)
(1.16487 0.191007 -2.16239e-22)
(1.16364 0.182793 -1.06816e-22)
(1.16229 0.174974 4.44486e-22)
(1.16086 0.167519 9.13703e-22)
(1.15935 0.1604 -1.80097e-21)
(1.15779 0.153593 -1.59737e-21)
(1.1562 0.147076 2.29222e-21)
(1.15457 0.140829 -2.10135e-21)
(1.15293 0.134834 -4.459e-22)
(1.15129 0.129075 4.92367e-22)
(1.14964 0.123535 3.42746e-22)
(1.14801 0.1182 -4.04483e-22)
(1.14639 0.113058 8.7707e-22)
(1.14478 0.108095 -4.89019e-22)
(1.14321 0.103301 3.09879e-22)
(1.14166 0.0986638 -7.13117e-22)
(1.14014 0.0941744 -8.97065e-23)
(1.13865 0.089823 8.66948e-23)
(1.1372 0.085601 2.19993e-22)
(1.13579 0.0815 -1.79098e-22)
(1.13443 0.0775124 -2.18804e-23)
(1.1331 0.0736309 -1.44161e-23)
(1.13182 0.0698485 3.08518e-23)
(1.13059 0.0661589 -3.13867e-23)
(1.12941 0.062556 -5.11841e-23)
(1.12827 0.0590339 7.42051e-23)
(1.12719 0.0555872 -7.78971e-23)
(1.12616 0.0522107 -5.28906e-23)
(1.12519 0.0488993 1.02237e-22)
(1.12283 0.0458919 1.3851e-22)
(1.12283 0.0458919 1.3851e-22)
(1.12198 0.0426787 -1.34805e-22)
(1.12119 0.0395174 4.79785e-23)
(1.12045 0.0364039 -4.8781e-23)
(1.11977 0.033334 -2.76217e-23)
(1.11915 0.0303039 4.25882e-23)
(1.11858 0.0273097 1.56974e-22)
(1.11807 0.0243477 -4.60268e-23)
(1.11762 0.0214143 -1.14375e-22)
(1.11723 0.0185062 -8.98223e-23)
(1.11689 0.0156199 2.1732e-22)
(1.11662 0.0127523 -9.85554e-23)
(1.1164 0.00990023 1.64531e-22)
(1.11624 0.0070608 -3.58475e-23)
(1.11613 0.00423121 -1.58951e-23)
(1.11608 0.00140535 1.21625e-22)
(1.13681 -0.0903435 -3.09866e-23)
(1.13541 -0.0860928 3.34009e-23)
(1.13405 -0.0819645 -1.60551e-23)
(1.13272 -0.0779506 2.00326e-23)
(1.13144 -0.074044 -1.25154e-23)
(1.13019 -0.0702376 6.51842e-23)
(1.129 -0.0665248 -1.05089e-22)
(1.12784 -0.0628996 1.35051e-22)
(1.12674 -0.0593561 -1.62233e-22)
(1.12569 -0.0558888 -2.78292e-23)
(1.12468 -0.0524923 2.48274e-22)
(1.12373 -0.0491616 -9.66379e-23)
(1.12283 -0.0458919 -2.36855e-22)
(1.12198 -0.0426786 1.97317e-22)
(1.12119 -0.0395174 -3.04159e-23)
(1.12045 -0.0364039 6.71661e-23)
(1.11977 -0.033334 -1.00579e-22)
(1.11915 -0.0303039 -1.17858e-22)
(1.11858 -0.0273097 -1.35276e-22)
(1.11807 -0.0243477 -3.51553e-23)
(1.11762 -0.0214143 1.37036e-22)
(1.11723 -0.0185062 -6.31543e-23)
(1.11689 -0.0156199 -1.11015e-22)
(1.11662 -0.0127523 1.92825e-22)
(1.1164 -0.00990023 -6.92639e-23)
(1.11624 -0.0070608 -1.06346e-23)
(1.11613 -0.00423121 4.08859e-23)
(1.11608 -0.00140535 -2.42548e-23)
(1.16496 -0.417626 -2.97652e-22)
(1.16809 -0.392065 -7.35551e-21)
(1.16868 -0.369074 5.40997e-21)
(1.16873 -0.347302 -3.80788e-21)
(1.1686 -0.327371 1.54046e-21)
(1.16855 -0.309233 -2.18685e-21)
(1.16861 -0.292754 -3.22034e-21)
(1.16872 -0.277747 4.56036e-21)
(1.16881 -0.26401 -3.30434e-21)
(1.16879 -0.251357 -1.29788e-21)
(1.16861 -0.239628 6.24492e-22)
(1.16824 -0.228689 -1.47918e-21)
(1.16767 -0.218434 5.49282e-21)
(1.16691 -0.208778 2.10386e-21)
(1.16597 -0.199654 -3.8224e-21)
(1.16487 -0.191007 1.66754e-22)
(1.16364 -0.182793 -1.46611e-22)
(1.16229 -0.174974 -4.86845e-22)
(1.16086 -0.167519 -1.52308e-21)
(1.15935 -0.1604 4.48327e-21)
(1.15779 -0.153593 -1.36647e-21)
(1.1562 -0.147076 -2.56773e-21)
(1.15457 -0.140829 1.6676e-21)
(1.15293 -0.134834 2.42551e-22)
(1.15129 -0.129075 -8.64977e-22)
(1.14964 -0.123535 -2.05681e-22)
(1.14801 -0.1182 5.61496e-22)
(1.14639 -0.113058 -7.93052e-22)
(1.14478 -0.108095 1.18447e-21)
(1.14321 -0.103301 -1.43934e-21)
(1.14166 -0.0986638 4.47113e-22)
(1.13681 -0.0903435 -3.09866e-23)
(1.14014 -0.0941743 -2.82336e-22)
)
;
    }
}


// ************************************************************************* //
