/*--------------------------------*- C++ -*----------------------------------*\
  =========                 |
  \\      /  F ield         | OpenFOAM: The Open Source CFD Toolbox
   \\    /   O peration     | Website:  https://openfoam.org
    \\  /    A nd           | Version:  7
     \\/     M anipulation  |
\*---------------------------------------------------------------------------*/
FoamFile
{
    version     2.0;
    format      ascii;
    class       volScalarField;
    location    "50";
    object      p;
}
// * * * * * * * * * * * * * * * * * * * * * * * * * * * * * * * * * * * * * //

dimensions      [0 2 -2 0 0 0 0];

internalField   nonuniform List<scalar> 
392
(
-0.0788907
-0.0755722
-0.0724103
-0.0789292
-0.075609
-0.0724454
-0.0790062
-0.0756825
-0.0725156
-0.0791217
-0.0757928
-0.0726208
-0.0792754
-0.0759396
-0.072761
-0.0794673
-0.0761228
-0.072936
-0.0796972
-0.0763424
-0.0731457
-0.0700995
-0.0799648
-0.076598
-0.0733899
-0.0703327
-0.0802698
-0.0768894
-0.0736683
-0.0705987
-0.0772164
-0.0739807
-0.0708972
-0.0775786
-0.0743269
-0.0712279
-0.0779756
-0.0747063
-0.0715906
-0.078407
-0.0751188
-0.0719849
-0.0788724
-0.0755638
-0.0724103
-0.0793712
-0.0760408
-0.0728665
-0.0799028
-0.0765494
-0.073353
-0.0804667
-0.077089
-0.0738691
-0.0707996
-0.0776595
-0.074415
-0.0713218
-0.0782602
-0.0749899
-0.0718719
-0.0788862
-0.0755891
-0.0724454
-0.0795319
-0.0762075
-0.0730373
-0.0802312
-0.0768769
-0.073678
-0.0776731
-0.0744398
-0.0713558
-0.0783776
-0.0751168
-0.0720059
-0.0785679
-0.0753041
-0.0721903
-0.0788782
-0.0756444
-0.0725561
-0.0790621
-0.0758681
-0.0728147
-0.0792021
-0.0760539
-0.0730408
-0.0792965
-0.0762018
-0.073236
-0.0793321
-0.076299
-0.073388
-0.0793023
-0.0763385
-0.0734894
-0.0792027
-0.0763155
-0.0735351
-0.0790304
-0.0762265
-0.073521
-0.0787849
-0.0760698
-0.0734447
-0.0784676
-0.0758462
-0.073306
-0.0780821
-0.0755579
-0.0731064
-0.0776337
-0.0752092
-0.0728488
-0.0771289
-0.0748055
-0.0725378
-0.0765749
-0.074353
-0.0721786
-0.0759796
-0.0738585
-0.0717774
-0.0753509
-0.0733293
-0.0713403
-0.0746966
-0.0727725
-0.070874
-0.0740243
-0.072195
-0.0703849
-0.0733411
-0.0716036
-0.0698792
-0.0726538
-0.0710046
-0.0693628
-0.0719685
-0.0704039
-0.0688414
-0.071291
-0.069807
-0.0683202
-0.0706266
-0.0692191
-0.0678041
-0.0699801
-0.0686446
-0.0672976
-0.0693557
-0.0680879
-0.0668049
-0.0687575
-0.0675529
-0.0663296
-0.0681889
-0.067043
-0.0658753
-0.067653
-0.0665613
-0.065445
-0.0671528
-0.0661107
-0.0650415
-0.0666908
-0.0656937
-0.0646672
-0.0662691
-0.0653125
-0.0643245
-0.0658896
-0.0649689
-0.0640151
-0.0655541
-0.0646648
-0.0637409
-0.065264
-0.0644016
-0.0635033
-0.0650205
-0.0641804
-0.0633034
-0.0648245
-0.0640023
-0.0631423
-0.0646768
-0.063868
-0.0630208
-0.0645781
-0.0637782
-0.0629395
-0.0645287
-0.0637332
-0.0628988
-0.0785679
-0.0788783
-0.0790621
-0.0792021
-0.0792965
-0.0793321
-0.0793023
-0.0792027
-0.0790304
-0.0787849
-0.0784676
-0.0780821
-0.0776337
-0.0771289
-0.0765749
-0.0759796
-0.0753509
-0.0746966
-0.0740243
-0.0733411
-0.0726537
-0.0719685
-0.071291
-0.0706266
-0.0699801
-0.0693557
-0.0687574
-0.0681888
-0.067653
-0.0671528
-0.0666907
-0.066269
-0.0658896
-0.0655541
-0.065264
-0.0650204
-0.0648245
-0.0646768
-0.064578
-0.0645286
-0.0753041
-0.0756444
-0.0758681
-0.0760539
-0.0762018
-0.076299
-0.0763385
-0.0763155
-0.0762265
-0.0760698
-0.0758462
-0.0755579
-0.0752092
-0.0748055
-0.074353
-0.0738585
-0.0733293
-0.0727725
-0.072195
-0.0716036
-0.0710046
-0.0704039
-0.069807
-0.069219
-0.0686446
-0.0680879
-0.0675529
-0.067043
-0.0665613
-0.0661107
-0.0656937
-0.0653124
-0.0649689
-0.0646648
-0.0644016
-0.0641804
-0.0640023
-0.063868
-0.0637781
-0.0637332
-0.0721903
-0.0725561
-0.0728147
-0.0730408
-0.073236
-0.073388
-0.0734894
-0.0735351
-0.073521
-0.0734447
-0.073306
-0.0731063
-0.0728488
-0.0725378
-0.0721786
-0.0717774
-0.0713403
-0.070874
-0.0703849
-0.0698791
-0.0693628
-0.0688413
-0.0683202
-0.0678041
-0.0672976
-0.0668049
-0.0663296
-0.0658753
-0.065445
-0.0650414
-0.0646672
-0.0643244
-0.0640151
-0.0637409
-0.0635032
-0.0633034
-0.0631423
-0.0630208
-0.0629394
-0.0628988
-0.0783777
-0.0751168
-0.0720059
-0.0776731
-0.0744398
-0.0713558
-0.0802312
-0.0768769
-0.073678
-0.0795319
-0.0762075
-0.0730373
-0.0788862
-0.0755892
-0.0724454
-0.0782602
-0.0749899
-0.0718719
-0.0776595
-0.074415
-0.0713218
-0.0804667
-0.077089
-0.0738692
-0.0707996
-0.0799028
-0.0765494
-0.073353
-0.0793712
-0.0760408
-0.0728665
-0.0788724
-0.0755638
-0.0724103
-0.078407
-0.0751188
-0.0719849
-0.0779756
-0.0747063
-0.0715906
-0.0775786
-0.0743269
-0.071228
-0.0772164
-0.0739807
-0.0708972
-0.0802698
-0.0768894
-0.0736683
-0.0705987
-0.0799648
-0.076598
-0.0733899
-0.0703327
-0.0796972
-0.0763424
-0.0731457
-0.0700995
-0.0794673
-0.0761228
-0.072936
-0.0792754
-0.0759396
-0.072761
-0.0791217
-0.0757928
-0.0726208
-0.0790062
-0.0756825
-0.0725156
-0.0789292
-0.075609
-0.0724454
-0.0788907
-0.0755722
-0.0724103
)
;

boundaryField
{
    inlet
    {
        type            zeroGradient;
    }
    outlet
    {
        type            fixedValue;
        value           nonuniform 0();
    }
    cylinder
    {
        type            zeroGradient;
    }
    top
    {
        type            symmetryPlane;
    }
    bottom
    {
        type            symmetryPlane;
    }
    defaultFaces
    {
        type            empty;
    }
    procBoundary36to35
    {
        type            processor;
        value           nonuniform List<scalar> 
134
(
-0.0823737
-0.0824141
-0.0824947
-0.0826156
-0.0827767
-0.0829776
-0.0832183
-0.0834984
-0.0838177
-0.080612
-0.080612
-0.080991
-0.0814063
-0.0818575
-0.0823441
-0.0828655
-0.0834211
-0.0840103
-0.0810628
-0.0810628
-0.0816903
-0.082344
-0.0830182
-0.0837484
-0.081063
-0.081063
-0.0817958
-0.0819889
-0.0822645
-0.082403
-0.0824912
-0.0825252
-0.0824916
-0.0823844
-0.0821996
-0.0819352
-0.0815915
-0.0811713
-0.0806793
-0.0801221
-0.0795073
-0.0788433
-0.078139
-0.077403
-0.076644
-0.07587
-0.0750886
-0.0743071
-0.0735318
-0.0727687
-0.0720233
-0.0713004
-0.0706045
-0.0699395
-0.069309
-0.0687161
-0.0681638
-0.0676544
-0.0671902
-0.0667731
-0.0664048
-0.0660865
-0.0658196
-0.0656049
-0.0654433
-0.0653352
-0.0652811
-0.0819889
-0.0822645
-0.082403
-0.0824912
-0.0825252
-0.0824916
-0.0823844
-0.0821996
-0.0819352
-0.0815915
-0.0811713
-0.0806793
-0.0801221
-0.0795073
-0.0788433
-0.078139
-0.077403
-0.076644
-0.0758699
-0.0750886
-0.074307
-0.0735317
-0.0727687
-0.0720233
-0.0713004
-0.0706044
-0.0699394
-0.0693089
-0.0687161
-0.0681637
-0.0676544
-0.0671902
-0.0667731
-0.0664047
-0.0660865
-0.0658196
-0.0656049
-0.0654432
-0.0653351
-0.0652811
-0.0817958
-0.081063
-0.081063
-0.0837484
-0.0830182
-0.0823441
-0.0816903
-0.0810628
-0.0810628
-0.0840103
-0.0834211
-0.0828655
-0.0823441
-0.0818575
-0.0814063
-0.080991
-0.080612
-0.080612
-0.0838177
-0.0834984
-0.0832183
-0.0829776
-0.0827767
-0.0826156
-0.0824947
-0.0824141
-0.0823737
)
;
    }
    procBoundary36to37
    {
        type            processor;
        value           nonuniform List<scalar> 
134
(
-0.0693971
-0.0694307
-0.0694977
-0.0695982
-0.0697321
-0.0698992
-0.0698992
-0.0671962
-0.067419
-0.0676731
-0.0679583
-0.0682743
-0.0686209
-0.0689978
-0.0694045
-0.0698407
-0.0703059
-0.0703059
-0.0678731
-0.0683726
-0.0688988
-0.0694476
-0.0700141
-0.0706271
-0.0706271
-0.0684139
-0.069038
-0.0692195
-0.0696069
-0.0698958
-0.0701571
-0.0703941
-0.0705946
-0.0707511
-0.0708582
-0.0709114
-0.0709076
-0.0708459
-0.0707267
-0.0705524
-0.0703263
-0.0700529
-0.0697375
-0.0693857
-0.0690033
-0.0685963
-0.0681703
-0.0677311
-0.0672839
-0.0668337
-0.0663851
-0.0659426
-0.0655101
-0.0650913
-0.0646895
-0.0643077
-0.0639488
-0.0636151
-0.0633089
-0.063032
-0.0627862
-0.0625729
-0.0623933
-0.0622484
-0.0621391
-0.0620659
-0.0620292
-0.0692195
-0.0696069
-0.0698958
-0.0701571
-0.0703941
-0.0705946
-0.0707511
-0.0708582
-0.0709114
-0.0709076
-0.0708459
-0.0707267
-0.0705524
-0.0703263
-0.0700529
-0.0697375
-0.0693857
-0.0690033
-0.0685962
-0.0681703
-0.0677311
-0.0672839
-0.0668336
-0.0663851
-0.0659426
-0.0655101
-0.0650912
-0.0646894
-0.0643077
-0.0639487
-0.0636151
-0.0633088
-0.063032
-0.0627861
-0.0625728
-0.0623933
-0.0622484
-0.0621391
-0.0620658
-0.0620292
-0.069038
-0.0684139
-0.0706271
-0.0706271
-0.0700141
-0.0694476
-0.0688988
-0.0683726
-0.0678731
-0.0703059
-0.0703059
-0.0698407
-0.0694045
-0.0689978
-0.0686209
-0.0682743
-0.0679583
-0.0676731
-0.067419
-0.0671962
-0.0698992
-0.0698992
-0.0697321
-0.0695982
-0.0694977
-0.0694307
-0.0693971
)
;
    }
}


// ************************************************************************* //
