/*--------------------------------*- C++ -*----------------------------------*\
  =========                 |
  \\      /  F ield         | OpenFOAM: The Open Source CFD Toolbox
   \\    /   O peration     | Website:  https://openfoam.org
    \\  /    A nd           | Version:  7
     \\/     M anipulation  |
\*---------------------------------------------------------------------------*/
FoamFile
{
    version     2.0;
    format      ascii;
    class       volVectorField;
    location    "45";
    object      U;
}
// * * * * * * * * * * * * * * * * * * * * * * * * * * * * * * * * * * * * * //

dimensions      [0 1 -1 0 0 0 0];

internalField   nonuniform List<vector> 
392
(
(0.370652 -0.00158285 1.36576e-22)
(0.378101 -0.00154997 -6.26652e-24)
(0.385402 -0.00151777 3.9263e-23)
(0.371902 -0.00474312 5.80056e-22)
(0.379327 -0.00464463 1.64703e-22)
(0.386604 -0.00454818 -8.65897e-23)
(0.374395 -0.00788722 7.34029e-22)
(0.381772 -0.00772357 -6.83987e-22)
(0.389002 -0.0075633 3.97875e-22)
(0.378117 -0.0110045 -2.73145e-21)
(0.385422 -0.0107764 2.34383e-21)
(0.392582 -0.0105531 -1.11586e-21)
(0.383047 -0.0140846 -3.62545e-21)
(0.390257 -0.0137931 2.52643e-21)
(0.397324 -0.0135076 -7.80577e-22)
(0.389159 -0.0171172 -1.62553e-21)
(0.39625 -0.0167636 2.49876e-21)
(0.403203 -0.0164172 -1.76724e-21)
(0.396417 -0.0200927 6.02001e-22)
(0.403369 -0.0196785 4.04783e-22)
(0.410185 -0.0192728 -2.05622e-21)
(0.404782 -0.0230016 2.28292e-21)
(0.411573 -0.0225287 -3.48413e-21)
(0.418234 -0.0220653 4.38931e-21)
(0.414209 -0.025835 -3.71132e-21)
(0.420821 -0.0253054 -1.25935e-21)
(0.427305 -0.0247865 1.43636e-21)
(0.424648 -0.0285847 3.99633e-23)
(0.43106 -0.0280007 1.35225e-21)
(0.437351 -0.0274283 -3.12208e-21)
(0.443523 -0.0268677 -1.75848e-21)
(0.436042 -0.0312428 6.19517e-21)
(0.442239 -0.0306069 2.56681e-22)
(0.44832 -0.0299835 -7.74146e-23)
(0.454286 -0.0293728 -3.74917e-21)
(0.448333 -0.0338025 -3.43183e-21)
(0.454298 -0.0331172 1.7982e-21)
(0.460153 -0.0324454 -1.63048e-21)
(0.4659 -0.0317871 2.82119e-21)
(0.467175 -0.0355255 -2.49702e-21)
(0.47279 -0.034808 -2.26224e-21)
(0.478304 -0.0341048 8.80033e-22)
(0.480806 -0.0378263 4.79544e-21)
(0.486169 -0.037066 -2.66274e-21)
(0.491437 -0.0363206 -3.72427e-21)
(0.495124 -0.0400148 -4.20163e-21)
(0.500224 -0.0392146 1.35888e-21)
(0.505236 -0.0384299 9.06118e-21)
(0.510059 -0.042087 -1.52485e-21)
(0.514887 -0.04125 1.02497e-21)
(0.519633 -0.040429 -2.7927e-21)
(0.525541 -0.0440398 5.63933e-21)
(0.530088 -0.0431691 -9.69931e-21)
(0.534562 -0.0423148 1.86313e-21)
(0.541498 -0.0458707 -5.44117e-21)
(0.545759 -0.0449696 -5.37468e-22)
(0.549954 -0.044085 4.49492e-21)
(0.557859 -0.0475783 -1.18423e-21)
(0.56183 -0.0466498 -9.19439e-21)
(0.565741 -0.0457381 7.59511e-21)
(0.569594 -0.0448434 2.2184e-21)
(0.574554 -0.0491612 -2.03709e-21)
(0.57823 -0.0482085 5.06267e-21)
(0.581856 -0.0472727 1.70003e-21)
(0.58543 -0.046354 6.97872e-22)
(0.594892 -0.0496436 3.99681e-21)
(0.59823 -0.0486869 -5.88638e-21)
(0.601524 -0.0477472 -2.48394e-21)
(0.611748 -0.0509582 -6.55355e-21)
(0.614798 -0.0499835 6.23613e-21)
(0.617812 -0.0490257 -4.14011e-22)
(0.628732 -0.0521733 -6.27124e-21)
(0.631496 -0.0511825 -6.82271e-22)
(0.634231 -0.0502085 1.67324e-21)
(0.645782 -0.05329 1.45816e-20)
(0.648262 -0.0522851 -9.48012e-21)
(0.650721 -0.0512967 2.56718e-21)
(0.677682 -0.0549693 0)
(0.679693 -0.0539559 0)
(0.681694 -0.0529577 0)
(0.727185 -0.0566607 0)
(0.728472 -0.0556471 0)
(0.729765 -0.0546469 0)
(0.777046 -0.0576391 0)
(0.777627 -0.0566422 0)
(0.778231 -0.0556564 0)
(0.826312 -0.0578751 0)
(0.826227 -0.0569128 0)
(0.82618 -0.0559586 0)
(0.874105 -0.0574171 5.08475e-28)
(0.873412 -0.056505 0)
(0.87277 -0.0555974 0)
(0.919656 -0.0563419 -5.08475e-28)
(0.918428 -0.055493 0)
(0.917262 -0.0546445 0)
(0.962323 -0.0547369 0)
(0.960645 -0.0539607 0)
(0.959038 -0.0531809 0)
(1.00161 -0.052698 0)
(0.999575 -0.0520008 0)
(0.997612 -0.051296 0)
(1.03718 -0.050325 0)
(1.03487 -0.0497096 0)
(1.03265 -0.0490828 0)
(1.06883 -0.0477163 0)
(1.06635 -0.0471825 0)
(1.06394 -0.0466337 0)
(1.09652 -0.0449641 0)
(1.09394 -0.0445089 0)
(1.09143 -0.0440355 0)
(1.12032 -0.0421505 0)
(1.11772 -0.0417687 0)
(1.11517 -0.0413662 0)
(1.14042 -0.0393452 0)
(1.13784 -0.0390303 0)
(1.13532 -0.0386925 0)
(1.15708 -0.0366038 0)
(1.15457 -0.0363484 0)
(1.15212 -0.0360686 0)
(1.17061 -0.0339679 -5.43316e-28)
(1.16821 -0.0337644 0)
(1.16586 -0.0335353 0)
(1.18136 -0.0314658 5.43316e-28)
(1.1791 -0.0313067 0)
(1.17687 -0.0311215 0)
(1.1897 -0.0291139 0)
(1.18758 -0.0289925 0)
(1.18549 -0.0288444 0)
(1.19599 -0.0269189 0)
(1.19401 -0.0268289 0)
(1.19206 -0.0267122 0)
(1.20055 -0.0248797 3.16205e-28)
(1.19871 -0.0248157 0)
(1.1969 -0.0247252 -2.9891e-28)
(1.20371 -0.0229894 -3.16205e-28)
(1.202 -0.0229469 0)
(1.20032 -0.0228782 2.9891e-28)
(1.20572 -0.0212375 -2.36649e-28)
(1.20414 -0.0212127 0)
(1.20258 -0.0211623 0)
(1.20684 -0.0196114 2.36649e-28)
(1.20537 -0.0196012 0)
(1.20392 -0.0195659 0)
(1.20727 -0.0180976 0)
(1.2059 -0.0180993 8.759e-28)
(1.20454 -0.0180768 -2.24916e-28)
(1.20718 -0.0166827 0)
(1.2059 -0.0166942 -8.759e-28)
(1.20462 -0.0166822 2.24916e-28)
(1.20671 -0.015354 0)
(1.2055 -0.0153734 0)
(1.20429 -0.0153703 0)
(1.20597 -0.0140999 0)
(1.20482 -0.0141255 0)
(1.20368 -0.0141297 0)
(1.20505 -0.01291 0)
(1.20396 -0.0129405 0)
(1.20287 -0.0129506 0)
(1.20403 -0.0117754 0)
(1.20298 -0.0118093 0)
(1.20194 -0.0118241 0)
(1.20295 -0.0106882 0)
(1.20195 -0.0107244 0)
(1.20095 -0.0107426 0)
(1.20188 -0.00964179 0)
(1.20091 -0.00967904 0)
(1.19994 -0.00969968 0)
(1.20083 -0.00863031 -2.35042e-28)
(1.19989 -0.00866755 0)
(1.19895 -0.00868957 0)
(1.19983 -0.00764882 2.35042e-28)
(1.19892 -0.00768504 0)
(1.19801 -0.0077075 0)
(1.19891 -0.00669297 -2.3455e-28)
(1.19802 -0.00672725 0)
(1.19713 -0.00674926 0)
(1.19808 -0.0057589 2.3455e-28)
(1.19721 -0.0057904 0)
(1.19633 -0.00581116 0)
(1.19735 -0.00484315 0)
(1.19649 -0.00487111 0)
(1.19563 -0.00488993 0)
(1.19673 -0.00394252 0)
(1.19589 -0.00396631 0)
(1.19504 -0.00398256 0)
(1.19623 -0.00305405 2.33846e-28)
(1.19539 -0.00307311 0)
(1.19455 -0.00308629 -2.24524e-28)
(1.19585 -0.00217488 -2.33846e-28)
(1.19502 -0.00218881 0)
(1.19419 -0.00219852 2.24524e-28)
(1.19559 -0.0013023 3.128e-28)
(1.19477 -0.00131078 1.3679e-11)
(1.19394 -0.00131673 1.34023e-11)
(1.19546 -0.000433661 -3.16159e-28)
(1.19464 -0.000436509 -1.38259e-11)
(1.19382 -0.000438511 -1.35463e-11)
(0.677682 0.0549693 0)
(0.727185 0.0566607 0)
(0.777046 0.0576391 0)
(0.826312 0.0578751 0)
(0.874105 0.0574171 -5.08475e-28)
(0.919656 0.0563419 5.08475e-28)
(0.962323 0.0547369 0)
(1.00161 0.0526979 0)
(1.03718 0.0503249 0)
(1.06883 0.0477163 0)
(1.09652 0.0449641 1.36969e-11)
(1.12032 0.0421505 -1.36969e-11)
(1.14042 0.0393452 0)
(1.15708 0.0366038 0)
(1.17061 0.0339679 5.43316e-28)
(1.18136 0.0314658 -5.43316e-28)
(1.1897 0.0291139 1.40545e-11)
(1.19599 0.0269189 -1.40545e-11)
(1.20055 0.0248797 -3.16205e-28)
(1.20371 0.0229894 3.16205e-28)
(1.20572 0.0212375 1.4131e-11)
(1.20684 0.0196114 -1.4131e-11)
(1.20727 0.0180976 0)
(1.20718 0.0166827 0)
(1.20671 0.015354 1.41204e-11)
(1.20597 0.0140999 -1.41204e-11)
(1.20505 0.01291 0)
(1.20403 0.0117754 0)
(1.20295 0.0106882 0)
(1.20188 0.00964179 0)
(1.20083 0.00863031 2.35042e-28)
(1.19983 0.00764882 -2.35042e-28)
(1.19891 0.00669297 -1.40056e-11)
(1.19808 0.0057589 1.40056e-11)
(1.19735 0.00484315 0)
(1.19673 0.00394252 0)
(1.19623 0.00305405 -2.33846e-28)
(1.19585 0.00217488 2.33846e-28)
(1.19559 0.0013023 -1.39545e-11)
(1.19546 0.000433661 1.41044e-11)
(0.679693 0.0539559 0)
(0.728472 0.055647 0)
(0.777627 0.0566422 0)
(0.826227 0.0569128 0)
(0.873412 0.056505 0)
(0.918428 0.0554929 0)
(0.960645 0.0539607 0)
(0.999575 0.0520007 0)
(1.03487 0.0497096 -1.30401e-11)
(1.06635 0.0471825 1.30401e-11)
(1.09394 0.0445088 2.64783e-11)
(1.11772 0.0417687 -2.64783e-11)
(1.13784 0.0390303 0)
(1.15457 0.0363484 0)
(1.16821 0.0337644 0)
(1.1791 0.0313067 0)
(1.18758 0.0289924 1.36464e-11)
(1.19401 0.0268289 -1.36464e-11)
(1.19871 0.0248157 0)
(1.202 0.0229468 0)
(1.20414 0.0212127 0)
(1.20537 0.0196012 0)
(1.2059 0.0180993 -8.759e-28)
(1.2059 0.0166942 8.759e-28)
(1.2055 0.0153734 1.37827e-11)
(1.20482 0.0141255 -1.37827e-11)
(1.20396 0.0129405 0)
(1.20298 0.0118093 0)
(1.20195 0.0107244 -8.12219e-28)
(1.20091 0.00967904 8.12219e-28)
(1.19989 0.00866755 0)
(1.19892 0.00768504 0)
(1.19802 0.00672725 8.71865e-28)
(1.19721 0.0057904 -8.71865e-28)
(1.19649 0.00487111 0)
(1.19589 0.0039663 0)
(1.19539 0.00307311 0)
(1.19502 0.00218881 0)
(1.19477 0.00131078 -8.07631e-28)
(1.19464 0.000436509 8.16306e-28)
(0.681694 0.0529577 0)
(0.729765 0.0546469 0)
(0.778231 0.0556564 0)
(0.82618 0.0559585 0)
(0.87277 0.0555974 0)
(0.917262 0.0546445 0)
(0.959038 0.0531809 0)
(0.997612 0.0512959 0)
(1.03265 0.0490828 -1.25866e-11)
(1.06394 0.0466337 1.25866e-11)
(1.09143 0.0440355 2.55929e-11)
(1.11517 0.0413662 -2.55929e-11)
(1.13532 0.0386925 0)
(1.15212 0.0360685 0)
(1.16586 0.0335353 0)
(1.17687 0.0311214 0)
(1.18549 0.0288444 0)
(1.19206 0.0267122 0)
(1.1969 0.0247252 2.9891e-28)
(1.20032 0.0228782 -2.9891e-28)
(1.20258 0.0211622 0)
(1.20392 0.0195659 0)
(1.20454 0.0180768 2.24916e-28)
(1.20462 0.0166822 -2.24916e-28)
(1.20429 0.0153703 2.25218e-28)
(1.20368 0.0141297 -2.25218e-28)
(1.20287 0.0129506 0)
(1.20194 0.0118241 0)
(1.20095 0.0107426 -1.34483e-11)
(1.19994 0.00969968 1.34483e-11)
(1.19895 0.00868957 0)
(1.19801 0.0077075 0)
(1.19713 0.00674926 0)
(1.19633 0.00581116 0)
(1.19563 0.00488993 0)
(1.19504 0.00398256 0)
(1.19455 0.00308629 2.24524e-28)
(1.19419 0.00219851 -2.24524e-28)
(1.19394 0.00131673 0)
(1.19382 0.00043851 0)
(0.645782 0.05329 -1.45724e-20)
(0.648262 0.0522851 9.48432e-21)
(0.650721 0.0512967 -2.55869e-21)
(0.628732 0.0521733 6.46785e-21)
(0.631496 0.0511825 5.9011e-22)
(0.634231 0.0502085 -1.79661e-21)
(0.611748 0.0509582 6.49875e-21)
(0.614798 0.0499835 -5.95373e-21)
(0.617812 0.0490257 6.66443e-22)
(0.594892 0.0496436 -4.30188e-21)
(0.59823 0.0486868 5.58255e-21)
(0.601524 0.0477471 1.92067e-21)
(0.574554 0.0491611 1.82719e-21)
(0.57823 0.0482085 -4.47328e-21)
(0.581856 0.0472727 -1.90404e-21)
(0.58543 0.046354 -3.47392e-22)
(0.557859 0.0475783 1.69412e-21)
(0.56183 0.0466498 8.73275e-21)
(0.565741 0.0457381 -7.53623e-21)
(0.541498 0.0458707 4.95803e-21)
(0.545759 0.0449695 4.77279e-22)
(0.549954 0.044085 -5.02535e-21)
(0.525541 0.0440398 -6.22019e-21)
(0.530088 0.0431691 9.42083e-21)
(0.534562 0.0423148 -1.37254e-21)
(0.510059 0.042087 2.97574e-21)
(0.514887 0.04125 -9.31606e-22)
(0.519633 0.040429 3.71754e-21)
(0.495124 0.0400148 4.18185e-21)
(0.500224 0.0392145 -6.52864e-22)
(0.505236 0.0384299 -8.84341e-21)
(0.480806 0.0378263 -5.29231e-21)
(0.486169 0.0370659 1.43107e-21)
(0.491437 0.0363205 3.03052e-21)
(0.467175 0.0355255 2.27861e-21)
(0.47279 0.034808 2.352e-21)
(0.478304 0.0341048 -1.02272e-21)
(0.448333 0.0338025 3.88134e-21)
(0.454297 0.0331172 -2.23292e-21)
(0.460153 0.0324454 1.86979e-21)
(0.4659 0.0317871 -2.40566e-21)
(0.436042 0.0312428 -6.52156e-21)
(0.442239 0.0306069 1.02158e-21)
(0.44832 0.0299835 1.30571e-21)
(0.454286 0.0293728 3.23806e-21)
(0.424648 0.0285847 -7.05476e-22)
(0.43106 0.0280006 -2.60304e-21)
(0.437351 0.0274283 1.85794e-21)
(0.414209 0.025835 4.3095e-21)
(0.420821 0.0253054 2.08226e-21)
(0.427305 0.0247864 -8.83972e-22)
(0.404782 0.0230016 -2.81477e-21)
(0.411573 0.0225286 2.66026e-21)
(0.418234 0.0220653 -4.4306e-21)
(0.396417 0.0200927 1.67762e-23)
(0.403369 0.0196785 1.19211e-22)
(0.410185 0.0192728 2.17865e-21)
(0.389158 0.0171172 1.67651e-21)
(0.39625 0.0167636 -2.75648e-21)
(0.403203 0.0164172 1.65831e-21)
(0.383047 0.0140846 3.08074e-21)
(0.390257 0.0137931 -2.82632e-21)
(0.397324 0.0135075 4.02431e-22)
(0.378117 0.0110045 2.87009e-21)
(0.385422 0.0107764 -1.99018e-21)
(0.392582 0.010553 1.53302e-21)
(0.374395 0.0078872 -6.13487e-22)
(0.381772 0.00772355 8.92735e-22)
(0.389002 0.00756327 -3.91349e-22)
(0.371902 0.00474309 -5.60914e-22)
(0.379327 0.00464461 -3.2354e-22)
(0.386604 0.00454816 -4.89658e-23)
(0.370652 0.00158282 -6.44581e-23)
(0.378101 0.00154995 9.34121e-23)
(0.385402 0.00151775 2.73765e-23)
)
;

boundaryField
{
    inlet
    {
        type            uniformFixedValue;
        uniformValue    constant (1 0 0);
        value           nonuniform 0();
    }
    outlet
    {
        type            pressureInletOutletVelocity;
        value           nonuniform 0();
    }
    cylinder
    {
        type            fixedValue;
        value           nonuniform 0();
    }
    top
    {
        type            symmetryPlane;
    }
    bottom
    {
        type            symmetryPlane;
    }
    defaultFaces
    {
        type            empty;
    }
    procBoundary40to39
    {
        type            processor;
        value           nonuniform List<vector> 
132
(
(0.363052 -0.0016164 -3.49389e-23)
(0.364327 -0.00484363 9.55923e-22)
(0.366869 -0.00805424 7.53084e-22)
(0.370665 -0.0112373 -2.30963e-21)
(0.375693 -0.014382 1.91366e-22)
(0.381925 -0.0174781 6.37354e-22)
(0.389327 -0.0205153 -3.98884e-21)
(0.397857 -0.023484 -7.80806e-23)
(0.407469 -0.0263752 -1.35629e-21)
(0.418112 -0.0291803 3.04032e-22)
(0.429728 -0.0318913 2.33949e-21)
(0.442256 -0.034501 -1.82844e-22)
(0.461456 -0.0362572 -7.00381e-21)
(0.461456 -0.0362572 -7.00381e-21)
(0.475346 -0.0386015 4.95019e-21)
(0.489934 -0.0408304 -2.74783e-21)
(0.505149 -0.0429398 -4.17764e-21)
(0.520919 -0.0449266 5.82992e-21)
(0.53717 -0.0467882 -2.12069e-21)
(0.55383 -0.0485233 -5.07335e-22)
(0.570826 -0.0501302 -1.45476e-21)
(0.591511 -0.0506171 5.57183e-21)
(0.591511 -0.0506171 5.57183e-21)
(0.608662 -0.0519495 -5.95989e-21)
(0.62594 -0.0531805 1.69772e-21)
(0.643281 -0.0543109 -1.74283e-21)
(0.675662 -0.0559973 0)
(0.725906 -0.0576871 0)
(0.776491 -0.058646 0)
(0.826439 -0.058844 0)
(0.874854 -0.0583319 0)
(0.920949 -0.0571895 0)
(0.964073 -0.0555074 0)
(1.00372 -0.0533852 0)
(1.03956 -0.0509262 3.16557e-29)
(1.07139 -0.0482323 -3.16557e-29)
(1.09917 -0.0453983 0)
(1.123 -0.0425086 0)
(1.14306 -0.0396343 0)
(1.15963 -0.0368318 0)
(1.17305 -0.0341429 3.25832e-29)
(1.18366 -0.0315957 -3.25832e-29)
(1.19186 -0.029206 0)
(1.19799 -0.0269796 0)
(1.20241 -0.0249146 0)
(1.20543 -0.0230033 0)
(1.20732 -0.0212343 9.22231e-28)
(1.20833 -0.0195944 -9.22231e-28)
(1.20866 -0.0180695 0)
(1.20848 -0.0166458 0)
(1.20793 -0.0153102 9.19221e-28)
(1.20712 -0.014051 -9.19221e-28)
(1.20614 -0.0128575 0)
(1.20507 -0.0117208 0)
(1.20396 -0.0106327 0)
(1.20284 -0.00958664 0)
(1.20176 -0.00857668 -1.43336e-11)
(1.20074 -0.00759777 1.43336e-11)
(1.1998 -0.00664548 0)
(1.19895 -0.00571587 0)
(1.1982 -0.00480537 0)
(1.19757 -0.00391066 0)
(1.19706 -0.00302867 0)
(1.19667 -0.00215644 0)
(1.19641 -0.00129111 0)
(1.19628 -0.000429906 0)
(0.675662 0.0559973 0)
(0.725906 0.0576871 0)
(0.776491 0.058646 0)
(0.826439 0.058844 0)
(0.874854 0.0583319 0)
(0.920949 0.0571895 0)
(0.964073 0.0555074 0)
(1.00372 0.0533851 0)
(1.03956 0.0509262 -1.39981e-11)
(1.07139 0.0482323 1.39981e-11)
(1.09917 0.0453983 0)
(1.123 0.0425086 0)
(1.14306 0.0396343 0)
(1.15963 0.0368318 0)
(1.17305 0.0341429 -1.44082e-11)
(1.18366 0.0315957 1.44082e-11)
(1.19186 0.029206 1.44723e-11)
(1.19799 0.0269796 -1.44723e-11)
(1.20241 0.0249146 0)
(1.20543 0.0230033 0)
(1.20732 0.0212343 1.45086e-11)
(1.20833 0.0195944 -1.45086e-11)
(1.20866 0.0180695 0)
(1.20848 0.0166458 0)
(1.20793 0.0153102 9.19221e-28)
(1.20712 0.014051 -9.19221e-28)
(1.20614 0.0128575 0)
(1.20507 0.0117208 0)
(1.20396 0.0106327 0)
(1.20284 0.00958664 0)
(1.20176 0.00857667 -9.11108e-28)
(1.20074 0.00759777 9.11108e-28)
(1.1998 0.00664548 -1.42944e-11)
(1.19895 0.00571587 1.42944e-11)
(1.1982 0.00480536 0)
(1.19757 0.00391066 0)
(1.19706 0.00302867 9.05158e-28)
(1.19667 0.00215644 -9.05158e-28)
(1.19641 0.00129111 -1.42284e-11)
(1.19628 0.000429906 1.43812e-11)
(0.643281 0.0543109 1.75244e-21)
(0.62594 0.0531804 -1.53331e-21)
(0.608662 0.0519494 5.98093e-21)
(0.591511 0.0506171 -5.76406e-21)
(0.591511 0.0506171 -5.76406e-21)
(0.570826 0.0501302 2.09468e-21)
(0.55383 0.0485233 8.48517e-22)
(0.53717 0.0467882 1.21707e-21)
(0.520919 0.0449266 -6.13198e-21)
(0.505149 0.0429398 4.55924e-21)
(0.489934 0.0408303 3.85151e-21)
(0.475346 0.0386014 -6.52731e-21)
(0.461456 0.0362572 7.49583e-21)
(0.461456 0.0362572 7.49583e-21)
(0.442256 0.034501 -3.57318e-22)
(0.429728 0.0318913 -9.54251e-22)
(0.418112 0.0291803 -6.64463e-23)
(0.407469 0.0263752 7.42132e-22)
(0.397857 0.023484 -1.16542e-22)
(0.389327 0.0205152 3.90975e-21)
(0.381925 0.017478 -1.22471e-21)
(0.375693 0.014382 5.76428e-22)
(0.370665 0.0112373 2.06989e-21)
(0.366869 0.00805422 -8.20091e-22)
(0.364327 0.00484361 -1.06114e-21)
(0.363052 0.00161638 6.2556e-23)
)
;
    }
    procBoundary40to41
    {
        type            processor;
        value           nonuniform List<vector> 
132
(
(0.392558 -0.00148626 -7.17197e-23)
(0.393737 -0.00445377 4.4844e-22)
(0.396089 -0.00740641 -4.49812e-22)
(0.399601 -0.0103344 4.25337e-22)
(0.404252 -0.0132281 2.70514e-22)
(0.410019 -0.0160781 -2.29374e-21)
(0.416869 -0.0188755 -7.16814e-22)
(0.424765 -0.0216116 4.3516e-21)
(0.433666 -0.0242782 -1.40799e-21)
(0.433666 -0.0242782 -1.40799e-21)
(0.449578 -0.0263187 -2.0727e-21)
(0.460142 -0.0287747 6.06047e-23)
(0.47154 -0.0311424 -2.78421e-21)
(0.483717 -0.0334159 3.6733e-22)
(0.496611 -0.0355902 -2.082e-21)
(0.51016 -0.0376608 5.5033e-21)
(0.524299 -0.0396241 -5.66236e-21)
(0.538962 -0.041477 -2.76268e-21)
(0.554082 -0.0432172 -3.71479e-21)
(0.554082 -0.0432172 -3.71479e-21)
(0.573388 -0.0439658 -4.88939e-21)
(0.588952 -0.0454525 5.77125e-21)
(0.604774 -0.0468248 8.33772e-22)
(0.620789 -0.0480852 5.90539e-21)
(0.636937 -0.0492516 -2.06704e-21)
(0.653158 -0.0503252 7.002e-21)
(0.683682 -0.0519753 0)
(0.731063 -0.053661 0)
(0.778856 -0.0546827 0)
(0.826168 -0.0550135 0)
(0.872176 -0.0546957 0)
(0.916155 -0.0537983 0)
(0.957495 -0.0523996 0)
(0.99572 -0.0505858 0)
(1.03049 -0.0484469 0)
(1.0616 -0.0460724 6.90575e-28)
(1.08898 -0.0435467 -1.74037e-28)
(1.11269 -0.0409457 0)
(1.13286 -0.0383347 -1.25625e-11)
(1.14972 -0.0357671 1.25625e-11)
(1.16356 -0.0332835 0)
(1.17468 -0.0309127 0)
(1.18343 -0.0286724 8.17376e-28)
(1.19013 -0.0265714 -8.17376e-28)
(1.19511 -0.0246106 7.65233e-28)
(1.19865 -0.0227858 -7.65233e-28)
(1.20103 -0.0210885 0)
(1.20247 -0.0195079 0)
(1.20319 -0.018032 0)
(1.20335 -0.0166489 0)
(1.2031 -0.0153465 0)
(1.20254 -0.0141142 0)
(1.20179 -0.0129419 0)
(1.20091 -0.0118212 0)
(1.19995 -0.0107443 5.7655e-28)
(1.19898 -0.00970496 0)
(1.19801 -0.00869751 1.03051e-27)
(1.19709 -0.00771719 0)
(1.19624 -0.00675989 0)
(1.19546 -0.00582198 -2.0329e-28)
(1.19477 -0.00490026 -5.76726e-28)
(1.19419 -0.00399183 0)
(1.19371 -0.00309401 0)
(1.19335 -0.0022043 0)
(1.19311 -0.00132031 7.74926e-28)
(1.19299 -0.000439725 -7.83249e-28)
(0.683682 0.0519753 0)
(0.731063 0.053661 0)
(0.778856 0.0546826 0)
(0.826168 0.0550135 0)
(0.872176 0.0546957 0)
(0.916155 0.0537983 0)
(0.957495 0.0523996 0)
(0.99572 0.0505857 0)
(1.03049 0.0484469 -2.74747e-29)
(1.0616 0.0460724 2.74747e-29)
(1.08898 0.0435466 1.23684e-11)
(1.11269 0.0409456 -1.23684e-11)
(1.13286 0.0383347 0)
(1.14972 0.0357671 0)
(1.16356 0.0332835 -2.87802e-29)
(1.17468 0.0309127 2.87802e-29)
(1.18343 0.0286724 0)
(1.19013 0.0265713 0)
(1.19511 0.0246106 -1.29609e-11)
(1.19865 0.0227858 1.29609e-11)
(1.20103 0.0210885 0)
(1.20247 0.0195079 0)
(1.20319 0.018032 0)
(1.20335 0.0166488 0)
(1.2031 0.0153465 0)
(1.20254 0.0141141 0)
(1.20179 0.0129419 0)
(1.20091 0.0118211 0)
(1.19995 0.0107443 -1.31415e-11)
(1.19898 0.00970496 1.31415e-11)
(1.19801 0.00869751 0)
(1.19709 0.00771719 0)
(1.19624 0.00675988 0)
(1.19546 0.00582198 0)
(1.19477 0.00490026 0)
(1.19419 0.00399183 0)
(1.19371 0.00309401 0)
(1.19335 0.0022043 0)
(1.19311 0.00132031 7.74926e-28)
(1.19299 0.000439725 -7.83249e-28)
(0.653158 0.0503252 -7.02856e-21)
(0.636937 0.0492516 2.30106e-21)
(0.620789 0.0480851 -5.68605e-21)
(0.604774 0.0468247 -1.36176e-21)
(0.588952 0.0454525 -5.39343e-21)
(0.569594 0.0448433 -2.56811e-21)
(0.569594 0.0448433 -2.56811e-21)
(0.554082 0.0432172 3.89976e-21)
(0.538962 0.0414769 1.92958e-21)
(0.524299 0.0396241 5.42305e-21)
(0.51016 0.0376608 -3.96512e-21)
(0.496611 0.0355901 7.17528e-22)
(0.483717 0.0334158 -3.21832e-23)
(0.47154 0.0311423 2.75369e-21)
(0.460142 0.0287747 4.72458e-22)
(0.443523 0.0268676 4.29532e-21)
(0.443523 0.0268676 4.29532e-21)
(0.433666 0.0242782 1.11691e-21)
(0.424765 0.0216116 -4.00295e-21)
(0.416869 0.0188755 6.36823e-22)
(0.410019 0.0160781 2.30442e-21)
(0.404252 0.013228 -7.54376e-22)
(0.399601 0.0103344 -1.71861e-22)
(0.396089 0.00740638 4.26682e-22)
(0.393737 0.00445375 -3.40569e-22)
(0.392558 0.00148623 4.49571e-23)
)
;
    }
}


// ************************************************************************* //
