/*--------------------------------*- C++ -*----------------------------------*\
  =========                 |
  \\      /  F ield         | OpenFOAM: The Open Source CFD Toolbox
   \\    /   O peration     | Website:  https://openfoam.org
    \\  /    A nd           | Version:  7
     \\/     M anipulation  |
\*---------------------------------------------------------------------------*/
FoamFile
{
    version     2.0;
    format      ascii;
    class       volVectorField;
    location    "35";
    object      U;
}
// * * * * * * * * * * * * * * * * * * * * * * * * * * * * * * * * * * * * * //

dimensions      [0 1 -1 0 0 0 0];

internalField   nonuniform List<vector> 
928
(
(0.644648 -0.000403174 7.95307e-25)
(0.64591 -0.000400071 1.32766e-25)
(0.647164 -0.000396992 -7.95558e-25)
(0.648408 -0.000393935 -3.81829e-25)
(0.649643 -0.000390898 8.50811e-25)
(0.64494 -0.00120875 4.05025e-24)
(0.6462 -0.00119944 -3.26896e-24)
(0.647452 -0.00119019 3.78499e-24)
(0.648694 -0.00118101 -2.65549e-24)
(0.649927 -0.0011719 1.1317e-24)
(0.645523 -0.00201254 -2.67135e-24)
(0.64678 -0.00199703 -6.28816e-25)
(0.648028 -0.00198164 1.0464e-24)
(0.649266 -0.00196636 2.99753e-24)
(0.650496 -0.00195119 4.02472e-26)
(0.646397 -0.00281335 -1.401e-23)
(0.647648 -0.00279168 8.42395e-24)
(0.64889 -0.00277018 1.82374e-24)
(0.650122 -0.00274884 -3.94693e-24)
(0.651346 -0.00272764 7.99443e-24)
(0.64756 -0.00360999 -1.25062e-23)
(0.648803 -0.00358222 1.97103e-23)
(0.650037 -0.00355466 -5.19438e-24)
(0.651262 -0.0035273 -7.17508e-24)
(0.652478 -0.00350012 1.00089e-23)
(0.649008 -0.0044013 -2.22334e-23)
(0.650242 -0.00436748 1.33872e-23)
(0.651466 -0.00433393 3.46533e-24)
(0.652681 -0.00430062 -9.92923e-24)
(0.653888 -0.00426754 4.27752e-24)
(0.65074 -0.00518612 1.9076e-23)
(0.651962 -0.00514635 -1.27623e-23)
(0.653174 -0.00510688 -5.33189e-24)
(0.654379 -0.00506769 9.37084e-24)
(0.655574 -0.00502877 -4.65535e-24)
(0.652751 -0.00596334 3.06393e-24)
(0.653959 -0.00591768 -8.97584e-24)
(0.655159 -0.00587239 2.08468e-23)
(0.65635 -0.00582742 -1.4301e-23)
(0.657533 -0.00578275 5.90028e-24)
(0.655038 -0.00673182 1.17047e-23)
(0.656231 -0.0066804 9.37944e-25)
(0.657415 -0.00662938 -1.59848e-23)
(0.658592 -0.00657873 2.02673e-23)
(0.65976 -0.00652842 -1.14053e-23)
(0.657595 -0.0074905 5.6189e-24)
(0.658771 -0.00743342 1.19083e-23)
(0.659939 -0.00737679 -1.11114e-23)
(0.661099 -0.00732058 -5.94193e-24)
(0.662251 -0.00726474 -1.25773e-23)
(0.660418 -0.00823831 -1.85002e-23)
(0.661576 -0.00817571 -1.97667e-23)
(0.662726 -0.0081136 4.26271e-23)
(0.663868 -0.00805194 2.51013e-25)
(0.665001 -0.00799071 -7.12232e-24)
(0.6635 -0.00897424 -4.03206e-23)
(0.664638 -0.00890625 1.27737e-24)
(0.665769 -0.00883879 -1.14598e-23)
(0.666891 -0.00877184 4.01493e-23)
(0.668006 -0.00870534 8.86899e-24)
(0.666837 -0.00969729 3.68515e-23)
(0.667953 -0.00962406 -8.0979e-24)
(0.669063 -0.00955142 -1.77539e-23)
(0.670164 -0.00947931 -1.70482e-23)
(0.671258 -0.0094077 -6.33428e-24)
(0.67042 -0.0104065 1.90905e-23)
(0.671514 -0.0103282 8.2197e-24)
(0.672601 -0.0102505 6.12904e-24)
(0.67368 -0.0101734 -1.15208e-23)
(0.674752 -0.0100969 -1.85613e-23)
(0.674243 -0.011101 5.03707e-23)
(0.675313 -0.0110178 -2.01131e-23)
(0.676376 -0.0109353 4.71464e-24)
(0.677432 -0.0108533 1.06714e-23)
(0.678481 -0.010772 -5.70195e-24)
(0.678299 -0.0117799 -8.14852e-24)
(0.679344 -0.011692 -8.55271e-24)
(0.680382 -0.0116047 1.74878e-23)
(0.681413 -0.0115182 -3.36698e-23)
(0.682437 -0.0114322 2.73168e-23)
(0.682579 -0.0124424 -3.2255e-23)
(0.683598 -0.0123499 -9.72811e-24)
(0.68461 -0.0122582 -1.56415e-23)
(0.685615 -0.0121671 3.92794e-23)
(0.686614 -0.0120768 -1.28569e-23)
(0.687075 -0.0130877 3.43647e-24)
(0.688067 -0.0129909 -2.64175e-25)
(0.689052 -0.0128948 -6.38056e-24)
(0.690031 -0.0127995 1.69919e-23)
(0.691004 -0.0127049 -5.66568e-24)
(0.691779 -0.0137151 -5.31484e-23)
(0.692743 -0.0136141 1.33296e-24)
(0.6937 -0.0135139 3.81319e-24)
(0.694652 -0.0134146 -4.33169e-23)
(0.695597 -0.0133159 3.12199e-23)
(0.696681 -0.0143239 -2.65288e-23)
(0.697616 -0.014219 2.20634e-24)
(0.698546 -0.0141149 2.48815e-24)
(0.699469 -0.0140116 -3.05102e-23)
(0.700387 -0.0139091 2.11038e-23)
(0.701773 -0.0149135 -4.07696e-23)
(0.702679 -0.0148048 5.63001e-23)
(0.70358 -0.0146971 -4.59779e-23)
(0.704474 -0.0145902 -2.42131e-23)
(0.705364 -0.014484 2.70582e-23)
(0.707045 -0.0154834 -2.95653e-24)
(0.707922 -0.0153712 9.32991e-23)
(0.708793 -0.0152599 -5.50208e-23)
(0.709658 -0.0151495 2.96758e-23)
(0.710519 -0.01504 1.6219e-23)
(0.712488 -0.0160329 -1.01822e-22)
(0.713334 -0.0159174 -3.65913e-23)
(0.714175 -0.0158029 -8.09082e-24)
(0.715012 -0.0156893 1.38603e-22)
(0.715843 -0.0155766 -9.04323e-23)
(0.718092 -0.0165618 -4.57504e-23)
(0.718907 -0.0164432 5.55203e-24)
(0.719718 -0.0163257 -7.16703e-24)
(0.720525 -0.016209 -4.37315e-23)
(0.721327 -0.0160933 4.16713e-23)
(0.723846 -0.0170696 -2.24918e-23)
(0.724631 -0.0169481 8.8874e-23)
(0.725412 -0.0168277 -4.7801e-23)
(0.726188 -0.0167083 6.23411e-23)
(0.726961 -0.0165898 -3.657e-23)
(0.729741 -0.0175559 6.60422e-23)
(0.730495 -0.0174318 1.97775e-23)
(0.731246 -0.0173088 -1.20278e-22)
(0.731993 -0.0171868 5.44023e-23)
(0.732735 -0.0170658 -1.14553e-23)
(0.735766 -0.0180205 8.39072e-23)
(0.73649 -0.017894 4.39483e-24)
(0.737211 -0.0177686 -2.00861e-23)
(0.737928 -0.0176442 2.26765e-23)
(0.738641 -0.0175209 3.68925e-25)
(0.741912 -0.0184632 -1.0885e-22)
(0.742606 -0.0183345 8.1527e-23)
(0.743297 -0.0182069 3.63172e-23)
(0.743984 -0.0180804 -7.96609e-23)
(0.744668 -0.0179549 -1.24094e-23)
(0.748168 -0.0188842 -3.14736e-23)
(0.748832 -0.0187535 -9.12345e-23)
(0.749493 -0.0186239 1.74312e-25)
(0.750151 -0.0184955 5.50971e-23)
(0.750806 -0.0183681 5.56283e-23)
(0.754525 -0.019283 1.22222e-22)
(0.755159 -0.0191505 -8.06269e-23)
(0.755791 -0.0190192 -3.28951e-24)
(0.75642 -0.018889 1.53491e-23)
(0.757046 -0.0187599 -4.4059e-23)
(0.765394 -0.0199125 0)
(0.765975 -0.0197774 0)
(0.766554 -0.0196434 0)
(0.767131 -0.0195106 0)
(0.767705 -0.019379 0)
(0.768277 -0.0192484 0)
(0.781276 -0.0206788 0)
(0.781778 -0.0205409 0)
(0.782277 -0.0204043 0)
(0.782776 -0.0202689 0)
(0.783272 -0.0201347 0)
(0.783767 -0.0200016 0)
(0.797627 -0.021334 0)
(0.798049 -0.0211942 0)
(0.79847 -0.0210558 0)
(0.79889 -0.0209186 0)
(0.799309 -0.0207826 0)
(0.799726 -0.0206478 0)
(0.814341 -0.021876 0)
(0.814683 -0.0217352 0)
(0.815025 -0.0215958 0)
(0.815367 -0.0214577 0)
(0.815709 -0.0213208 0)
(0.81605 -0.0211852 0)
(0.831309 -0.0223058 0)
(0.831574 -0.0221649 0)
(0.831839 -0.0220253 0)
(0.832104 -0.0218871 0)
(0.832369 -0.0217503 0)
(0.832634 -0.0216147 0)
(0.848428 -0.0226258 0)
(0.848616 -0.0224855 0)
(0.848806 -0.0223467 0)
(0.848996 -0.0222093 0)
(0.849187 -0.0220732 0)
(0.849378 -0.0219385 0)
(0.865596 -0.0228391 0)
(0.86571 -0.0227002 0)
(0.865827 -0.0225629 0)
(0.865944 -0.022427 0)
(0.866063 -0.0222925 0)
(0.866183 -0.0221594 0)
(0.882714 -0.0229496 0)
(0.882758 -0.0228129 0)
(0.882804 -0.0226778 0)
(0.882852 -0.0225441 0)
(0.882902 -0.0224118 0)
(0.882953 -0.022281 0)
(0.899691 -0.0229622 0)
(0.899668 -0.0228283 0)
(0.899648 -0.0226959 0)
(0.899629 -0.0225651 0)
(0.899613 -0.0224357 0)
(0.899599 -0.0223078 0)
(0.916439 -0.022882 0)
(0.916353 -0.0227515 0)
(0.91627 -0.0226225 0)
(0.916189 -0.0224951 0)
(0.916111 -0.0223692 0)
(0.916035 -0.0222448 0)
(0.932877 -0.0227151 0)
(0.932732 -0.0225885 0)
(0.932591 -0.0224634 0)
(0.932452 -0.0223399 0)
(0.932316 -0.0222179 0)
(0.932183 -0.0220975 0)
(0.948931 -0.0224679 0)
(0.948732 -0.0223455 0)
(0.948536 -0.0222247 0)
(0.948344 -0.0221056 0)
(0.948154 -0.021988 0)
(0.947968 -0.021872 0)
(0.964533 -0.0221469 0)
(0.964285 -0.0220292 0)
(0.96404 -0.0219131 0)
(0.963799 -0.0217987 0)
(0.96356 -0.0216858 0)
(0.963326 -0.0215745 0)
(0.979625 -0.0217594 0)
(0.979332 -0.0216466 0)
(0.979043 -0.0215354 0)
(0.978758 -0.0214259 0)
(0.978476 -0.021318 0)
(0.978197 -0.0212118 0)
(0.994154 -0.0213123 0)
(0.993822 -0.0212046 0)
(0.993494 -0.0210986 0)
(0.993169 -0.0209943 0)
(0.992848 -0.0208916 0)
(0.992531 -0.0207905 0)
(1.00808 -0.0208128 0)
(1.00771 -0.0207105 0)
(1.00735 -0.0206097 0)
(1.00699 -0.0205107 0)
(1.00663 -0.0204133 0)
(1.00628 -0.0203176 0)
(1.02136 -0.0202682 0)
(1.02096 -0.0201712 0)
(1.02057 -0.0200758 0)
(1.02018 -0.0199821 0)
(1.0198 -0.0198901 0)
(1.01942 -0.0197997 0)
(1.03397 -0.0196854 0)
(1.03355 -0.0195937 0)
(1.03313 -0.0195037 0)
(1.03272 -0.0194154 0)
(1.03231 -0.0193287 0)
(1.0319 -0.0192438 0)
(1.04589 -0.0190712 0)
(1.04545 -0.0189848 0)
(1.04501 -0.0189001 0)
(1.04458 -0.0188171 0)
(1.04415 -0.0187358 0)
(1.04372 -0.0186562 0)
(1.0571 -0.0184321 0)
(1.05665 -0.018351 0)
(1.0562 -0.0182715 0)
(1.05575 -0.0181937 0)
(1.0553 -0.0181176 0)
(1.05486 -0.0180432 0)
(1.06761 -0.0177744 0)
(1.06714 -0.0176983 0)
(1.06668 -0.0176239 0)
(1.06622 -0.0175512 0)
(1.06576 -0.0174802 0)
(1.06531 -0.0174109 0)
(1.0774 -0.0171038 0)
(1.07693 -0.0170326 0)
(1.07646 -0.0169631 0)
(1.07599 -0.0168952 0)
(1.07553 -0.0168291 0)
(1.07507 -0.0167647 0)
(1.08649 -0.0164256 0)
(1.08601 -0.0163591 0)
(1.08554 -0.0162943 0)
(1.08507 -0.0162311 0)
(1.0846 -0.0161697 0)
(1.08413 -0.01611 0)
(1.09489 -0.0157448 0)
(1.09441 -0.0156828 0)
(1.09393 -0.0156224 0)
(1.09346 -0.0155637 0)
(1.09299 -0.0155067 0)
(1.09252 -0.0154514 0)
(1.1026 -0.0150657 0)
(1.10213 -0.0150079 0)
(1.10165 -0.0149517 0)
(1.10118 -0.0148972 0)
(1.10072 -0.0148444 0)
(1.10025 -0.0147933 0)
(1.10966 -0.0143923 0)
(1.10919 -0.0143384 0)
(1.10872 -0.0142861 0)
(1.10826 -0.0142355 0)
(1.1078 -0.0141866 0)
(1.10734 -0.0141394 0)
(1.11609 -0.0137278 0)
(1.11562 -0.0136776 0)
(1.11516 -0.013629 0)
(1.1147 -0.0135821 0)
(1.11425 -0.0135368 0)
(1.1138 -0.0134933 0)
(1.12191 -0.0130752 0)
(1.12145 -0.0130284 0)
(1.121 -0.0129832 0)
(1.12055 -0.0129397 0)
(1.1201 -0.0128978 0)
(1.11966 -0.0128576 0)
(1.1267 -0.0123933 0)
(1.12626 -0.0123512 0)
(1.12582 -0.0123108 0)
(1.12539 -0.012272 0)
(1.12495 -0.012235 0)
(1.13141 -0.0117741 0)
(1.13098 -0.0117349 0)
(1.13055 -0.0116974 0)
(1.13013 -0.0116615 0)
(1.1297 -0.0116272 0)
(1.13561 -0.0111724 0)
(1.13519 -0.0111359 0)
(1.13477 -0.011101 0)
(1.13436 -0.0110677 0)
(1.13395 -0.011036 0)
(1.13932 -0.0105893 0)
(1.13892 -0.0105553 0)
(1.13852 -0.0105227 0)
(1.13812 -0.0104918 0)
(1.13772 -0.0104624 0)
(1.14259 -0.0100256 0)
(1.1422 -0.00999374 0)
(1.14181 -0.00996337 0)
(1.14143 -0.00993455 0)
(1.14104 -0.00990731 0)
(1.14545 -0.00948167 0)
(1.14508 -0.00945178 0)
(1.1447 -0.00942338 0)
(1.14433 -0.0093965 0)
(1.14395 -0.00937116 0)
(1.14793 -0.00895758 0)
(1.14757 -0.00892952 0)
(1.14721 -0.00890291 0)
(1.14685 -0.00887778 0)
(1.14649 -0.00885416 0)
(1.15006 -0.00845321 0)
(1.14972 -0.00842681 0)
(1.14937 -0.00840183 0)
(1.14902 -0.00837829 0)
(1.14868 -0.00835622 0)
(1.15188 -0.00796819 0)
(1.15155 -0.00794331 0)
(1.15121 -0.00791981 0)
(1.15088 -0.00789772 0)
(1.15055 -0.00787705 0)
(1.15342 -0.00750195 0)
(1.1531 -0.00747847 0)
(1.15278 -0.00745634 0)
(1.15246 -0.00743556 0)
(1.15214 -0.00741616 0)
(1.1547 -0.00705378 0)
(1.15439 -0.0070316 0)
(1.15408 -0.00701072 0)
(1.15377 -0.00699114 0)
(1.15347 -0.00697291 0)
(1.15576 -0.00662285 0)
(1.15546 -0.00660188 0)
(1.15516 -0.00658216 0)
(1.15486 -0.0065637 0)
(1.15457 -0.00654653 0)
(1.15661 -0.00620822 0)
(1.15632 -0.00618839 0)
(1.15604 -0.00616975 0)
(1.15575 -0.00615234 0)
(1.15547 -0.00613615 0)
(1.15729 -0.0058089 0)
(1.15701 -0.00579015 0)
(1.15674 -0.00577255 0)
(1.15646 -0.00575611 0)
(1.15619 -0.00574085 0)
(1.15781 -0.00542386 0)
(1.15755 -0.00540615 0)
(1.15728 -0.00538953 0)
(1.15702 -0.00537402 0)
(1.15675 -0.00535964 0)
(1.15821 -0.00505205 0)
(1.15795 -0.00503534 0)
(1.15769 -0.00501967 0)
(1.15744 -0.00500506 0)
(1.15718 -0.00499151 0)
(1.15849 -0.0046924 0)
(1.15824 -0.00467668 0)
(1.15799 -0.00466194 0)
(1.15775 -0.00464819 0)
(1.1575 -0.00463545 0)
(1.15868 -0.00434387 0)
(1.15844 -0.00432912 0)
(1.1582 -0.00431529 0)
(1.15796 -0.0043024 0)
(1.15772 -0.00429045 0)
(1.15879 -0.00400545 0)
(1.15855 -0.00399166 0)
(1.15832 -0.00397874 0)
(1.15809 -0.00396669 0)
(1.15785 -0.00395552 0)
(1.15884 -0.00367615 0)
(1.15861 -0.00366333 0)
(1.15838 -0.0036513 0)
(1.15815 -0.00364009 0)
(1.15792 -0.00362971 0)
(1.15884 -0.00335503 0)
(1.15861 -0.00334317 0)
(1.15839 -0.00333205 0)
(1.15817 -0.00332169 0)
(1.15794 -0.00331208 0)
(1.1588 -0.00304118 0)
(1.15858 -0.0030303 0)
(1.15836 -0.0030201 0)
(1.15814 -0.00301058 0)
(1.15792 -0.00300176 0)
(1.15873 -0.00273377 0)
(1.15851 -0.00272388 0)
(1.1583 -0.00271459 0)
(1.15809 -0.00270593 0)
(1.15787 -0.0026979 0)
(1.15864 -0.002432 0)
(1.15843 -0.0024231 0)
(1.15822 -0.00241475 0)
(1.15801 -0.00240696 0)
(1.1578 -0.00239973 0)
(1.15855 -0.00213511 0)
(1.15834 -0.00212722 0)
(1.15813 -0.00211982 0)
(1.15793 -0.0021129 0)
(1.15772 -0.00210649 0)
(1.15845 -0.00184241 0)
(1.15824 -0.00183554 0)
(1.15804 -0.0018291 0)
(1.15784 -0.00182308 0)
(1.15763 -0.00181749 0)
(1.15836 -0.00155324 0)
(1.15815 -0.00154741 0)
(1.15795 -0.00154193 0)
(1.15775 -0.00153681 0)
(1.15755 -0.00153207 0)
(1.15827 -0.00126699 0)
(1.15807 -0.0012622 0)
(1.15787 -0.0012577 0)
(1.15767 -0.0012535 0)
(1.15747 -0.0012496 0)
(1.1582 -0.000983074 0)
(1.158 -0.000979337 0)
(1.1578 -0.000975828 0)
(1.1576 -0.000972551 0)
(1.1574 -0.000969506 0)
(1.15814 -0.000700941 0)
(1.15794 -0.000698266 0)
(1.15774 -0.000695755 0)
(1.15754 -0.000693408 0)
(1.15735 -0.000691227 0)
(1.1581 -0.000420068 0)
(1.1579 -0.000418461 0)
(1.1577 -0.000416951 0)
(1.15751 -0.000415541 0)
(1.15731 -0.00041423 0)
(1.15808 -0.000139941 0)
(1.15788 -0.000139405 0)
(1.15768 -0.000138901 0)
(1.15749 -0.000138431 0)
(1.15729 -0.000137993 0)
(0.765394 0.0199124 0)
(0.781276 0.0206787 0)
(0.797627 0.0213339 0)
(0.814341 0.0218759 0)
(0.831309 0.0223057 0)
(0.848428 0.0226257 0)
(0.865595 0.0228389 0)
(0.882714 0.0229495 0)
(0.899691 0.022962 0)
(0.916439 0.0228819 0)
(0.932877 0.022715 0)
(0.94893 0.0224677 0)
(0.964533 0.0221468 0)
(0.979625 0.0217592 0)
(0.994154 0.0213121 0)
(1.00808 0.0208127 0)
(1.02136 0.0202681 0)
(1.03397 0.0196852 0)
(1.04589 0.0190711 0)
(1.0571 0.018432 0)
(1.06761 0.0177743 0)
(1.0774 0.0171037 0)
(1.08649 0.0164255 0)
(1.09489 0.0157447 0)
(1.1026 0.0150656 0)
(1.10966 0.0143921 0)
(1.11609 0.0137277 0)
(1.12191 0.0130751 0)
(1.12715 0.0124368 0)
(1.13184 0.0118147 0)
(1.13603 0.0112104 0)
(1.13973 0.0106249 0)
(1.14298 0.0100589 0)
(1.14583 0.00951294 0)
(1.14829 0.008987 0)
(1.15041 0.00848093 0)
(1.15222 0.00799435 0)
(1.15374 0.00752668 0)
(1.15501 0.00707717 0)
(1.15605 0.00664498 0)
(1.1569 0.00622917 0)
(1.15757 0.00582872 0)
(1.15808 0.0054426 0)
(1.15847 0.00506972 0)
(1.15874 0.00470904 0)
(1.15892 0.00435949 0)
(1.15903 0.00402005 0)
(1.15907 0.00368973 0)
(1.15906 0.00336758 0)
(1.15901 0.0030527 0)
(1.15894 0.00274425 0)
(1.15885 0.00244142 0)
(1.15876 0.00214346 0)
(1.15866 0.00184968 0)
(1.15856 0.00155942 0)
(1.15847 0.00127206 0)
(1.1584 0.000987026 0)
(1.15834 0.00070377 0)
(1.1583 0.000421768 0)
(1.15828 0.000140508 0)
(0.765975 0.0197772 0)
(0.781777 0.0205407 0)
(0.798049 0.0211941 0)
(0.814683 0.0217351 0)
(0.831574 0.0221647 0)
(0.848616 0.0224854 0)
(0.86571 0.0227001 0)
(0.882758 0.0228128 0)
(0.899668 0.0228281 0)
(0.916353 0.0227513 0)
(0.932732 0.0225883 0)
(0.948732 0.0223453 0)
(0.964285 0.0220291 0)
(0.979332 0.0216464 0)
(0.993822 0.0212045 0)
(1.00771 0.0207103 0)
(1.02096 0.020171 0)
(1.03355 0.0195936 0)
(1.04545 0.0189847 0)
(1.05665 0.0183508 0)
(1.06714 0.0176982 0)
(1.07693 0.0170325 0)
(1.08601 0.016359 0)
(1.09441 0.0156826 0)
(1.10213 0.0150078 0)
(1.10919 0.0143382 0)
(1.11562 0.0136775 0)
(1.12145 0.0130283 0)
(1.1267 0.0123931 0)
(1.13141 0.011774 0)
(1.13561 0.0111723 0)
(1.13932 0.0105892 0)
(1.14259 0.0100255 0)
(1.14545 0.00948158 0)
(1.14793 0.00895749 0)
(1.15006 0.00845313 0)
(1.15188 0.00796811 0)
(1.15342 0.00750188 0)
(1.1547 0.00705371 0)
(1.15576 0.00662278 0)
(1.15661 0.00620815 0)
(1.15729 0.00580884 0)
(1.15781 0.0054238 0)
(1.15821 0.00505199 0)
(1.15849 0.00469235 0)
(1.15868 0.00434383 0)
(1.15879 0.00400541 0)
(1.15884 0.00367611 0)
(1.15884 0.00335499 0)
(1.1588 0.00304115 0)
(1.15873 0.00273374 0)
(1.15864 0.00243197 0)
(1.15855 0.00213509 0)
(1.15845 0.00184239 0)
(1.15836 0.00155323 0)
(1.15827 0.00126698 0)
(1.1582 0.000983063 0)
(1.15814 0.000700934 0)
(1.1581 0.000420063 0)
(1.15808 0.000139939 0)
(0.766554 0.0196432 0)
(0.782277 0.0204041 0)
(0.79847 0.0210556 0)
(0.815025 0.0215956 0)
(0.831838 0.0220252 0)
(0.848805 0.0223465 0)
(0.865826 0.0225627 0)
(0.882804 0.0226776 0)
(0.899647 0.0226957 0)
(0.91627 0.0226224 0)
(0.93259 0.0224632 0)
(0.948536 0.0222246 0)
(0.96404 0.021913 0)
(0.979043 0.0215353 0)
(0.993494 0.0210985 0)
(1.00735 0.0206096 0)
(1.02057 0.0200757 0)
(1.03313 0.0195036 0)
(1.04501 0.0189 0)
(1.0562 0.0182713 0)
(1.06668 0.0176238 0)
(1.07646 0.0169629 0)
(1.08554 0.0162942 0)
(1.09393 0.0156223 0)
(1.10165 0.0149516 0)
(1.10872 0.014286 0)
(1.11516 0.0136289 0)
(1.121 0.0129831 0)
(1.12626 0.0123511 0)
(1.13098 0.0117348 0)
(1.13519 0.0111358 0)
(1.13892 0.0105552 0)
(1.1422 0.00999364 0)
(1.14508 0.00945169 0)
(1.14757 0.00892942 0)
(1.14972 0.00842672 0)
(1.15155 0.00794323 0)
(1.1531 0.0074784 0)
(1.15439 0.00703153 0)
(1.15546 0.00660181 0)
(1.15632 0.00618832 0)
(1.15701 0.00579009 0)
(1.15755 0.00540609 0)
(1.15795 0.00503529 0)
(1.15824 0.00467662 0)
(1.15844 0.00432907 0)
(1.15855 0.00399162 0)
(1.15861 0.00366328 0)
(1.15861 0.00334313 0)
(1.15858 0.00303027 0)
(1.15851 0.00272384 0)
(1.15843 0.00242307 0)
(1.15834 0.0021272 0)
(1.15824 0.00183552 0)
(1.15815 0.00154739 0)
(1.15807 0.00126219 0)
(1.158 0.000979326 0)
(1.15794 0.000698258 0)
(1.1579 0.000418456 0)
(1.15788 0.000139403 0)
(0.76713 0.0195105 0)
(0.782775 0.0202687 0)
(0.798889 0.0209184 0)
(0.815367 0.0214575 0)
(0.832103 0.021887 0)
(0.848995 0.0222091 0)
(0.865944 0.0224268 0)
(0.882852 0.0225439 0)
(0.899629 0.0225649 0)
(0.916189 0.0224949 0)
(0.932451 0.0223397 0)
(0.948343 0.0221054 0)
(0.963798 0.0217985 0)
(0.978757 0.0214258 0)
(0.993169 0.0209941 0)
(1.00699 0.0205105 0)
(1.02018 0.019982 0)
(1.03272 0.0194152 0)
(1.04458 0.018817 0)
(1.05575 0.0181935 0)
(1.06622 0.017551 0)
(1.07599 0.0168951 0)
(1.08507 0.016231 0)
(1.09346 0.0155635 0)
(1.10118 0.0148971 0)
(1.10826 0.0142354 0)
(1.1147 0.0135819 0)
(1.12055 0.0129396 0)
(1.12582 0.0123107 0)
(1.13055 0.0116973 0)
(1.13477 0.0111009 0)
(1.13852 0.0105226 0)
(1.14181 0.00996327 0)
(1.1447 0.00942329 0)
(1.14721 0.00890281 0)
(1.14937 0.00840174 0)
(1.15121 0.00791973 0)
(1.15278 0.00745625 0)
(1.15408 0.00701064 0)
(1.15516 0.00658208 0)
(1.15604 0.00616969 0)
(1.15674 0.00577248 0)
(1.15728 0.00538947 0)
(1.15769 0.00501962 0)
(1.15799 0.00466188 0)
(1.1582 0.00431524 0)
(1.15832 0.00397869 0)
(1.15838 0.00365126 0)
(1.15839 0.00333201 0)
(1.15836 0.00302006 0)
(1.1583 0.00271456 0)
(1.15822 0.00241472 0)
(1.15813 0.00211979 0)
(1.15804 0.00182907 0)
(1.15795 0.00154191 0)
(1.15787 0.00125769 0)
(1.1578 0.000975817 0)
(1.15774 0.000695746 0)
(1.1577 0.000416946 0)
(1.15768 0.0001389 0)
(0.767705 0.0193788 0)
(0.783272 0.0201345 0)
(0.799308 0.0207824 0)
(0.815709 0.0213207 0)
(0.832369 0.0217501 0)
(0.849186 0.022073 0)
(0.866063 0.0222923 0)
(0.882902 0.0224117 0)
(0.899613 0.0224355 0)
(0.916111 0.022369 0)
(0.932315 0.0222178 0)
(0.948154 0.0219878 0)
(0.96356 0.0216856 0)
(0.978475 0.0213179 0)
(0.992848 0.0208914 0)
(1.00663 0.0204131 0)
(1.0198 0.0198899 0)
(1.03231 0.0193286 0)
(1.04415 0.0187356 0)
(1.0553 0.0181174 0)
(1.06576 0.01748 0)
(1.07553 0.016829 0)
(1.0846 0.0161695 0)
(1.09299 0.0155065 0)
(1.10072 0.0148442 0)
(1.10779 0.0141865 0)
(1.11425 0.0135367 0)
(1.1201 0.0128977 0)
(1.12539 0.0122719 0)
(1.13013 0.0116614 0)
(1.13436 0.0110676 0)
(1.13812 0.0104917 0)
(1.14143 0.00993445 0)
(1.14433 0.0093964 0)
(1.14685 0.00887769 0)
(1.14902 0.0083782 0)
(1.15088 0.00789763 0)
(1.15246 0.00743547 0)
(1.15377 0.00699107 0)
(1.15486 0.00656362 0)
(1.15575 0.00615227 0)
(1.15646 0.00575604 0)
(1.15702 0.00537396 0)
(1.15744 0.005005 0)
(1.15774 0.00464813 0)
(1.15796 0.00430235 0)
(1.15809 0.00396664 0)
(1.15815 0.00364005 0)
(1.15817 0.00332165 0)
(1.15814 0.00301054 0)
(1.15809 0.0027059 0)
(1.15801 0.00240693 0)
(1.15793 0.00211288 0)
(1.15784 0.00182305 0)
(1.15775 0.0015368 0)
(1.15767 0.00125349 0)
(1.1576 0.000972539 0)
(1.15754 0.000693399 0)
(1.15751 0.000415536 0)
(1.15749 0.000138429 0)
(0.754525 0.0192828 -1.20419e-22)
(0.755159 0.0191503 7.78029e-23)
(0.75579 0.019019 2.72771e-24)
(0.756419 0.0188888 -1.27787e-23)
(0.757045 0.0187597 4.31133e-23)
(0.748168 0.0188841 3.58189e-23)
(0.748832 0.0187533 9.34563e-23)
(0.749493 0.0186238 1.91621e-27)
(0.750151 0.0184953 -5.36844e-23)
(0.750806 0.0183679 -5.50544e-23)
(0.741912 0.0184631 1.04535e-22)
(0.742606 0.0183343 -8.55283e-23)
(0.743296 0.0182068 -3.44918e-23)
(0.743984 0.0180802 7.01067e-23)
(0.744667 0.0179547 6.60686e-24)
(0.735766 0.0180204 -7.84195e-23)
(0.73649 0.0178938 8.60711e-24)
(0.737211 0.0177684 2.49021e-23)
(0.737927 0.017644 -1.11063e-23)
(0.738641 0.0175207 6.343e-24)
(0.729741 0.0175558 -7.1344e-23)
(0.730495 0.0174317 -2.41751e-23)
(0.731246 0.0173086 1.11001e-22)
(0.731992 0.0171866 -5.62184e-23)
(0.732735 0.0170656 1.42687e-23)
(0.723846 0.0170694 2.12607e-23)
(0.724631 0.016948 -8.635e-23)
(0.725412 0.0168276 5.58963e-23)
(0.726188 0.0167081 -6.64395e-23)
(0.72696 0.0165896 3.74842e-23)
(0.718091 0.0165617 4.27776e-23)
(0.718907 0.0164431 5.67964e-25)
(0.719718 0.0163255 1.58796e-23)
(0.720525 0.0162089 2.6801e-23)
(0.721326 0.0160931 -3.40981e-23)
(0.712488 0.0160328 8.60129e-23)
(0.713334 0.0159173 5.5578e-24)
(0.714175 0.0158027 -2.21514e-23)
(0.715011 0.0156891 -1.28339e-22)
(0.715843 0.0155764 6.48777e-23)
(0.707045 0.0154832 3.77965e-23)
(0.707921 0.015371 -8.97101e-23)
(0.708792 0.0152597 6.42183e-23)
(0.709658 0.0151494 -2.46163e-23)
(0.710519 0.0150398 -1.42361e-23)
(0.701773 0.0149133 5.65098e-24)
(0.702679 0.0148047 -3.78394e-23)
(0.703579 0.0146969 3.71184e-23)
(0.704474 0.01459 1.97419e-23)
(0.705364 0.0144838 -2.48244e-23)
(0.696681 0.0143237 3.29727e-23)
(0.697616 0.0142188 1.23777e-23)
(0.698546 0.0141147 2.6409e-23)
(0.699469 0.0140114 3.57433e-23)
(0.700387 0.0139089 3.06024e-24)
(0.691778 0.0137149 4.61549e-23)
(0.692742 0.0136139 -3.60013e-23)
(0.6937 0.0135138 -1.06957e-23)
(0.694652 0.0134144 3.03519e-23)
(0.695597 0.0133157 -6.00729e-23)
(0.687075 0.0130875 3.22664e-23)
(0.688066 0.0129907 1.406e-23)
(0.689052 0.0128946 1.51825e-23)
(0.690031 0.0127993 -1.27842e-23)
(0.691003 0.0127047 3.23795e-23)
(0.682578 0.0124422 -3.86179e-24)
(0.683597 0.0123497 2.43868e-24)
(0.68461 0.012258 1.09381e-23)
(0.685615 0.0121669 -3.58515e-23)
(0.686614 0.0120765 -1.40973e-23)
(0.678298 0.0117798 9.4811e-24)
(0.679344 0.0116918 3.28072e-23)
(0.680382 0.0116046 -2.84515e-23)
(0.681413 0.011518 2.69593e-23)
(0.682437 0.011432 -1.37147e-23)
(0.674243 0.0111009 -3.41272e-23)
(0.675313 0.0110176 3.08564e-24)
(0.676376 0.0109351 1.22528e-23)
(0.677432 0.0108531 1.09716e-23)
(0.67848 0.0107718 -3.7674e-24)
(0.67042 0.0104064 -2.85333e-23)
(0.671514 0.010328 3.47583e-25)
(0.672601 0.0102503 -2.14765e-23)
(0.67368 0.0101732 8.65121e-24)
(0.674752 0.0100967 2.94184e-23)
(0.666836 0.00969713 -4.19409e-23)
(0.667953 0.00962389 -4.84885e-24)
(0.669062 0.00955122 2.15921e-23)
(0.670164 0.0094791 -5.77142e-25)
(0.671258 0.00940748 3.35496e-25)
(0.6635 0.00897407 5.75479e-23)
(0.664638 0.00890607 7.05871e-24)
(0.665769 0.0088386 1.99971e-24)
(0.666891 0.00877163 -1.48348e-23)
(0.668006 0.00870512 -7.62941e-24)
(0.660418 0.00823815 2.51453e-23)
(0.661576 0.00817553 1.40678e-23)
(0.662726 0.0081134 -3.12565e-23)
(0.663867 0.00805173 -8.3839e-24)
(0.665001 0.00799049 1.67483e-23)
(0.657595 0.00749033 -6.08303e-24)
(0.658771 0.00743324 -9.90188e-24)
(0.659939 0.0073766 7.63052e-24)
(0.661099 0.00732037 6.27152e-24)
(0.662251 0.00726452 5.0287e-24)
(0.655038 0.00673166 -1.5315e-23)
(0.656231 0.00668022 4.44754e-24)
(0.657415 0.00662918 8.2171e-24)
(0.658592 0.00657852 -2.31475e-23)
(0.65976 0.0065282 9.44258e-24)
(0.652751 0.00596317 -8.46234e-24)
(0.653959 0.0059175 3.59284e-24)
(0.655159 0.00587219 -1.47176e-23)
(0.65635 0.00582721 1.07117e-23)
(0.657533 0.00578253 2.08857e-24)
(0.65074 0.00518596 -1.7954e-23)
(0.651961 0.00514616 1.42438e-23)
(0.653174 0.00510668 -4.09701e-25)
(0.654379 0.00506748 -2.40623e-24)
(0.655574 0.00502854 5.7112e-24)
(0.649008 0.00440113 1.52242e-23)
(0.650241 0.0043673 -1.2797e-23)
(0.651466 0.00433373 9.97377e-25)
(0.652681 0.00430041 3.60687e-24)
(0.653888 0.00426731 -9.89513e-24)
(0.64756 0.00360982 1.62947e-23)
(0.648803 0.00358203 -1.93846e-23)
(0.650037 0.00355446 4.65782e-24)
(0.651262 0.00352709 3.38115e-24)
(0.652478 0.0034999 -9.79304e-24)
(0.646397 0.00281318 1.63327e-23)
(0.647648 0.0027915 -7.46469e-24)
(0.64889 0.00276998 -3.9768e-24)
(0.650122 0.00274863 8.1577e-24)
(0.651346 0.00272741 -9.80837e-24)
(0.645523 0.00201237 5.00471e-24)
(0.64678 0.00199685 9.24941e-25)
(0.648028 0.00198144 2.19798e-24)
(0.649266 0.00196615 -2.73401e-24)
(0.650495 0.00195096 2.58981e-24)
(0.64494 0.00120858 -5.14538e-24)
(0.6462 0.00119925 2.71119e-24)
(0.647452 0.00118999 -4.86507e-24)
(0.648694 0.0011808 2.40417e-24)
(0.649927 0.00117167 -1.83859e-24)
(0.644648 0.000403004 -2.80901e-25)
(0.64591 0.000399886 -1.03876e-24)
(0.647164 0.000396792 1.23884e-24)
(0.648408 0.00039372 1.72234e-25)
(0.649643 0.000390669 -5.76864e-25)
)
;

boundaryField
{
    inlet
    {
        type            uniformFixedValue;
        uniformValue    constant (1 0 0);
        value           nonuniform 0();
    }
    outlet
    {
        type            pressureInletOutletVelocity;
        value           nonuniform 0();
    }
    cylinder
    {
        type            fixedValue;
        value           nonuniform 0();
    }
    top
    {
        type            symmetryPlane;
    }
    bottom
    {
        type            symmetryPlane;
    }
    defaultFaces
    {
        type            empty;
    }
    procBoundary59to58
    {
        type            processor;
        value           nonuniform List<vector> 
181
(
(0.643376 -0.000406303 5.5519e-25)
(0.64367 -0.00121815 2.23636e-24)
(0.644258 -0.00202818 -7.96715e-24)
(0.645138 -0.00283519 4.23872e-24)
(0.646308 -0.00363798 -7.84815e-24)
(0.647766 -0.00443539 -2.78969e-23)
(0.649509 -0.00522623 1.0191e-24)
(0.651534 -0.00600936 3.88104e-25)
(0.653836 -0.00678367 1.07624e-23)
(0.65641 -0.00754805 2.05118e-23)
(0.659251 -0.00830143 -3.29849e-23)
(0.662354 -0.00904279 -6.67507e-24)
(0.665712 -0.00977113 6.88767e-23)
(0.669318 -0.0104855 -8.13717e-24)
(0.673166 -0.0111849 1.08711e-23)
(0.677246 -0.0118686 -1.75371e-23)
(0.681553 -0.0125357 -2.39131e-23)
(0.686076 -0.0131854 -4.91201e-23)
(0.690809 -0.0138169 -1.15633e-22)
(0.69574 -0.0144297 -2.45506e-23)
(0.700862 -0.0150231 5.59905e-23)
(0.706164 -0.0155965 -1.42093e-23)
(0.711637 -0.0161494 -1.46962e-22)
(0.717271 -0.0166814 -7.11508e-23)
(0.723056 -0.0171921 -2.10218e-23)
(0.728982 -0.0176811 5.3735e-23)
(0.735038 -0.0181482 9.58299e-23)
(0.741215 -0.0185931 -9.96242e-23)
(0.747501 -0.0190161 -2.15923e-23)
(0.753888 -0.0194167 1.47029e-23)
(0.764811 -0.020049 0)
(0.780773 -0.020818 0)
(0.797205 -0.0214752 0)
(0.813998 -0.0220183 0)
(0.831045 -0.0224483 0)
(0.84824 -0.0227676 0)
(0.865482 -0.0229795 0)
(0.882672 -0.0230879 0)
(0.899716 -0.0230976 0)
(0.916527 -0.0230142 0)
(0.933024 -0.0228434 0)
(0.949133 -0.0225919 0)
(0.964785 -0.0222663 0)
(0.979921 -0.0218738 0)
(0.99449 -0.0214216 0)
(1.00845 -0.0209169 0)
(1.02176 -0.0203669 0)
(1.03439 -0.0197787 0)
(1.04633 -0.0191592 0)
(1.05756 -0.018515 0)
(1.06808 -0.0178522 0)
(1.07788 -0.0171766 0)
(1.08697 -0.0164938 0)
(1.09537 -0.0158085 0)
(1.10308 -0.0151252 0)
(1.11013 -0.0144478 0)
(1.11655 -0.0137796 0)
(1.12236 -0.0131236 0)
(1.12715 -0.0124369 0)
(1.12715 -0.0124369 0)
(1.13184 -0.0118148 0)
(1.13603 -0.0112105 0)
(1.13973 -0.010625 0)
(1.14298 -0.010059 0)
(1.14583 -0.00951303 0)
(1.14829 -0.00898708 0)
(1.15041 -0.00848102 0)
(1.15222 -0.00799443 0)
(1.15374 -0.00752675 0)
(1.15501 -0.00707724 0)
(1.15605 -0.00664505 0)
(1.1569 -0.00622923 0)
(1.15757 -0.00582878 0)
(1.15808 -0.00544265 0)
(1.15847 -0.00506978 0)
(1.15874 -0.00470909 0)
(1.15892 -0.00435953 0)
(1.15903 -0.00402009 0)
(1.15907 -0.00368977 0)
(1.15906 -0.00336762 0)
(1.15901 -0.00305274 0)
(1.15894 -0.00274428 0)
(1.15885 -0.00244144 0)
(1.15876 -0.00214348 0)
(1.15866 -0.0018497 0)
(1.15856 -0.00155943 0)
(1.15847 -0.00127207 0)
(1.1584 -0.000987037 0)
(1.15834 -0.000703778 0)
(1.1583 -0.000421772 0)
(1.15828 -0.00014051 0)
(0.764811 0.0200489 0)
(0.780773 0.0208179 0)
(0.797204 0.0214751 0)
(0.813998 0.0220182 0)
(0.831045 0.0224481 0)
(0.84824 0.0227675 0)
(0.865482 0.0229793 0)
(0.882671 0.0230878 0)
(0.899716 0.0230975 0)
(0.916527 0.023014 0)
(0.933024 0.0228433 0)
(0.949132 0.0225917 0)
(0.964784 0.0222662 0)
(0.979921 0.0218737 0)
(0.99449 0.0214215 0)
(1.00845 0.0209167 0)
(1.02176 0.0203668 0)
(1.03439 0.0197786 0)
(1.04633 0.0191591 0)
(1.05756 0.0185148 0)
(1.06808 0.017852 0)
(1.07788 0.0171765 0)
(1.08697 0.0164937 0)
(1.09537 0.0158084 0)
(1.10308 0.0151251 0)
(1.11013 0.0144477 0)
(1.11655 0.0137795 0)
(1.12236 0.0131234 0)
(1.12759 0.012482 0)
(1.13228 0.011857 0)
(1.13645 0.0112499 0)
(1.14014 0.010662 0)
(1.14338 0.0100938 0)
(1.14621 0.00954575 0)
(1.14866 0.00901792 0)
(1.15076 0.00851012 0)
(1.15256 0.00802194 0)
(1.15407 0.00755278 0)
(1.15532 0.00710189 0)
(1.15635 0.0066684 0)
(1.15719 0.00625135 0)
(1.15784 0.00584972 0)
(1.15835 0.00546245 0)
(1.15873 0.00508847 0)
(1.15899 0.00472669 0)
(1.15917 0.00437605 0)
(1.15926 0.00403553 0)
(1.1593 0.00370413 0)
(1.15928 0.00338089 0)
(1.15923 0.00306492 0)
(1.15916 0.00275536 0)
(1.15907 0.0024514 0)
(1.15896 0.00215231 0)
(1.15886 0.00185738 0)
(1.15876 0.00156596 0)
(1.15867 0.00127743 0)
(1.1586 0.000991213 0)
(1.15854 0.000706767 0)
(1.15849 0.000423568 0)
(1.15847 0.000141109 0)
(0.753887 0.0194166 -1.46069e-23)
(0.747501 0.019016 2.10963e-23)
(0.741215 0.018593 9.25499e-23)
(0.735038 0.018148 -7.85777e-23)
(0.728982 0.017681 -5.83427e-23)
(0.723056 0.017192 2.35235e-23)
(0.717271 0.0166813 5.7571e-23)
(0.711637 0.0161493 1.32277e-22)
(0.706164 0.0155964 5.71372e-23)
(0.700861 0.015023 -9.53257e-23)
(0.69574 0.0144296 4.49509e-23)
(0.690808 0.0138168 9.37946e-23)
(0.686076 0.0131852 6.48412e-23)
(0.681553 0.0125355 2.77481e-23)
(0.677246 0.0118685 1.53298e-23)
(0.673165 0.0111848 1.65125e-24)
(0.669318 0.0104853 -2.38778e-24)
(0.665712 0.00977098 -7.7599e-23)
(0.662354 0.00904264 1.35763e-23)
(0.659251 0.00830128 4.19172e-23)
(0.65641 0.00754789 -2.80244e-23)
(0.653836 0.00678352 -1.35427e-23)
(0.651534 0.00600921 -2.15777e-25)
(0.649509 0.00522608 8.46555e-24)
(0.647766 0.00443523 2.06244e-23)
(0.646308 0.00363783 6.13525e-24)
(0.645138 0.00283503 -1.2857e-24)
(0.644258 0.00202802 7.26304e-24)
(0.64367 0.00121799 -3.42491e-24)
(0.643376 0.000406147 -4.74906e-27)
)
;
    }
    procBoundary59to60
    {
        type            processor;
        value           nonuniform List<vector> 
181
(
(0.650869 -0.00038788 -3.81561e-25)
(0.651152 -0.00116283 3.97484e-24)
(0.651716 -0.0019361 2.55058e-24)
(0.652561 -0.00270656 1.23585e-23)
(0.653685 -0.00347311 5.12351e-24)
(0.655086 -0.00423465 1.38129e-24)
(0.656761 -0.00499009 -8.17105e-25)
(0.658707 -0.00573836 -7.56742e-24)
(0.660919 -0.00647843 -3.99409e-24)
(0.663395 -0.00720926 -3.92402e-24)
(0.666127 -0.00792986 -1.70073e-24)
(0.669112 -0.00863927 2.86833e-23)
(0.672344 -0.00933655 -1.34089e-23)
(0.675816 -0.0100208 -2.0847e-23)
(0.679522 -0.0106912 -1.84625e-23)
(0.683455 -0.0113468 1.59448e-23)
(0.687607 -0.011987 3.03036e-23)
(0.69197 -0.0126109 -3.20767e-23)
(0.696537 -0.0132179 -2.92268e-24)
(0.701299 -0.0138074 -7.1071e-24)
(0.706248 -0.0143786 9.22512e-24)
(0.711374 -0.0149312 4.97416e-23)
(0.716669 -0.0154646 -1.18061e-23)
(0.722124 -0.0159784 2.39335e-23)
(0.727729 -0.0164722 2.42109e-23)
(0.733474 -0.0169456 -6.67452e-23)
(0.73935 -0.0173984 2.21119e-23)
(0.745348 -0.0178304 -4.75917e-23)
(0.751458 -0.0182417 8.37349e-23)
(0.757669 -0.0186318 -1.21621e-22)
(0.757669 -0.0186318 -1.21621e-22)
(0.768847 -0.0191188 0)
(0.784261 -0.0198696 0)
(0.800144 -0.0205142 0)
(0.816391 -0.0210508 0)
(0.8329 -0.0214804 0)
(0.849571 -0.0218051 0)
(0.866304 -0.0220276 0)
(0.883007 -0.0221516 0)
(0.899588 -0.0221814 0)
(0.915963 -0.0221219 0)
(0.932053 -0.0219786 0)
(0.947785 -0.0217575 0)
(0.963095 -0.0214648 0)
(0.977922 -0.0211071 0)
(0.992217 -0.0206911 0)
(1.00594 -0.0202235 0)
(1.01904 -0.0197111 0)
(1.0315 -0.0191605 0)
(1.0433 -0.0185783 0)
(1.05442 -0.0179706 0)
(1.06486 -0.0173433 0)
(1.07461 -0.016702 0)
(1.08367 -0.016052 0)
(1.09206 -0.0153978 0)
(1.09979 -0.0147439 0)
(1.10688 -0.014094 0)
(1.11334 -0.0134515 0)
(1.11922 -0.0128192 0)
(1.12452 -0.0121996 0)
(1.12928 -0.0115946 0)
(1.13354 -0.0110059 0)
(1.13732 -0.0104347 0)
(1.14066 -0.00988166 0)
(1.14358 -0.00934739 0)
(1.14613 -0.00883207 0)
(1.14833 -0.00833564 0)
(1.15022 -0.00785783 0)
(1.15182 -0.00739817 0)
(1.15316 -0.00695603 0)
(1.15427 -0.00653066 0)
(1.15518 -0.00612122 0)
(1.15591 -0.00572678 0)
(1.15649 -0.00534639 0)
(1.15693 -0.00497904 0)
(1.15725 -0.00462373 0)
(1.15748 -0.00427946 0)
(1.15762 -0.00394525 0)
(1.1577 -0.00362015 0)
(1.15772 -0.00330324 0)
(1.15771 -0.00299363 0)
(1.15766 -0.00269051 0)
(1.15759 -0.00239307 0)
(1.15752 -0.00210058 0)
(1.15743 -0.00181234 0)
(1.15735 -0.00152769 0)
(1.15727 -0.001246 0)
(1.15721 -0.000966697 0)
(1.15715 -0.000689216 0)
(1.15712 -0.000413021 0)
(1.1571 -0.00013759 0)
(0.768277 0.0192482 0)
(0.783767 0.0200014 0)
(0.799726 0.0206476 0)
(0.81605 0.021185 0)
(0.832634 0.0216145 0)
(0.849378 0.0219383 0)
(0.866183 0.0221592 0)
(0.882953 0.0222808 0)
(0.899599 0.0223076 0)
(0.916035 0.0222446 0)
(0.932182 0.0220973 0)
(0.947968 0.0218718 0)
(0.963326 0.0215743 0)
(0.978197 0.0212116 0)
(0.992531 0.0207903 0)
(1.00628 0.0203174 0)
(1.01942 0.0197996 0)
(1.0319 0.0192436 0)
(1.04372 0.018656 0)
(1.05486 0.018043 0)
(1.06531 0.0174107 0)
(1.07507 0.0167646 0)
(1.08413 0.0161098 0)
(1.09252 0.0154512 0)
(1.10025 0.0147931 0)
(1.10734 0.0141393 0)
(1.1138 0.0134931 0)
(1.11966 0.0128575 0)
(1.12495 0.0122348 0)
(1.1297 0.0116271 0)
(1.13395 0.0110359 0)
(1.13772 0.0104623 0)
(1.14104 0.0099072 0)
(1.14395 0.00937106 0)
(1.14649 0.00885406 0)
(1.14868 0.00835613 0)
(1.15055 0.00787696 0)
(1.15214 0.00741608 0)
(1.15347 0.00697283 0)
(1.15457 0.00654645 0)
(1.15547 0.00613608 0)
(1.15619 0.00574078 0)
(1.15675 0.00535957 0)
(1.15718 0.00499145 0)
(1.1575 0.00463539 0)
(1.15772 0.0042904 0)
(1.15785 0.00395547 0)
(1.15792 0.00362966 0)
(1.15794 0.00331204 0)
(1.15792 0.00300172 0)
(1.15787 0.00269787 0)
(1.1578 0.0023997 0)
(1.15772 0.00210647 0)
(1.15763 0.00181747 0)
(1.15755 0.00153205 0)
(1.15747 0.00124958 0)
(1.1574 0.000969494 0)
(1.15735 0.000691219 0)
(1.15731 0.000414225 0)
(1.15729 0.000137992 0)
(0.757669 0.0186316 1.2383e-22)
(0.751457 0.0182415 -8.60331e-23)
(0.745348 0.0178302 4.29007e-23)
(0.73935 0.0173982 -1.2191e-23)
(0.733474 0.0169454 6.30962e-23)
(0.727729 0.016472 -2.04322e-23)
(0.722124 0.0159782 -4.35577e-23)
(0.716669 0.0154644 1.2548e-23)
(0.711374 0.014931 -4.16034e-23)
(0.706248 0.0143784 -1.03393e-23)
(0.701299 0.0138071 2.39652e-23)
(0.696537 0.0132177 -1.89356e-23)
(0.69197 0.0126107 4.2135e-23)
(0.687606 0.0119867 -1.46113e-23)
(0.683455 0.0113466 -2.88311e-23)
(0.679522 0.0106909 2.37259e-23)
(0.675816 0.0100206 2.25617e-23)
(0.672344 0.00933632 -5.61043e-24)
(0.669112 0.00863903 -1.6643e-23)
(0.666127 0.00792962 -1.53221e-24)
(0.663394 0.00720902 6.39086e-24)
(0.660919 0.00647819 5.95931e-24)
(0.658707 0.00573812 3.98433e-24)
(0.656761 0.00498985 3.28421e-24)
(0.655086 0.00423441 -2.7227e-24)
(0.653685 0.00347287 -8.27533e-24)
(0.652561 0.00270632 -8.58818e-24)
(0.651716 0.00193586 -1.95622e-24)
(0.651152 0.00116259 -4.83792e-24)
(0.650869 0.000387636 2.14404e-25)
)
;
    }
}


// ************************************************************************* //
