/*--------------------------------*- C++ -*----------------------------------*\
  =========                 |
  \\      /  F ield         | OpenFOAM: The Open Source CFD Toolbox
   \\    /   O peration     | Website:  https://openfoam.org
    \\  /    A nd           | Version:  7
     \\/     M anipulation  |
\*---------------------------------------------------------------------------*/
FoamFile
{
    version     2.0;
    format      ascii;
    class       volVectorField;
    location    "20";
    object      U;
}
// * * * * * * * * * * * * * * * * * * * * * * * * * * * * * * * * * * * * * //

dimensions      [0 1 -1 0 0 0 0];

internalField   nonuniform List<vector> 
392
(
(1.13399 0.455827 1.86332e-20)
(1.13998 0.443681 -1.36495e-20)
(1.09476 0.483527 5.14133e-21)
(1.10667 0.472858 6.07377e-21)
(1.11599 0.460963 -9.55374e-22)
(1.12262 0.448085 -4.85349e-22)
(1.04318 0.506817 4.12908e-20)
(1.06015 0.499259 -2.00657e-20)
(1.07468 0.489331 -1.37771e-21)
(1.08702 0.477571 -1.45335e-21)
(1.09703 0.46479 -4.99518e-21)
(0.979892 0.522448 -6.01867e-21)
(1.0023 0.519746 -2.67916e-20)
(1.02171 0.513707 -8.28609e-21)
(1.03857 0.504844 -6.95819e-22)
(1.05331 0.493705 -1.39857e-21)
(0.904004 0.526732 1.00824e-20)
(0.932828 0.530683 1.62833e-20)
(0.957946 0.530466 -1.2982e-20)
(0.97979 0.526453 5.84923e-21)
(0.998852 0.519105 -2.39565e-21)
(0.850357 0.52828 -2.26822e-20)
(0.88225 0.535569 1.44038e-20)
(0.910229 0.538337 9.88976e-22)
(0.934658 0.536889 3.65369e-22)
(0.955987 0.531622 2.61535e-21)
(0.753873 0.509387 8.10203e-21)
(0.793161 0.525416 7.6369e-21)
(0.828199 0.53646 -1.98141e-21)
(0.859187 0.542675 -8.52383e-21)
(0.886404 0.54431 7.92098e-22)
(0.910214 0.541699 -1.36921e-21)
(0.69017 0.497206 7.41085e-21)
(0.732574 0.517571 5.50831e-21)
(0.770754 0.532736 6.31703e-21)
(0.804834 0.542812 1.49757e-20)
(0.835012 0.547994 9.37771e-21)
(0.574086 0.448914 8.54831e-21)
(0.623543 0.479254 1.33938e-20)
(0.668872 0.504238 -4.13608e-21)
(0.710081 0.523846 -2.47489e-20)
(0.747234 0.538142 -2.43433e-20)
(0.780453 0.547273 2.93672e-20)
(0.502655 0.419852 5.23845e-22)
(0.554514 0.455151 -2.66923e-20)
(0.602469 0.484991 -4.91829e-21)
(0.646483 0.509314 -1.54516e-20)
(0.686567 0.528136 5.10532e-21)
(0.722782 0.541561 3.10762e-20)
(0.429957 0.384208 1.02846e-20)
(0.483757 0.424621 -2.34997e-20)
(0.533934 0.459502 9.68946e-21)
(0.580416 0.488757 4.95695e-22)
(0.623169 0.512362 -1.43558e-21)
(0.298562 0.290886 2.64407e-20)
(0.356906 0.341888 5.95852e-22)
(0.412092 0.387504 -1.71785e-20)
(0.46399 0.427551 6.33204e-20)
(0.512498 0.461899 -7.9967e-21)
(0.557543 0.490485 4.84968e-20)
(0.22586 0.236743 -3.98449e-20)
(0.284552 0.292942 6.14004e-20)
(0.340483 0.343781 -4.97278e-21)
(0.393508 0.389048 1.22087e-20)
(0.443501 0.428583 2.23652e-20)
(0.490358 0.462285 -2.49864e-20)
(0.15577 0.176313 9.80976e-21)
(0.214056 0.237603 -4.41218e-20)
(0.270017 0.293595 2.86245e-20)
(0.323493 0.344055 -5.34564e-20)
(0.374341 0.388792 4.26049e-20)
(0.422434 0.427671 -6.24777e-20)
(0.0896718 0.110073 -5.50173e-20)
(0.146676 0.176299 2.62708e-20)
(0.201886 0.237278 3.85938e-20)
(0.255068 0.292808 -3.9721e-20)
(0.306064 0.342674 -5.0949e-20)
(0.354731 0.386702 8.46233e-20)
(0.0290793 0.0386661 -7.69663e-20)
(0.0838087 0.109623 1.81131e-19)
(0.13736 0.175371 -9.24342e-20)
(0.189444 0.235744 -6.78854e-20)
(0.239818 0.290558 3.46256e-20)
(0.288325 0.339612 5.57406e-20)
(0.0269688 0.038339 -3.02264e-20)
(0.077841 0.108582 -2.70022e-20)
(0.127895 0.173515 -1.03026e-20)
(0.176826 0.232986 4.11921e-22)
(0.224383 0.286828 -8.49229e-23)
(0.0248343 0.037798 -2.72238e-20)
(0.0718166 0.106945 -1.20214e-19)
(0.118355 0.170725 1.13353e-19)
(0.16413 0.228998 8.59269e-20)
(0.0226933 0.0370424 -5.50493e-20)
(0.0657845 0.104713 1.62403e-19)
(0.108817 0.167001 -1.37482e-19)
(0.151455 0.223785 -1.9865e-20)
(0.0205639 0.0360733 5.46252e-21)
(0.0597939 0.101887 1.33274e-20)
(0.0993563 0.162352 1.47094e-19)
(0.0184637 0.0348937 1.24497e-20)
(0.0538938 0.098479 4.41085e-20)
(0.0164105 0.0335081 4.26818e-20)
(0.0144216 0.0319227 1.62885e-20)
(0.0144216 -0.0319227 -3.54446e-20)
(0.0164105 -0.0335081 -3.41616e-20)
(0.0184637 -0.0348937 -6.54731e-20)
(0.0538938 -0.098479 5.73892e-20)
(0.0205639 -0.0360733 3.2629e-21)
(0.0597939 -0.101887 -5.65729e-20)
(0.0993563 -0.162352 -8.15275e-20)
(0.0226933 -0.0370424 8.63105e-20)
(0.0657845 -0.104713 -5.28377e-20)
(0.108817 -0.167001 -9.34454e-21)
(0.151455 -0.223785 6.54714e-21)
(0.0248343 -0.037798 1.31441e-20)
(0.0718166 -0.106945 3.2214e-20)
(0.118355 -0.170725 -3.42329e-20)
(0.16413 -0.228998 3.18223e-21)
(0.0269688 -0.038339 3.32543e-20)
(0.077841 -0.108582 3.60081e-20)
(0.127895 -0.173515 -9.11051e-20)
(0.176826 -0.232986 6.06551e-20)
(0.224383 -0.286828 5.27225e-20)
(0.0290793 -0.0386661 5.5144e-20)
(0.0838087 -0.109623 -1.28016e-19)
(0.13736 -0.175371 6.62159e-20)
(0.189444 -0.235744 3.98045e-20)
(0.239818 -0.290558 -3.19385e-20)
(0.288325 -0.339612 -1.14363e-19)
(0.0896718 -0.110073 -1.50125e-20)
(0.146676 -0.176299 1.1507e-20)
(0.201886 -0.237278 -3.85269e-20)
(0.255068 -0.292808 -5.02898e-20)
(0.306064 -0.342674 1.13192e-19)
(0.354731 -0.386702 -1.26897e-19)
(0.15577 -0.176313 -7.4342e-20)
(0.214057 -0.237603 2.19804e-20)
(0.270017 -0.293595 7.66058e-21)
(0.323493 -0.344055 2.48694e-20)
(0.374341 -0.388792 -4.3447e-20)
(0.422434 -0.427671 4.32992e-20)
(0.22586 -0.236743 4.70363e-20)
(0.284552 -0.292942 5.4683e-22)
(0.340483 -0.343781 -3.21959e-21)
(0.393508 -0.389048 3.93341e-20)
(0.443501 -0.428583 -2.27753e-20)
(0.490358 -0.462285 -7.86757e-21)
(0.298562 -0.290886 -4.36391e-20)
(0.356906 -0.341888 -1.33275e-20)
(0.412092 -0.387504 3.69863e-20)
(0.463991 -0.427551 -5.37783e-21)
(0.512498 -0.461899 2.27731e-20)
(0.557543 -0.490485 -6.99578e-21)
(0.429957 -0.384208 -3.85199e-20)
(0.483757 -0.424621 -2.43454e-20)
(0.533934 -0.459502 3.13388e-20)
(0.580416 -0.488757 -4.13997e-20)
(0.623169 -0.512362 3.72676e-20)
(0.662203 -0.530372 -5.89134e-20)
(0.502655 -0.419852 8.96732e-21)
(0.554514 -0.455151 -1.62976e-20)
(0.602469 -0.484991 -1.63531e-20)
(0.646483 -0.509314 -1.9066e-20)
(0.686567 -0.528136 2.12027e-20)
(0.722782 -0.541561 1.12251e-22)
(0.574086 -0.448914 1.7463e-20)
(0.623543 -0.479254 3.48948e-21)
(0.668872 -0.504238 -1.50107e-21)
(0.710081 -0.523846 9.77672e-21)
(0.747234 -0.538142 -1.33876e-20)
(0.780453 -0.547273 -4.58731e-20)
(0.69017 -0.497207 -3.08758e-21)
(0.732574 -0.517571 7.7642e-24)
(0.770754 -0.532736 3.9068e-22)
(0.804834 -0.542812 5.60204e-22)
(0.835012 -0.547994 -4.41418e-21)
(0.753873 -0.509387 -1.10318e-20)
(0.793161 -0.525416 -7.80162e-21)
(0.828199 -0.53646 6.49755e-21)
(0.859187 -0.542675 2.87719e-21)
(0.886404 -0.54431 -3.57271e-21)
(0.910214 -0.541699 9.11643e-21)
(0.850357 -0.52828 5.03604e-21)
(0.88225 -0.535569 6.83259e-21)
(0.910229 -0.538337 3.03974e-21)
(0.934658 -0.536889 -3.08866e-21)
(0.955987 -0.531622 -2.59679e-21)
(0.932828 -0.530683 -2.11231e-20)
(0.957946 -0.530466 2.38024e-20)
(0.979791 -0.526453 -6.77374e-21)
(0.998852 -0.519106 4.04126e-21)
(1.01565 -0.508971 -6.51048e-21)
(0.979892 -0.522448 -3.66958e-20)
(1.0023 -0.519746 5.3064e-21)
(1.02171 -0.513707 -3.48198e-21)
(1.03857 -0.504844 -4.14568e-21)
(1.05331 -0.493705 1.51622e-21)
(1.04318 -0.506817 -3.11688e-20)
(1.06015 -0.499259 2.61902e-20)
(1.07468 -0.489331 7.78213e-21)
(1.08702 -0.477571 -4.86165e-21)
(1.09703 -0.46479 1.71694e-21)
(1.09476 -0.483527 3.65875e-21)
(1.10667 -0.472858 -1.45004e-20)
(1.11599 -0.460963 -7.236e-21)
(1.12262 -0.448085 5.88753e-21)
(1.13399 -0.455827 -7.16453e-21)
(1.13998 -0.443681 8.24959e-21)
(1.16343 0.412236 6.71231e-23)
(1.16671 0.375066 -3.81297e-21)
(1.16719 0.343337 4.54471e-22)
(1.14802 0.416425 -1.57254e-21)
(1.15288 0.378423 2.30213e-21)
(1.15515 0.346156 -3.55097e-22)
(1.15698 0.317613 2.4131e-21)
(1.15866 0.292911 2.37328e-22)
(1.16005 0.271339 -2.00582e-21)
(1.16097 0.252234 4.3861e-22)
(1.16132 0.235087 -6.96803e-24)
(1.1611 0.219517 2.99834e-22)
(1.16036 0.205253 -4.83535e-22)
(1.1592 0.1921 4.06382e-22)
(1.15771 0.17991 -6.01694e-22)
(1.15596 0.168567 2.5437e-22)
(1.15402 0.157977 5.67267e-22)
(1.15195 0.148062 -9.95027e-23)
(1.14981 0.138751 -1.30559e-22)
(1.14762 0.129986 2.27017e-21)
(1.14541 0.121713 -2.9515e-21)
(1.14322 0.113884 5.22507e-22)
(1.14104 0.106457 1.46576e-21)
(1.13891 0.0993944 -1.30318e-21)
(1.13684 0.0926605 -1.63866e-21)
(1.13483 0.0862247 2.92828e-21)
(1.13289 0.0800588 9.8646e-22)
(1.13104 0.0741373 -3.76042e-21)
(1.12928 0.0684366 -1.78735e-22)
(1.12762 0.0629353 1.6946e-21)
(1.12606 0.0576137 -2.92319e-22)
(1.12461 0.0524536 1.00927e-21)
(1.12327 0.0474379 -6.14053e-22)
(1.12204 0.0425508 1.29185e-21)
(1.12093 0.0377774 5.69607e-22)
(1.11995 0.0331038 -1.81227e-21)
(1.11908 0.0285166 1.04869e-21)
(1.11835 0.0240033 -1.10007e-21)
(1.11774 0.0195519 2.9442e-23)
(1.11725 0.0151511 -1.12854e-22)
(1.1169 0.0107896 -3.2298e-22)
(1.11667 0.00645922 -1.72315e-22)
(1.11655 0.00214164 -1.74001e-22)
(1.13209 0.419663 5.08989e-22)
(1.1387 0.381167 -9.16199e-22)
(1.14287 0.348536 6.93341e-22)
(1.14635 0.319859 4.24073e-22)
(1.14945 0.295055 -3.13736e-22)
(1.15201 0.273398 1.16907e-22)
(1.15388 0.254202 -5.16327e-22)
(1.15501 0.23695 4.90908e-22)
(1.15544 0.221268 -6.40278e-22)
(1.15524 0.206889 1.29631e-21)
(1.15453 0.193622 1.13189e-23)
(1.15342 0.181321 -2.77292e-21)
(1.15199 0.169873 1.02936e-21)
(1.15034 0.159185 -1.0145e-21)
(1.14853 0.149177 -1.69876e-21)
(1.1466 0.139781 7.541e-22)
(1.14461 0.130936 1.526e-21)
(1.14257 0.122589 -2.34947e-23)
(1.14053 0.114691 1.46526e-21)
(1.13849 0.107201 -1.89e-22)
(1.13647 0.100078 -8.90408e-22)
(1.1345 0.0932887 1.11003e-21)
(1.13259 0.0868013 -2.13044e-21)
(1.13074 0.0805872 4.05271e-21)
(1.12896 0.0746204 -5.01555e-21)
(1.12726 0.0688773 2.83296e-21)
(1.12566 0.0633361 -1.86601e-21)
(1.12415 0.0579769 5.25346e-22)
(1.12274 0.052781 8.16471e-22)
(1.12144 0.0477314 -1.16173e-22)
(1.12025 0.042812 3.61443e-22)
(1.11917 0.0380078 -3.43224e-23)
(1.11822 0.0333044 -1.05257e-21)
(1.11737 0.0286885 -1.01716e-21)
(1.11666 0.0241474 1.66997e-21)
(1.11606 0.0196688 -1.99135e-21)
(1.11559 0.0152412 2.08826e-21)
(1.11524 0.0108534 -9.98042e-22)
(1.11502 0.0064969 6.9024e-22)
(1.11491 0.00215383 -5.63187e-22)
(1.11649 0.0335044 -3.4542e-23)
(1.11567 0.02886 -1.29131e-21)
(1.11497 0.0242911 1.68133e-21)
(1.11439 0.0197855 9.99105e-22)
(1.11393 0.0153313 -2.4598e-22)
(1.11359 0.0109173 -4.64988e-22)
(1.11337 0.00653472 5.90115e-22)
(1.11327 0.00216623 4.26778e-22)
(1.12689 -0.0751007 -2.28767e-21)
(1.12526 -0.0693155 1.39171e-22)
(1.12371 -0.0637348 1.59814e-21)
(1.12225 -0.0583382 -4.20547e-21)
(1.12089 -0.053107 2.08803e-21)
(1.11963 -0.0480238 -5.18913e-23)
(1.11847 -0.0430723 -1.49804e-21)
(1.11742 -0.0382373 1.10774e-21)
(1.11649 -0.0335044 -2.39178e-21)
(1.11567 -0.02886 1.75222e-21)
(1.11497 -0.0242911 -1.46001e-21)
(1.11439 -0.0197855 2.45828e-22)
(1.11393 -0.0153313 -7.91501e-22)
(1.11359 -0.0109173 9.32017e-22)
(1.11337 -0.00653472 -8.46087e-22)
(1.11327 -0.00216623 4.40313e-23)
(1.13209 -0.419663 1.68063e-22)
(1.1387 -0.381167 9.06531e-22)
(1.14287 -0.348536 -1.22964e-21)
(1.14635 -0.319859 -9.18085e-23)
(1.14945 -0.295055 6.47927e-24)
(1.15201 -0.273398 -2.16104e-23)
(1.15388 -0.254202 -1.50495e-22)
(1.15501 -0.23695 2.36787e-22)
(1.15544 -0.221268 5.21024e-22)
(1.15524 -0.206889 -1.44569e-21)
(1.15453 -0.193622 1.54964e-22)
(1.15342 -0.181321 2.44969e-21)
(1.15199 -0.169873 -1.30333e-21)
(1.15034 -0.159185 5.77752e-22)
(1.14853 -0.149177 1.31928e-21)
(1.1466 -0.139781 -5.76367e-22)
(1.14461 -0.130936 -1.92569e-21)
(1.14257 -0.122589 8.87905e-22)
(1.14053 -0.114691 -2.19271e-21)
(1.13849 -0.107201 1.15149e-21)
(1.13647 -0.100078 4.37896e-22)
(1.1345 -0.0932887 -4.25e-22)
(1.13259 -0.0868013 1.59608e-21)
(1.13074 -0.0805872 -3.78809e-21)
(1.12896 -0.0746204 3.7244e-21)
(1.12726 -0.0688773 -2.66445e-21)
(1.12566 -0.0633361 1.55281e-21)
(1.12415 -0.0579769 -2.05081e-21)
(1.12274 -0.052781 6.87501e-22)
(1.12144 -0.0477314 6.17606e-22)
(1.12025 -0.042812 6.84667e-22)
(1.11917 -0.0380077 -1.58854e-21)
(1.11822 -0.0333044 1.34613e-21)
(1.11737 -0.0286885 -1.72433e-22)
(1.11666 -0.0241474 -1.12536e-21)
(1.11606 -0.0196688 -1.10469e-21)
(1.11559 -0.0152412 1.01768e-21)
(1.11524 -0.0108534 -7.0068e-23)
(1.11502 -0.0064969 6.25228e-22)
(1.11491 -0.00215383 -7.00462e-22)
(1.14802 -0.416425 8.81625e-22)
(1.15288 -0.378423 -2.84718e-21)
(1.15515 -0.346156 5.91405e-22)
(1.15698 -0.317613 -2.24311e-21)
(1.15866 -0.292911 -4.3154e-22)
(1.16005 -0.271339 1.91093e-21)
(1.16097 -0.252234 -4.76878e-22)
(1.16132 -0.235087 -1.64314e-23)
(1.1611 -0.219517 -1.80953e-22)
(1.16036 -0.205253 6.32503e-22)
(1.1592 -0.1921 -5.72257e-22)
(1.15771 -0.17991 9.24229e-22)
(1.15596 -0.168567 1.91097e-23)
(1.15402 -0.157977 -1.31177e-22)
(1.15195 -0.148061 4.78518e-22)
(1.14981 -0.138751 -4.70098e-23)
(1.14762 -0.129986 -1.87072e-21)
(1.14541 -0.121713 2.08738e-21)
(1.14322 -0.113884 2.04896e-22)
(1.14104 -0.106457 -2.42844e-21)
(1.13891 -0.0993943 1.7559e-21)
(1.13684 -0.0926604 9.53144e-22)
(1.13483 -0.0862247 -2.3934e-21)
(1.13289 -0.0800588 -1.25138e-21)
(1.13104 -0.0741373 4.3971e-21)
(1.12928 -0.0684366 7.58895e-22)
(1.12762 -0.0629353 -2.53353e-21)
(1.12606 -0.0576137 8.96147e-22)
(1.12461 -0.0524536 -1.73239e-21)
(1.12327 -0.0474379 -8.91733e-24)
(1.12204 -0.0425508 -2.16035e-22)
(1.12093 -0.0377774 9.03574e-23)
(1.11995 -0.0331038 1.56041e-21)
(1.11908 -0.0285166 -3.19249e-22)
(1.11835 -0.0240033 3.30729e-22)
(1.11774 -0.0195519 1.08485e-21)
)
;

boundaryField
{
    inlet
    {
        type            uniformFixedValue;
        uniformValue    constant (1 0 0);
        value           nonuniform 0();
    }
    outlet
    {
        type            pressureInletOutletVelocity;
        value           nonuniform 0();
    }
    cylinder
    {
        type            fixedValue;
        value           uniform (0 0 0);
    }
    top
    {
        type            symmetryPlane;
    }
    bottom
    {
        type            symmetryPlane;
    }
    defaultFaces
    {
        type            empty;
    }
    procBoundary8to7
    {
        type            processor;
        value           nonuniform List<vector> 
172
(
(1.10451 0.451275 -7.77853e-21)
(1.06623 0.480881 -4.75343e-21)
(1.10451 0.451275 -7.77853e-21)
(1.07712 0.467261 -5.52417e-21)
(1.01565 0.508971 5.83875e-22)
(1.06623 0.480881 -4.75343e-21)
(1.03068 0.496642 -8.29235e-21)
(1.01565 0.508971 5.83875e-22)
(0.974736 0.523024 -1.28591e-20)
(0.974736 0.523024 -1.28591e-20)
(0.931069 0.535261 -6.26347e-21)
(0.861558 0.548564 -1.41458e-20)
(0.931069 0.535261 -6.26347e-21)
(0.884825 0.544881 -5.4626e-22)
(0.861558 0.548564 -1.41458e-20)
(0.809926 0.551474 4.72801e-20)
(0.809926 0.551474 4.72801e-20)
(0.755247 0.549777 1.49422e-20)
(0.662203 0.530372 7.29289e-20)
(0.755247 0.549777 1.49422e-20)
(0.697577 0.54293 -2.0259e-20)
(0.662203 0.530372 7.29289e-20)
(0.599093 0.513319 5.00169e-20)
(0.599093 0.513319 5.00169e-20)
(0.534009 0.490122 -4.14068e-21)
(0.534009 0.490122 -4.14068e-21)
(0.467669 0.460618 -6.0687e-20)
(0.467669 0.460618 -6.0687e-20)
(0.400942 0.424783 -7.2084e-20)
(0.400942 0.424783 -7.2084e-20)
(0.334821 0.382756 1.29947e-19)
(0.334821 0.382756 1.29947e-19)
(0.270407 0.334858 5.05034e-20)
(0.270407 0.334858 5.05034e-20)
(0.20888 0.281616 -2.77358e-20)
(0.20888 0.281616 -2.77358e-20)
(0.193428 0.274929 -1.2916e-20)
(0.138901 0.217358 -3.2885e-20)
(0.138901 0.217358 -3.2885e-20)
(0.09005 0.156793 -4.94253e-20)
(0.09005 0.156793 -4.94253e-20)
(0.0481327 0.0945007 1.10767e-19)
(0.0481327 0.0945007 1.10767e-19)
(0.0425581 0.0899705 -5.44101e-20)
(0.0125137 0.0301455 -6.55204e-20)
(0.0125137 -0.0301455 5.58598e-21)
(0.0425581 -0.0899705 -2.29992e-20)
(0.0481327 -0.0945007 -7.36982e-20)
(0.0481327 -0.0945007 -7.36982e-20)
(0.09005 -0.156793 8.87368e-20)
(0.09005 -0.156793 8.87368e-20)
(0.138901 -0.217358 3.99555e-20)
(0.138901 -0.217358 3.99555e-20)
(0.193428 -0.274929 2.66623e-20)
(0.20888 -0.281616 -5.61876e-20)
(0.20888 -0.281616 -5.61876e-20)
(0.270407 -0.334858 -5.1844e-20)
(0.270407 -0.334858 -5.1844e-20)
(0.334821 -0.382756 -6.10993e-20)
(0.334821 -0.382756 -6.10993e-20)
(0.400942 -0.424783 -1.84301e-20)
(0.400942 -0.424783 -1.84301e-20)
(0.467669 -0.460618 -6.32128e-21)
(0.467669 -0.460618 -6.32128e-21)
(0.534009 -0.490122 9.35727e-20)
(0.534009 -0.490122 9.35727e-20)
(0.599093 -0.51332 -3.5786e-20)
(0.599093 -0.51332 -3.5786e-20)
(0.637158 -0.530495 2.76022e-20)
(0.697577 -0.54293 1.60182e-20)
(0.697577 -0.54293 1.60182e-20)
(0.755247 -0.549777 -5.82233e-20)
(0.755247 -0.549777 -5.82233e-20)
(0.809926 -0.551474 -4.25942e-20)
(0.809926 -0.551474 -4.25942e-20)
(0.861558 -0.548564 -2.16318e-20)
(0.861558 -0.548564 -2.16318e-20)
(0.884825 -0.544881 -2.39317e-20)
(0.93107 -0.535261 6.73577e-21)
(0.93107 -0.535261 6.73577e-21)
(0.974736 -0.523024 -1.4114e-20)
(0.974736 -0.523024 -1.4114e-20)
(0.991477 -0.511663 1.34387e-20)
(1.03068 -0.496642 -9.76138e-21)
(1.03068 -0.496642 -9.76138e-21)
(1.06623 -0.480881 2.81884e-22)
(1.06623 -0.480881 2.81884e-22)
(1.07712 -0.467261 1.91209e-20)
(1.10451 -0.451275 -4.18757e-21)
(1.10451 -0.451275 -4.18757e-21)
(1.11571 0.421918 1.9498e-21)
(1.1242 0.383297 6.13364e-22)
(1.13037 0.350469 -3.9053e-22)
(1.13557 0.32179 -2.0003e-21)
(1.14012 0.296974 -7.99611e-22)
(1.14388 0.275294 1.11258e-21)
(1.14673 0.256048 -2.05192e-21)
(1.14866 0.238722 -6.46817e-22)
(1.14974 0.222949 2.74141e-21)
(1.15009 0.208472 -6.49127e-22)
(1.14984 0.195102 1.45051e-21)
(1.14912 0.182701 -2.8555e-21)
(1.14803 0.171155 -1.16257e-21)
(1.14667 0.160373 3.34979e-21)
(1.14511 0.150277 -1.68706e-21)
(1.14341 0.140798 8.10174e-22)
(1.14161 0.131875 -4.03232e-21)
(1.13974 0.123456 -1.78713e-21)
(1.13785 0.115491 6.84377e-21)
(1.13594 0.107937 -4.66079e-22)
(1.13405 0.100756 5.47216e-22)
(1.13218 0.0939125 -1.93378e-21)
(1.13036 0.087374 -2.27199e-22)
(1.12859 0.0811122 4.04322e-21)
(1.12689 0.0751007 -1.72378e-21)
(1.12526 0.0693156 -1.39171e-22)
(1.12371 0.0637348 -1.59814e-21)
(1.12225 0.0583382 4.20547e-21)
(1.12089 0.053107 -2.08803e-21)
(1.11963 0.0480238 5.18914e-23)
(1.11847 0.0430723 1.49805e-21)
(1.11742 0.0382373 -1.10774e-21)
(1.11742 0.0382373 -1.10774e-21)
(1.11476 0.0337036 -1.91644e-21)
(1.11397 0.0290308 7.81072e-22)
(1.11328 0.0244345 -2.1199e-22)
(1.11272 0.019902 -2.67744e-22)
(1.11227 0.0154214 2.48179e-22)
(1.11194 0.0109813 -4.41476e-22)
(1.11172 0.00657267 -1.17408e-22)
(1.11162 0.00217884 -5.79376e-22)
(1.12482 -0.0755778 -7.70949e-23)
(1.12326 -0.0697511 -1.43517e-21)
(1.12177 -0.0641312 -2.22404e-22)
(1.12036 -0.0586975 -1.29395e-21)
(1.11904 -0.0534312 -5.09564e-22)
(1.11782 -0.0483146 1.16787e-21)
(1.11669 -0.0433313 -1.77405e-21)
(1.11567 -0.0384658 -3.31387e-22)
(1.11476 -0.0337036 2.67647e-22)
(1.11397 -0.0290308 -2.42655e-21)
(1.11328 -0.0244345 -1.44788e-21)
(1.11272 -0.019902 -5.99023e-22)
(1.11227 -0.0154214 -2.23394e-22)
(1.11194 -0.0109813 -2.43054e-22)
(1.11172 -0.00657267 -1.491e-21)
(1.11162 -0.00217884 -5.19866e-22)
(1.11571 -0.421918 -1.88787e-21)
(1.1242 -0.383297 -3.52134e-23)
(1.13037 -0.350469 1.94096e-22)
(1.13557 -0.32179 1.46587e-21)
(1.14012 -0.296974 2.83628e-22)
(1.14388 -0.275294 -1.28553e-21)
(1.14673 -0.256048 1.51077e-21)
(1.14866 -0.238722 4.56427e-22)
(1.14974 -0.222949 -3.35218e-21)
(1.15009 -0.208472 2.66841e-22)
(1.14984 -0.195102 -1.68165e-21)
(1.14912 -0.182701 2.11716e-21)
(1.14803 -0.171155 9.03149e-22)
(1.14667 -0.160373 -4.17074e-21)
(1.14511 -0.150277 2.66352e-21)
(1.14341 -0.140798 -7.32076e-22)
(1.14161 -0.131875 4.46817e-21)
(1.13974 -0.123456 1.68214e-21)
(1.13785 -0.115491 -6.3787e-21)
(1.13594 -0.107937 1.23663e-21)
(1.13405 -0.100756 -1.26529e-22)
(1.13218 -0.0939125 2.02709e-21)
(1.13036 -0.087374 1.4688e-21)
(1.12859 -0.0811122 -3.9462e-21)
(1.12859 -0.0811122 -3.9462e-21)
)
;
    }
    procBoundary8to9
    {
        type            processor;
        value           nonuniform List<vector> 
161
(
(1.15098 0.449429 -2.27458e-21)
(1.15653 0.438109 2.25403e-21)
(1.15653 0.438109 2.25403e-21)
(1.11351 0.476315 4.02275e-21)
(1.12516 0.466779 6.63314e-20)
(1.12516 0.466779 6.63314e-20)
(1.06316 0.498444 -4.04122e-20)
(1.08034 0.492216 -2.5773e-22)
(1.08034 0.492216 -2.5773e-22)
(1.00033 0.51286 5.71877e-20)
(1.02338 0.511507 4.55917e-21)
(1.02338 0.511507 4.55917e-21)
(0.924268 0.51622 -1.53029e-20)
(0.954014 0.521385 2.75734e-20)
(0.954014 0.521385 2.75734e-20)
(0.871123 0.518342 -1.75217e-21)
(0.871123 0.518342 -1.75217e-21)
(0.773808 0.499378 3.56469e-20)
(0.814274 0.516257 1.32756e-21)
(0.814274 0.516257 1.32756e-21)
(0.710213 0.488303 2.33096e-21)
(0.710213 0.488303 2.33096e-21)
(0.592503 0.440872 -1.40511e-21)
(0.64348 0.471621 -1.425e-21)
(0.64348 0.471621 -1.425e-21)
(0.520544 0.413313 -1.77923e-21)
(0.520544 0.413313 -1.77923e-21)
(0.446968 0.37922 -9.57543e-21)
(0.446968 0.37922 -9.57543e-21)
(0.31194 0.287471 1.07992e-20)
(0.37264 0.338422 6.17077e-21)
(0.37264 0.338422 6.17077e-21)
(0.237207 0.23473 3.59155e-20)
(0.237207 0.23473 3.59155e-20)
(0.164569 0.175433 -9.02361e-20)
(0.164569 0.175433 -9.02361e-20)
(0.0953832 0.109942 4.28257e-20)
(0.0953832 0.109942 4.28257e-20)
(0.0311485 0.0387815 2.25652e-20)
(0.0311485 0.0387815 2.25652e-20)
(0.0311485 -0.0387815 -7.21782e-20)
(0.0311485 -0.0387815 -7.21782e-20)
(0.0953833 -0.109942 2.2371e-20)
(0.0953833 -0.109942 2.2371e-20)
(0.164569 -0.175433 5.92274e-20)
(0.164569 -0.175433 5.92274e-20)
(0.237207 -0.23473 -5.45803e-20)
(0.237207 -0.23473 -5.45803e-20)
(0.31194 -0.287471 -2.86983e-21)
(0.37264 -0.338422 -2.62509e-22)
(0.37264 -0.338422 -2.62509e-22)
(0.446968 -0.37922 2.38649e-21)
(0.446968 -0.37922 2.38649e-21)
(0.520544 -0.413313 1.47951e-21)
(0.520544 -0.413313 1.47951e-21)
(0.592503 -0.440872 7.06904e-22)
(0.64348 -0.471621 -4.98306e-21)
(0.64348 -0.471621 -4.98306e-21)
(0.710213 -0.488303 -1.63557e-21)
(0.710213 -0.488303 -1.63557e-21)
(0.773808 -0.499378 -1.28313e-20)
(0.814275 -0.516257 2.34146e-20)
(0.814275 -0.516257 2.34146e-20)
(0.871123 -0.518342 1.85748e-20)
(0.904004 -0.526732 -6.9513e-21)
(0.904004 -0.526732 -6.9513e-21)
(0.954014 -0.521385 2.74642e-20)
(0.954014 -0.521385 2.74642e-20)
(1.00033 -0.51286 -3.49389e-20)
(1.02338 -0.511507 4.02234e-20)
(1.02338 -0.511507 4.02234e-20)
(1.06316 -0.498444 -2.82527e-20)
(1.08034 -0.492216 5.34885e-21)
(1.08034 -0.492216 5.34885e-21)
(1.11351 -0.476315 -2.99989e-23)
(1.12516 -0.466779 -2.24136e-20)
(1.12516 -0.466779 -2.24136e-20)
(1.15098 -0.449429 -1.09193e-21)
(1.15653 -0.438109 2.54335e-20)
(1.17822 0.407127 -1.08563e-20)
(1.18012 0.371102 6.35115e-21)
(1.17897 0.340084 6.48819e-23)
(1.16745 0.315063 1.37722e-21)
(1.16745 0.315063 1.37722e-21)
(1.16775 0.29055 2.49734e-22)
(1.16801 0.269123 3.76092e-22)
(1.16799 0.25015 2.35122e-22)
(1.16757 0.233137 -8.80547e-22)
(1.16672 0.2177 5.41664e-22)
(1.16547 0.203567 -4.23353e-22)
(1.16387 0.190539 1.71953e-22)
(1.16199 0.178467 -3.89463e-22)
(1.15991 0.167236 -2.68019e-22)
(1.15769 0.15675 3.73743e-22)
(1.15538 0.14693 4.13758e-23)
(1.15302 0.137709 -4.45734e-22)
(1.15064 0.129026 1.38291e-21)
(1.14827 0.120828 8.43667e-22)
(1.14592 0.11307 -1.1941e-21)
(1.14361 0.105708 1.51254e-21)
(1.14136 0.0987056 2.98668e-22)
(1.13918 0.0920279 -2.178e-21)
(1.13708 0.0856444 2.33412e-21)
(1.13506 0.0795274 -1.24759e-21)
(1.13313 0.0736515 1.22309e-22)
(1.13131 0.0679936 -9.54709e-23)
(1.12959 0.0625326 -2.37332e-21)
(1.12797 0.057249 1.06954e-21)
(1.12648 0.0521248 1.21087e-21)
(1.12509 0.0471432 -1.65594e-22)
(1.12383 0.0422886 -1.39759e-21)
(1.12269 0.0375464 3.38468e-23)
(1.12168 0.0329026 -3.47733e-22)
(1.12079 0.0283444 1.39981e-21)
(1.12004 0.0238591 5.98583e-22)
(1.11941 0.019435 -5.01003e-22)
(1.11892 0.015061 3.48127e-23)
(1.11855 0.010726 5.41183e-22)
(1.11831 0.00642169 3.79821e-22)
(1.11819 0.00212964 -7.67133e-22)
(1.11725 -0.0151511 1.07328e-21)
(1.1169 -0.0107896 3.22979e-22)
(1.11667 -0.00645922 1.72315e-22)
(1.11655 -0.00214164 1.74e-22)
(1.16343 -0.412236 -9.08152e-21)
(1.16671 -0.375066 3.81297e-21)
(1.16719 -0.343337 -4.54473e-22)
(1.16745 -0.315063 6.0109e-22)
(1.16775 -0.29055 -3.61015e-22)
(1.16801 -0.269123 -1.06999e-21)
(1.16799 -0.25015 3.3845e-22)
(1.16757 -0.233137 1.32127e-21)
(1.16672 -0.2177 -6.88138e-22)
(1.16547 -0.203567 3.21465e-22)
(1.16387 -0.190539 -1.03127e-22)
(1.16199 -0.178467 3.69597e-22)
(1.15991 -0.167236 2.82721e-22)
(1.15769 -0.15675 -2.51473e-22)
(1.15538 -0.14693 -2.24271e-22)
(1.15302 -0.137709 2.17597e-22)
(1.15064 -0.129026 -8.43683e-22)
(1.14827 -0.120828 -6.38544e-22)
(1.14592 -0.11307 1.87831e-21)
(1.14361 -0.105708 -1.88618e-21)
(1.14136 -0.0987056 2.34875e-21)
(1.13918 -0.0920279 6.23428e-22)
(1.13708 -0.0856444 -1.42721e-21)
(1.13506 -0.0795274 -1.34214e-21)
(1.13313 -0.0736515 1.49582e-21)
(1.13131 -0.0679936 -1.41503e-22)
(1.12959 -0.0625326 1.84318e-21)
(1.12797 -0.057249 2.09913e-23)
(1.12648 -0.0521248 -1.74501e-21)
(1.12509 -0.0471432 -1.22368e-22)
(1.12383 -0.0422886 8.1665e-22)
(1.12269 -0.0375464 -6.2406e-22)
(1.12168 -0.0329026 1.57072e-21)
(1.12079 -0.0283444 -1.02231e-21)
(1.12004 -0.0238591 6.23379e-22)
(1.11725 -0.0151511 1.07328e-21)
(1.11941 -0.019435 -1.14251e-22)
)
;
    }
}


// ************************************************************************* //
