/*--------------------------------*- C++ -*----------------------------------*\
  =========                 |
  \\      /  F ield         | OpenFOAM: The Open Source CFD Toolbox
   \\    /   O peration     | Website:  https://openfoam.org
    \\  /    A nd           | Version:  7
     \\/     M anipulation  |
\*---------------------------------------------------------------------------*/
FoamFile
{
    version     2.0;
    format      ascii;
    class       volVectorField;
    location    "25";
    object      U;
}
// * * * * * * * * * * * * * * * * * * * * * * * * * * * * * * * * * * * * * //

dimensions      [0 1 -1 0 0 0 0];

internalField   nonuniform List<vector> 
928
(
(0.0625931 -0.00200553 -8.95925e-22)
(0.0684061 -0.0020134 1.89759e-21)
(0.0742411 -0.00201893 -1.25826e-21)
(0.0800916 -0.00202233 -8.37033e-22)
(0.0859518 -0.00202377 4.27826e-22)
(0.0640751 -0.00601155 2.25119e-21)
(0.0698772 -0.00603504 5.2035e-22)
(0.0757009 -0.00605154 -1.12447e-21)
(0.0815398 -0.00606164 5.5069e-22)
(0.0873879 -0.00606593 -1.0747e-21)
(0.0670345 -0.0100029 -1.38992e-21)
(0.0728149 -0.0100418 1.33395e-21)
(0.0786159 -0.010069 4.41414e-21)
(0.0844313 -0.0100856 -7.13e-21)
(0.0902554 -0.0100926 4.67322e-21)
(0.0714622 -0.0139698 8.32772e-21)
(0.0772099 -0.0140236 -8.03329e-21)
(0.0829768 -0.0140612 1.32001e-21)
(0.0887569 -0.0140841 -5.63741e-21)
(0.0945447 -0.0140936 7.16018e-21)
(0.0773447 -0.0179025 6.96604e-21)
(0.0830483 -0.0179705 -3.44461e-21)
(0.0887695 -0.018018 2.60041e-22)
(0.0945025 -0.0180468 -1.28857e-20)
(0.100242 -0.0180585 3.03369e-21)
(0.0846636 -0.021791 2.11878e-20)
(0.0903119 -0.0218725 -1.47618e-20)
(0.0959757 -0.0219293 3.91795e-21)
(0.101649 -0.0219635 -8.66985e-21)
(0.107328 -0.0219771 1.15891e-20)
(0.0933966 -0.0256255 1.49524e-20)
(0.0989779 -0.0257197 -1.7687e-20)
(0.104572 -0.0257851 1.42701e-20)
(0.110175 -0.0258241 -1.18228e-21)
(0.11578 -0.0258392 -4.7508e-21)
(0.103517 -0.029396 1.72405e-20)
(0.109019 -0.0295019 -6.80644e-21)
(0.114532 -0.0295751 -3.37575e-21)
(0.12005 -0.0296185 -2.94849e-21)
(0.12557 -0.0296347 -5.88162e-21)
(0.114993 -0.0330925 6.69008e-23)
(0.120404 -0.0332091 -1.74191e-21)
(0.125823 -0.0332894 5.26983e-21)
(0.131245 -0.0333366 -5.71225e-22)
(0.136666 -0.0333535 -1.71869e-20)
(0.142083 -0.0333428 1.12679e-20)
(0.12779 -0.036705 -1.37116e-20)
(0.133097 -0.0368312 1.68133e-20)
(0.138409 -0.0369178 -2.81787e-20)
(0.143721 -0.0369682 -3.08904e-21)
(0.149031 -0.0369856 1.33716e-20)
(0.154336 -0.0369727 3.30328e-22)
(0.147058 -0.0403582 3.29622e-20)
(0.15225 -0.0404504 -2.97154e-20)
(0.157441 -0.0405036 3.2431e-20)
(0.162626 -0.0405211 -8.61762e-21)
(0.167805 -0.0405059 -1.60978e-20)
(0.162244 -0.0437801 1.95219e-20)
(0.167303 -0.0438773 1.35236e-20)
(0.172358 -0.0439328 -2.66807e-20)
(0.177406 -0.0439502 -1.17302e-20)
(0.182445 -0.0439328 1.54729e-20)
(0.178607 -0.047087 6.67116e-21)
(0.183519 -0.0471885 1.20627e-20)
(0.188425 -0.0472462 -1.12922e-20)
(0.193322 -0.0472635 2.08077e-20)
(0.19821 -0.047244 -3.16799e-20)
(0.196095 -0.0502689 -2.68218e-20)
(0.200847 -0.0503745 1.64793e-20)
(0.205591 -0.0504342 -1.83075e-20)
(0.210324 -0.0504516 1.34008e-20)
(0.215046 -0.0504303 1.1319e-20)
(0.214655 -0.0533163 -1.76057e-20)
(0.219232 -0.0534258 -7.91281e-21)
(0.2238 -0.0534875 1.33905e-20)
(0.228356 -0.0535053 2.30329e-20)
(0.2329 -0.0534828 -2.87512e-20)
(0.23743 -0.0534232 6.46807e-21)
(0.238616 -0.056333 -5.39279e-21)
(0.242994 -0.0563972 -2.29837e-20)
(0.247359 -0.056416 -3.26172e-21)
(0.251712 -0.0563929 1.50343e-20)
(0.256051 -0.0563314 -6.0454e-21)
(0.258937 -0.0590873 4.1093e-20)
(0.263111 -0.0591546 -1.64519e-20)
(0.267273 -0.0591751 -1.06091e-20)
(0.271422 -0.0591526 -1.34673e-21)
(0.275558 -0.0590903 1.59954e-20)
(0.280131 -0.0616799 -2.62248e-20)
(0.284089 -0.0617513 4.55531e-20)
(0.288034 -0.0617748 -1.40299e-20)
(0.291966 -0.061754 -1.7952e-20)
(0.295886 -0.0616923 2.84136e-20)
(0.302131 -0.0641028 -4.82254e-20)
(0.305859 -0.0641795 6.89794e-20)
(0.309574 -0.0642073 -2.00659e-20)
(0.313278 -0.0641899 -2.83846e-20)
(0.316971 -0.0641305 -5.84037e-21)
(0.320652 -0.0640324 1.6019e-20)
(0.328352 -0.066432 1.84643e-20)
(0.331826 -0.0664659 -4.70628e-20)
(0.33529 -0.0664536 7.60237e-20)
(0.338744 -0.0663985 -1.0303e-19)
(0.342189 -0.0663037 5.59212e-20)
(0.351499 -0.068502 -7.60676e-21)
(0.354719 -0.0685441 -6.05728e-20)
(0.357931 -0.0685391 8.07855e-21)
(0.361136 -0.0684905 3.84588e-20)
(0.364334 -0.0684012 -4.35946e-20)
(0.375225 -0.0703834 -8.9834e-20)
(0.37818 -0.0704362 8.67024e-21)
(0.38113 -0.0704411 1.65239e-20)
(0.384076 -0.0704014 -1.1941e-21)
(0.387018 -0.0703203 2.4042e-20)
(0.402136 -0.0721372 8.37918e-20)
(0.404815 -0.0721548 -3.1528e-20)
(0.407492 -0.072127 -2.46787e-20)
(0.410169 -0.0720567 2.40902e-20)
(0.412845 -0.071947 -6.94273e-20)
(0.426513 -0.0736431 4.10243e-20)
(0.428911 -0.0736765 -2.21509e-20)
(0.431312 -0.0736636 -6.4752e-20)
(0.433716 -0.0736074 1.85812e-20)
(0.436124 -0.0735106 -1.18323e-20)
(0.451236 -0.074951 -4.91409e-20)
(0.453346 -0.0750036 6.03915e-20)
(0.455462 -0.0750089 -9.01639e-20)
(0.457587 -0.07497 1.75957e-20)
(0.459719 -0.0748895 6.94453e-20)
(0.478044 -0.0761335 6.09509e-20)
(0.479871 -0.0761607 -1.19786e-20)
(0.48171 -0.0761425 -4.13251e-20)
(0.483562 -0.0760818 5.65823e-21)
(0.485426 -0.0759811 4.63486e-20)
(0.502933 -0.0770617 -1.70443e-20)
(0.504464 -0.0771146 -6.84665e-20)
(0.506013 -0.077121 3.25252e-20)
(0.50758 -0.0770835 1.92738e-20)
(0.509165 -0.0770049 -2.53485e-21)
(0.527939 -0.0777908 4.55994e-20)
(0.529171 -0.0778732 -6.90511e-20)
(0.530427 -0.0779079 3.42058e-21)
(0.531706 -0.0778974 2.42792e-20)
(0.533009 -0.0778445 1.32327e-20)
(0.553922 -0.0784719 -3.68387e-20)
(0.554882 -0.0785388 5.81449e-20)
(0.555872 -0.078559 -3.19615e-20)
(0.55689 -0.0785352 -5.44344e-20)
(0.557937 -0.0784701 5.51843e-20)
(0.578647 -0.0788983 -5.4531e-20)
(0.579311 -0.0790028 8.99328e-20)
(0.58001 -0.0790589 -1.08726e-19)
(0.580744 -0.0790694 6.45205e-21)
(0.581512 -0.0790367 1.89824e-20)
(0.61638 -0.0789409 0)
(0.61664 -0.0791092 0)
(0.616943 -0.079227 0)
(0.617289 -0.0792969 0)
(0.617677 -0.0793215 0)
(0.671907 -0.0789814 0)
(0.671567 -0.0792103 0)
(0.671283 -0.0793872 0)
(0.671054 -0.0795145 0)
(0.670879 -0.0795947 0)
(0.727648 -0.0780466 0)
(0.726716 -0.078366 0)
(0.725853 -0.0786302 0)
(0.725056 -0.0788418 0)
(0.724324 -0.0790033 0)
(0.782805 -0.0762483 0)
(0.78131 -0.0766763 0)
(0.779893 -0.0770451 0)
(0.778554 -0.0773576 0)
(0.777289 -0.0776164 0)
(0.836626 -0.0736801 0)
(0.834613 -0.0742299 0)
(0.832687 -0.0747163 0)
(0.830847 -0.075142 0)
(0.829089 -0.0755101 0)
(0.888416 -0.0704127 0)
(0.885948 -0.0710947 0)
(0.883573 -0.0717085 0)
(0.881289 -0.0722574 0)
(0.879092 -0.0727443 0)
(0.937566 -0.0665463 0)
(0.934718 -0.0673658 0)
(0.931965 -0.0681128 0)
(0.929304 -0.0687905 0)
(0.926734 -0.0694021 0)
(0.983569 -0.0621971 0)
(0.980423 -0.0631547 0)
(0.977371 -0.0640358 0)
(0.974411 -0.0648436 0)
(0.971541 -0.0655815 0)
(1.02603 -0.057489 0)
(1.02267 -0.0585804 0)
(1.01941 -0.0595919 0)
(1.01623 -0.0605269 0)
(1.01313 -0.0613886 0)
(1.06468 -0.0525472 0)
(1.0612 -0.0537637 0)
(1.0578 -0.0548979 0)
(1.05448 -0.0559529 0)
(1.05124 -0.0569323 0)
(1.09937 -0.0474919 0)
(1.09584 -0.0488214 0)
(1.09238 -0.050067 0)
(1.089 -0.0512319 0)
(1.08569 -0.0523195 0)
(1.13006 -0.0424333 0)
(1.12655 -0.0438612 0)
(1.12311 -0.0452045 0)
(1.11973 -0.0464665 0)
(1.11642 -0.0476503 0)
(1.1568 -0.0374679 0)
(1.15339 -0.0389779 0)
(1.15002 -0.0404037 0)
(1.14671 -0.0417483 0)
(1.14346 -0.0430148 0)
(1.17977 -0.0326759 0)
(1.17649 -0.0342512 0)
(1.17325 -0.0357435 0)
(1.17006 -0.0371556 0)
(1.1669 -0.0384903 0)
(1.19916 -0.0281205 0)
(1.19606 -0.0297446 0)
(1.19299 -0.0312875 0)
(1.18995 -0.0327518 0)
(1.18694 -0.0341402 0)
(1.21525 -0.0238481 0)
(1.21236 -0.0255051 0)
(1.20948 -0.0270835 0)
(1.20662 -0.0285854 0)
(1.20379 -0.0300133 0)
(1.22834 -0.0198892 0)
(1.22567 -0.0215648 0)
(1.22301 -0.0231645 0)
(1.22036 -0.0246904 0)
(1.21772 -0.0261445 0)
(1.23876 -0.0162604 0)
(1.23632 -0.0179417 0)
(1.23387 -0.0195502 0)
(1.23144 -0.0210877 0)
(1.229 -0.0225562 0)
(1.24681 -0.0129664 0)
(1.2446 -0.0146424 0)
(1.24239 -0.0162487 0)
(1.24016 -0.0177871 0)
(1.23794 -0.0192591 0)
(1.25283 -0.0100025 0)
(1.25084 -0.0116636 0)
(1.24884 -0.0132584 0)
(1.24684 -0.0147884 0)
(1.24482 -0.016255 0)
(1.25709 -0.00735632 0)
(1.25532 -0.00899495 0)
(1.25354 -0.0105705 0)
(1.25173 -0.0120844 0)
(1.24992 -0.0135378 0)
(1.25989 -0.00501062 0)
(1.25832 -0.00662053 0)
(1.25673 -0.00817064 0)
(1.25513 -0.00966208 0)
(1.2535 -0.011096 0)
(1.26146 -0.00294459 0)
(1.26008 -0.00452095 0)
(1.25868 -0.00604064 0)
(1.25725 -0.00750466 0)
(1.25581 -0.00891406 0)
(1.26204 -0.00113568 0)
(1.26083 -0.00267482 0)
(1.25959 -0.0041603 0)
(1.25834 -0.00559301 0)
(1.25706 -0.00697387 0)
(1.2618 0.000439165 0)
(1.26075 -0.00106005 0)
(1.25967 -0.00250848 0)
(1.25856 -0.00390692 0)
(1.25743 -0.00525617 0)
(1.26092 0.0018026 0)
(1.26001 0.000345244 0)
(1.25907 -0.00106409 0)
(1.25811 -0.00242607 0)
(1.25711 -0.00374141 0)
(1.25954 0.00297615 0)
(1.25876 0.00156196 0)
(1.25794 0.000193187 0)
(1.2571 -0.00113077 0)
(1.25623 -0.00241052 0)
(1.25778 0.0039798 0)
(1.25711 0.00260963 0)
(1.25641 0.00128239 0)
(1.25568 -2.43902e-06 0)
(1.25492 -0.00124539 0)
(1.25573 0.00483173 0)
(1.25516 0.00350608 0)
(1.25456 0.002221 0)
(1.25393 0.000976043 0)
(1.25327 -0.000229253 0)
(1.25347 0.00554824 0)
(1.25299 0.00426738 0)
(1.25248 0.00302483 0)
(1.25194 0.00182022 0)
(1.25137 0.000653154 0)
(1.25106 0.0061438 0)
(1.25067 0.0049078 0)
(1.25024 0.00370798 0)
(1.24978 0.00254401 0)
(1.24929 0.00141555 0)
(1.24878 0.000322235 0)
(1.24857 0.00663109 0)
(1.24825 0.00543994 0)
(1.24789 0.0042829 0)
(1.2475 0.00315973 0)
(1.24709 0.00207014 0)
(1.24665 0.00101379 0)
(1.24603 0.00702122 0)
(1.24577 0.0058748 0)
(1.24548 0.00476055 0)
(1.24516 0.00367825 0)
(1.24481 0.00262766 0)
(1.24443 0.00160851 0)
(1.24347 0.00732386 0)
(1.24327 0.00622203 0)
(1.24303 0.00515048 0)
(1.24277 0.00410907 0)
(1.24248 0.00309757 0)
(1.24217 0.00211578 0)
(1.24092 0.00754744 0)
(1.24077 0.00649001 0)
(1.24059 0.00546108 0)
(1.24038 0.00446051 0)
(1.24015 0.00348816 0)
(1.23988 0.00254383 0)
(1.2384 0.00769933 0)
(1.2383 0.0066861 0)
(1.23817 0.00569964 0)
(1.23801 0.00473987 0)
(1.23782 0.00380667 0)
(1.23761 0.00289987 0)
(1.23593 0.00778597 0)
(1.23587 0.00681673 0)
(1.23579 0.00587261 0)
(1.23567 0.00495356 0)
(1.23553 0.00405949 0)
(1.23536 0.00319028 0)
(1.23352 0.00781307 0)
(1.2335 0.00688759 0)
(1.23346 0.00598565 0)
(1.23338 0.00510723 0)
(1.23328 0.00425226 0)
(1.23315 0.00342066 0)
(1.23118 0.00778568 0)
(1.2312 0.00690372 0)
(1.23119 0.0060438 0)
(1.23115 0.0052059 0)
(1.23108 0.00439 0)
(1.23099 0.00359601 0)
(1.22891 0.00770832 0)
(1.22897 0.00686965 0)
(1.22899 0.00605157 0)
(1.22899 0.00525408 0)
(1.22896 0.00447717 0)
(1.2289 0.0037208 0)
(1.22674 0.00758507 0)
(1.22682 0.00678945 0)
(1.22688 0.00601303 0)
(1.22691 0.00525582 0)
(1.22691 0.00451783 0)
(1.22688 0.00379905 0)
(1.22465 0.00741964 0)
(1.22476 0.00666683 0)
(1.22485 0.00593187 0)
(1.22491 0.0052148 0)
(1.22494 0.00451566 0)
(1.22494 0.00383442 0)
(1.22266 0.00721544 0)
(1.2228 0.00650517 0)
(1.22291 0.00581148 0)
(1.223 0.00513442 0)
(1.22305 0.00447402 0)
(1.22308 0.00383029 0)
(1.22077 0.0069756 0)
(1.22093 0.00630763 0)
(1.22107 0.005655 0)
(1.22118 0.00501779 0)
(1.22126 0.00439603 0)
(1.22131 0.00378974 0)
(1.21898 0.00670303 0)
(1.21916 0.0060771 0)
(1.21932 0.00546534 0)
(1.21945 0.00486782 0)
(1.21956 0.00428458 0)
(1.21963 0.00371567 0)
(1.21729 0.00640047 0)
(1.2175 0.00581632 0)
(1.21768 0.00524522 0)
(1.21783 0.00468723 0)
(1.21795 0.0041424 0)
(1.21805 0.00361078 0)
(1.21571 0.00607046 0)
(1.21593 0.00552785 0)
(1.21613 0.0049972 0)
(1.2163 0.00447858 0)
(1.21645 0.00397204 0)
(1.21656 0.00347763 0)
(1.21424 0.00571542 0)
(1.21448 0.00521411 0)
(1.21469 0.00472371 0)
(1.21488 0.00424429 0)
(1.21504 0.00377592 0)
(1.21517 0.00331863 0)
(1.21287 0.00533764 0)
(1.21313 0.0048774 0)
(1.21336 0.00442706 0)
(1.21356 0.00398669 0)
(1.21374 0.00355635 0)
(1.21389 0.00313608 0)
(1.21162 0.00493931 0)
(1.21189 0.00451991 0)
(1.21214 0.00410944 0)
(1.21235 0.00370796 0)
(1.21254 0.00331553 0)
(1.21271 0.0029322 0)
(1.21076 0.00414375 0)
(1.21102 0.00377296 0)
(1.21125 0.00341022 0)
(1.21145 0.00305558 0)
(1.21163 0.00270909 0)
(1.20974 0.00375092 0)
(1.21001 0.00341966 0)
(1.21025 0.00309552 0)
(1.21047 0.00277855 0)
(1.21065 0.00246882 0)
(1.20884 0.00334338 0)
(1.20911 0.00305148 0)
(1.20936 0.00276581 0)
(1.20959 0.00248642 0)
(1.20979 0.00221334 0)
(1.20804 0.00292301 0)
(1.20833 0.00267033 0)
(1.20859 0.00242301 0)
(1.20882 0.00218109 0)
(1.20903 0.0019446 0)
(1.20736 0.00249164 0)
(1.20765 0.00227805 0)
(1.20792 0.00206897 0)
(1.20816 0.00186443 0)
(1.20837 0.00166446 0)
(1.20679 0.00205104 0)
(1.20709 0.00187644 0)
(1.20736 0.00170551 0)
(1.20761 0.00153826 0)
(1.20783 0.00137474 0)
(1.20633 0.00160294 0)
(1.20664 0.00146725 0)
(1.20692 0.00133438 0)
(1.20717 0.00120437 0)
(1.20739 0.00107725 0)
(1.20599 0.00114906 0)
(1.2063 0.00105219 0)
(1.20658 0.00095733 0)
(1.20683 0.000864507 0)
(1.20706 0.000773735 0)
(1.20576 0.000691118 0)
(1.20607 0.000633013 0)
(1.20636 0.000576116 0)
(1.20661 0.000520437 0)
(1.20684 0.000465986 0)
(1.20565 0.000230675 0)
(1.20596 0.000211309 0)
(1.20625 0.000192346 0)
(1.2065 0.000173788 0)
(1.20674 0.00015564 0)
(0.61638 0.0789407 0)
(0.671907 0.0789812 0)
(0.727648 0.0780464 0)
(0.782805 0.0762482 0)
(0.836626 0.0736799 0)
(0.888416 0.0704126 0)
(0.937566 0.0665461 0)
(0.983569 0.0621969 0)
(1.02603 0.0574889 0)
(1.06468 0.052547 0)
(1.09937 0.0474918 0)
(1.13006 0.0424332 0)
(1.1568 0.0374678 0)
(1.17977 0.0326758 0)
(1.19916 0.0281204 0)
(1.21525 0.023848 0)
(1.22834 0.0198891 0)
(1.23876 0.0162603 0)
(1.24681 0.0129663 0)
(1.25283 0.0100024 0)
(1.25709 0.00735625 0)
(1.25989 0.00501055 0)
(1.26146 0.00294453 0)
(1.26204 0.00113562 0)
(1.2618 -0.000439221 0)
(1.26092 -0.00180265 0)
(1.25954 -0.0029762 0)
(1.25778 -0.00397985 0)
(1.25573 -0.00483177 0)
(1.25347 -0.00554828 0)
(1.25106 -0.00614383 0)
(1.24857 -0.00663112 0)
(1.24603 -0.00702125 0)
(1.24347 -0.00732389 0)
(1.24092 -0.00754747 0)
(1.2384 -0.00769935 0)
(1.23593 -0.00778599 0)
(1.23352 -0.00781309 0)
(1.23118 -0.0077857 0)
(1.22891 -0.00770833 0)
(1.22674 -0.00758508 0)
(1.22465 -0.00741966 0)
(1.22266 -0.00721545 0)
(1.22077 -0.00697561 0)
(1.21898 -0.00670304 0)
(1.21729 -0.00640048 0)
(1.21571 -0.00607046 0)
(1.21424 -0.00571542 0)
(1.21287 -0.00533765 0)
(1.21162 -0.00493932 0)
(1.21048 -0.00452252 0)
(1.20945 -0.00408926 0)
(1.20853 -0.00364146 0)
(1.20773 -0.003181 0)
(1.20704 -0.00270968 0)
(1.20646 -0.00222925 0)
(1.206 -0.00174145 0)
(1.20566 -0.00124793 0)
(1.20543 -0.000750416 0)
(1.20531 -0.000250437 0)
(0.616639 0.079109 0)
(0.671566 0.0792102 0)
(0.726716 0.0783658 0)
(0.781309 0.0766761 0)
(0.834612 0.0742298 0)
(0.885948 0.0710945 0)
(0.934717 0.0673657 0)
(0.980423 0.0631546 0)
(1.02267 0.0585803 0)
(1.0612 0.0537636 0)
(1.09584 0.0488213 0)
(1.12655 0.0438611 0)
(1.15339 0.0389778 0)
(1.17649 0.0342511 0)
(1.19606 0.0297445 0)
(1.21236 0.025505 0)
(1.22567 0.0215647 0)
(1.23632 0.0179416 0)
(1.2446 0.0146423 0)
(1.25084 0.0116635 0)
(1.25532 0.00899488 0)
(1.25832 0.00662047 0)
(1.26008 0.00452089 0)
(1.26083 0.00267476 0)
(1.26075 0.00105999 0)
(1.26001 -0.000345296 0)
(1.25876 -0.00156201 0)
(1.25711 -0.00260968 0)
(1.25516 -0.00350612 0)
(1.25299 -0.00426742 0)
(1.25067 -0.00490784 0)
(1.24825 -0.00543997 0)
(1.24577 -0.00587483 0)
(1.24327 -0.00622206 0)
(1.24077 -0.00649004 0)
(1.2383 -0.00668612 0)
(1.23587 -0.00681675 0)
(1.2335 -0.00688761 0)
(1.2312 -0.00690374 0)
(1.22897 -0.00686967 0)
(1.22682 -0.00678947 0)
(1.22476 -0.00666684 0)
(1.2228 -0.00650519 0)
(1.22093 -0.00630764 0)
(1.21916 -0.00607711 0)
(1.2175 -0.00581633 0)
(1.21593 -0.00552786 0)
(1.21448 -0.00521412 0)
(1.21313 -0.00487741 0)
(1.21189 -0.00451992 0)
(1.21076 -0.00414376 0)
(1.20974 -0.00375093 0)
(1.20884 -0.00334339 0)
(1.20804 -0.00292302 0)
(1.20736 -0.00249164 0)
(1.20679 -0.00205104 0)
(1.20633 -0.00160295 0)
(1.20599 -0.00114906 0)
(1.20576 -0.000691118 0)
(1.20565 -0.000230675 0)
(0.616943 0.0792268 0)
(0.671283 0.079387 0)
(0.725853 0.07863 0)
(0.779893 0.0770449 0)
(0.832687 0.0747161 0)
(0.883573 0.0717083 0)
(0.931965 0.0681127 0)
(0.977371 0.0640356 0)
(1.01941 0.0595918 0)
(1.0578 0.0548977 0)
(1.09238 0.0500669 0)
(1.12311 0.0452044 0)
(1.15002 0.0404036 0)
(1.17325 0.0357434 0)
(1.19299 0.0312874 0)
(1.20948 0.0270834 0)
(1.22301 0.0231644 0)
(1.23387 0.0195501 0)
(1.24239 0.0162486 0)
(1.24884 0.0132583 0)
(1.25354 0.0105705 0)
(1.25673 0.00817057 0)
(1.25868 0.00604057 0)
(1.25959 0.00416024 0)
(1.25967 0.00250843 0)
(1.25907 0.00106404 0)
(1.25794 -0.000193236 0)
(1.25641 -0.00128243 0)
(1.25456 -0.00222104 0)
(1.25248 -0.00302487 0)
(1.25024 -0.00370801 0)
(1.24789 -0.00428294 0)
(1.24548 -0.00476058 0)
(1.24303 -0.00515051 0)
(1.24059 -0.0054611 0)
(1.23817 -0.00569967 0)
(1.23579 -0.00587263 0)
(1.23346 -0.00598567 0)
(1.23119 -0.00604382 0)
(1.22899 -0.00605159 0)
(1.22688 -0.00601304 0)
(1.22485 -0.00593188 0)
(1.22291 -0.00581149 0)
(1.22107 -0.00565501 0)
(1.21932 -0.00546535 0)
(1.21768 -0.00524523 0)
(1.21613 -0.00499721 0)
(1.21469 -0.00472372 0)
(1.21336 -0.00442706 0)
(1.21214 -0.00410944 0)
(1.21102 -0.00377297 0)
(1.21001 -0.00341966 0)
(1.20911 -0.00305149 0)
(1.20833 -0.00267034 0)
(1.20765 -0.00227806 0)
(1.20709 -0.00187644 0)
(1.20664 -0.00146725 0)
(1.2063 -0.00105219 0)
(1.20607 -0.000633014 0)
(1.20596 -0.00021131 0)
(0.617289 0.0792968 0)
(0.671054 0.0795143 0)
(0.725056 0.0788416 0)
(0.778554 0.0773574 0)
(0.830847 0.0751419 0)
(0.881288 0.0722572 0)
(0.929304 0.0687903 0)
(0.974411 0.0648435 0)
(1.01623 0.0605267 0)
(1.05448 0.0559528 0)
(1.089 0.0512318 0)
(1.11973 0.0464664 0)
(1.14671 0.0417482 0)
(1.17006 0.0371555 0)
(1.18995 0.0327517 0)
(1.20662 0.0285853 0)
(1.22036 0.0246903 0)
(1.23144 0.0210877 0)
(1.24016 0.017787 0)
(1.24684 0.0147883 0)
(1.25173 0.0120843 0)
(1.25513 0.00966201 0)
(1.25725 0.0075046 0)
(1.25834 0.00559295 0)
(1.25856 0.00390687 0)
(1.25811 0.00242602 0)
(1.2571 0.00113072 0)
(1.25568 2.39468e-06 0)
(1.25393 -0.000976084 0)
(1.25194 -0.00182026 0)
(1.24978 -0.00254404 0)
(1.2475 -0.00315976 0)
(1.24516 -0.00367828 0)
(1.24277 -0.00410909 0)
(1.24038 -0.00446053 0)
(1.23801 -0.0047399 0)
(1.23567 -0.00495358 0)
(1.23338 -0.00510725 0)
(1.23115 -0.00520592 0)
(1.22899 -0.0052541 0)
(1.22691 -0.00525583 0)
(1.22491 -0.00521482 0)
(1.223 -0.00513443 0)
(1.22118 -0.0050178 0)
(1.21945 -0.00486783 0)
(1.21783 -0.00468723 0)
(1.2163 -0.00447858 0)
(1.21488 -0.0042443 0)
(1.21356 -0.00398669 0)
(1.21235 -0.00370796 0)
(1.21125 -0.00341023 0)
(1.21025 -0.00309552 0)
(1.20936 -0.00276581 0)
(1.20859 -0.00242301 0)
(1.20792 -0.00206897 0)
(1.20736 -0.00170551 0)
(1.20692 -0.00133438 0)
(1.20658 -0.000957331 0)
(1.20636 -0.000576116 0)
(1.20625 -0.000192346 0)
(0.617677 0.0793213 0)
(0.670879 0.0795945 0)
(0.724324 0.0790031 0)
(0.777289 0.0776162 0)
(0.829089 0.0755099 0)
(0.879092 0.0727441 0)
(0.926734 0.0694019 0)
(0.971541 0.0655814 0)
(1.01313 0.0613885 0)
(1.05124 0.0569322 0)
(1.08569 0.0523193 0)
(1.11642 0.0476501 0)
(1.14346 0.0430147 0)
(1.1669 0.0384902 0)
(1.18694 0.0341401 0)
(1.20379 0.0300132 0)
(1.21772 0.0261444 0)
(1.229 0.0225561 0)
(1.23794 0.0192591 0)
(1.24482 0.0162549 0)
(1.24992 0.0135378 0)
(1.2535 0.011096 0)
(1.25581 0.008914 0)
(1.25706 0.00697381 0)
(1.25743 0.00525612 0)
(1.25711 0.00374136 0)
(1.25623 0.00241047 0)
(1.25492 0.00124534 0)
(1.25327 0.000229213 0)
(1.25137 -0.000653191 0)
(1.24929 -0.00141559 0)
(1.24709 -0.00207017 0)
(1.24481 -0.00262769 0)
(1.24248 -0.0030976 0)
(1.24015 -0.00348818 0)
(1.23782 -0.00380669 0)
(1.23553 -0.00405951 0)
(1.23328 -0.00425228 0)
(1.23108 -0.00439001 0)
(1.22896 -0.00447719 0)
(1.22691 -0.00451785 0)
(1.22494 -0.00451567 0)
(1.22305 -0.00447403 0)
(1.22126 -0.00439604 0)
(1.21956 -0.00428459 0)
(1.21795 -0.00414241 0)
(1.21645 -0.00397205 0)
(1.21504 -0.00377592 0)
(1.21374 -0.00355635 0)
(1.21254 -0.00331553 0)
(1.21145 -0.00305559 0)
(1.21047 -0.00277856 0)
(1.20959 -0.00248642 0)
(1.20882 -0.00218109 0)
(1.20816 -0.00186443 0)
(1.20761 -0.00153827 0)
(1.20717 -0.00120438 0)
(1.20683 -0.000864508 0)
(1.20661 -0.000520437 0)
(1.2065 -0.000173789 0)
(0.578647 0.0788982 5.47488e-20)
(0.579311 0.0790026 -9.00025e-20)
(0.58001 0.0790588 1.08477e-19)
(0.580744 0.0790692 -6.37205e-21)
(0.581512 0.0790364 -1.87828e-20)
(0.553922 0.0784717 3.66836e-20)
(0.554882 0.0785386 -5.80364e-20)
(0.555871 0.0785588 3.23172e-20)
(0.55689 0.078535 5.44738e-20)
(0.557936 0.0784698 -5.53676e-20)
(0.527939 0.0777906 -4.6189e-20)
(0.529171 0.0778731 6.83581e-20)
(0.530427 0.0779077 -4.0287e-21)
(0.531706 0.0778972 -2.50702e-20)
(0.533009 0.0778442 -1.38844e-20)
(0.502932 0.0770615 1.79778e-20)
(0.504464 0.0771144 6.84259e-20)
(0.506013 0.0771208 -3.17522e-20)
(0.50758 0.0770833 -1.85327e-20)
(0.509165 0.0770047 3.33796e-21)
(0.478044 0.0761333 -6.1986e-20)
(0.47987 0.0761605 1.26458e-20)
(0.48171 0.0761423 4.08559e-20)
(0.483561 0.0760816 -6.38328e-21)
(0.485426 0.0759809 -4.66138e-20)
(0.451236 0.0749508 4.84837e-20)
(0.453345 0.0750034 -5.94456e-20)
(0.455462 0.0750087 9.06474e-20)
(0.457587 0.0749698 -1.70985e-20)
(0.459719 0.0748893 -6.83539e-20)
(0.426513 0.073643 -3.90785e-20)
(0.428911 0.0736763 2.29913e-20)
(0.431312 0.0736634 6.4757e-20)
(0.433716 0.0736071 -1.98849e-20)
(0.436123 0.0735104 1.18371e-20)
(0.402136 0.072137 -8.40901e-20)
(0.404815 0.0721546 3.00999e-20)
(0.407492 0.0721268 2.26845e-20)
(0.410169 0.0720565 -2.44279e-20)
(0.412845 0.0719468 6.89775e-20)
(0.375224 0.0703832 8.85362e-20)
(0.37818 0.070436 -1.0923e-20)
(0.38113 0.0704409 -1.74322e-20)
(0.384076 0.0704012 3.44397e-21)
(0.387017 0.0703201 -2.14893e-20)
(0.351498 0.0685018 7.68713e-21)
(0.354719 0.0685439 6.18397e-20)
(0.357931 0.0685389 -8.00152e-21)
(0.361136 0.0684903 -4.03997e-20)
(0.364334 0.068401 4.13291e-20)
(0.328352 0.0664318 -1.78098e-20)
(0.331826 0.0664657 4.70736e-20)
(0.33529 0.0664534 -7.34811e-20)
(0.338744 0.0663983 1.0351e-19)
(0.342188 0.0663034 -5.48054e-20)
(0.302131 0.0641026 4.90192e-20)
(0.305858 0.0641794 -6.87685e-20)
(0.309574 0.0642072 1.86405e-20)
(0.313278 0.0641897 2.66782e-20)
(0.316971 0.0641303 7.28906e-21)
(0.320652 0.0640322 -1.60314e-20)
(0.280131 0.0616797 2.70827e-20)
(0.284088 0.0617511 -4.58816e-20)
(0.288033 0.0617746 1.5716e-20)
(0.291966 0.0617537 1.98163e-20)
(0.295886 0.0616921 -2.90737e-20)
(0.258937 0.0590871 -4.29131e-20)
(0.263111 0.0591544 1.69598e-20)
(0.267273 0.0591749 1.01601e-20)
(0.271422 0.0591524 -1.07655e-21)
(0.275558 0.0590901 -1.54987e-20)
(0.238616 0.0563328 5.48207e-21)
(0.242993 0.056397 2.32704e-20)
(0.247359 0.0564158 2.96451e-21)
(0.251712 0.0563927 -1.29061e-20)
(0.256051 0.0563312 5.1558e-21)
(0.214654 0.0533161 1.75295e-20)
(0.219232 0.0534256 7.74894e-21)
(0.223799 0.0534873 -1.36223e-20)
(0.228356 0.0535051 -2.35496e-20)
(0.232899 0.0534826 2.63518e-20)
(0.23743 0.0534229 -6.13743e-21)
(0.196095 0.0502688 2.73623e-20)
(0.200847 0.0503744 -1.5379e-20)
(0.20559 0.050434 1.79206e-20)
(0.210324 0.0504514 -1.29231e-20)
(0.215046 0.05043 -8.47858e-21)
(0.178606 0.0470868 -6.01746e-21)
(0.183519 0.0471884 -1.30201e-20)
(0.188425 0.047246 1.10404e-20)
(0.193322 0.0472633 -2.02925e-20)
(0.19821 0.0472438 2.92949e-20)
(0.162244 0.04378 -2.07111e-20)
(0.167303 0.0438771 -1.21071e-20)
(0.172358 0.0439326 2.78857e-20)
(0.177406 0.04395 1.18462e-20)
(0.182445 0.0439326 -1.35478e-20)
(0.147058 0.0403581 -3.24784e-20)
(0.15225 0.0404502 2.8304e-20)
(0.15744 0.0405034 -3.24416e-20)
(0.162626 0.0405208 9.19382e-21)
(0.167804 0.0405057 1.47771e-20)
(0.127789 0.0367049 1.35324e-20)
(0.133097 0.036831 -1.65624e-20)
(0.138409 0.0369176 2.77898e-20)
(0.143721 0.036968 2.71439e-21)
(0.149031 0.0369854 -1.3663e-20)
(0.154336 0.0369725 -4.96406e-22)
(0.114993 0.0330924 -3.04165e-22)
(0.120404 0.0332089 1.38297e-21)
(0.125823 0.0332892 -5.17216e-21)
(0.131245 0.0333364 7.74219e-22)
(0.136666 0.0333533 1.71215e-20)
(0.142083 0.0333426 -1.10012e-20)
(0.103517 0.0293958 -1.75877e-20)
(0.109019 0.0295017 6.2689e-21)
(0.114532 0.0295749 3.34615e-21)
(0.12005 0.0296183 2.22407e-21)
(0.12557 0.0296345 5.17707e-21)
(0.0933965 0.0256253 -1.4267e-20)
(0.0989778 0.0257195 1.82038e-20)
(0.104572 0.0257849 -1.33528e-20)
(0.110174 0.0258239 1.39021e-21)
(0.11578 0.025839 5.51333e-21)
(0.0846636 0.0217908 -2.08431e-20)
(0.0903119 0.0218723 1.46911e-20)
(0.0959756 0.0219291 -4.26217e-21)
(0.101649 0.0219633 9.30486e-21)
(0.107328 0.0219769 -1.19515e-20)
(0.0773446 0.0179023 -7.58729e-21)
(0.0830483 0.0179703 3.37561e-21)
(0.0887695 0.0180178 -3.9207e-22)
(0.0945024 0.0180465 1.26503e-20)
(0.100242 0.0180582 -3.19274e-21)
(0.0714622 0.0139697 -8.31696e-21)
(0.0772098 0.0140234 8.02497e-21)
(0.0829767 0.014061 -1.40624e-21)
(0.0887569 0.0140839 5.48938e-21)
(0.0945447 0.0140933 -7.29067e-21)
(0.0670345 0.0100027 1.69291e-21)
(0.0728149 0.0100416 -1.51204e-21)
(0.0786159 0.0100688 -4.37842e-21)
(0.0844313 0.0100854 6.94586e-21)
(0.0902553 0.0100924 -4.462e-21)
(0.064075 0.00601138 -2.21457e-21)
(0.0698772 0.00603486 -4.2947e-22)
(0.0757009 0.00605133 1.24264e-21)
(0.0815397 0.00606142 -3.21634e-22)
(0.0873879 0.00606569 1.14831e-21)
(0.0625931 0.00200537 8.97634e-22)
(0.0684061 0.00201322 -1.93872e-21)
(0.0742411 0.00201873 1.17679e-21)
(0.0800916 0.0020221 7.71365e-22)
(0.0859518 0.00202354 -4.66324e-22)
)
;

boundaryField
{
    inlet
    {
        type            uniformFixedValue;
        uniformValue    constant (1 0 0);
        value           nonuniform 0();
    }
    outlet
    {
        type            pressureInletOutletVelocity;
        value           nonuniform 0();
    }
    cylinder
    {
        type            fixedValue;
        value           nonuniform 0();
    }
    top
    {
        type            symmetryPlane;
    }
    bottom
    {
        type            symmetryPlane;
    }
    defaultFaces
    {
        type            empty;
    }
    procBoundary24to23
    {
        type            processor;
        value           nonuniform List<vector> 
193
(
(0.0568091 -0.0019951 8.91998e-22)
(0.0583014 -0.00598037 5.46135e-21)
(0.0612816 -0.00995133 -4.08381e-21)
(0.0657405 -0.0138984 5.45476e-21)
(0.0716649 -0.017812 2.70772e-21)
(0.0790368 -0.0216823 1.09397e-20)
(0.087834 -0.0254997 6.40312e-21)
(0.0980299 -0.0292544 1.70483e-20)
(0.109594 -0.0329363 -1.13576e-20)
(0.122491 -0.0365356 7.01373e-21)
(0.141868 -0.0402234 1.97698e-20)
(0.141868 -0.0402234 1.97698e-20)
(0.157184 -0.0436376 -1.71965e-20)
(0.17369 -0.0469376 8.15868e-21)
(0.191336 -0.0501133 -3.64714e-20)
(0.210068 -0.0531548 -2.00184e-20)
(0.234227 -0.0562194 -7.40794e-22)
(0.234227 -0.0562194 -7.40794e-22)
(0.254751 -0.0589692 1.1136e-20)
(0.276161 -0.0615567 5.01319e-21)
(0.298392 -0.0639732 -2.49356e-20)
(0.324868 -0.0663483 4.94119e-20)
(0.324868 -0.0663483 4.94119e-20)
(0.34827 -0.0684092 -5.97951e-20)
(0.372263 -0.0702792 -8.36609e-20)
(0.399456 -0.0720709 1.41202e-20)
(0.399456 -0.0720709 1.41202e-20)
(0.424118 -0.0735602 8.04237e-21)
(0.449134 -0.074848 -6.77195e-20)
(0.47623 -0.0760579 1.64913e-22)
(0.47623 -0.0760579 1.64913e-22)
(0.50142 -0.0769593 1.80184e-20)
(0.526731 -0.0776576 -3.5822e-20)
(0.552992 -0.0783557 4.02608e-20)
(0.552992 -0.0783557 4.02608e-20)
(0.57802 -0.0787427 -3.69088e-20)
(0.616166 -0.0787193 0)
(0.672306 -0.0786976 0)
(0.728651 -0.0776691 0)
(0.784383 -0.0757583 0)
(0.83873 -0.0730636 0)
(0.890981 -0.0696594 0)
(0.940514 -0.0656507 0)
(0.986813 -0.0611592 0)
(1.02948 -0.056314 0)
(1.06825 -0.0512446 0)
(1.10298 -0.0460749 0)
(1.13362 -0.0409177 0)
(1.16027 -0.0358707 0)
(1.18308 -0.0310148 0)
(1.20229 -0.0264128 0)
(1.21816 -0.02211 0)
(1.23102 -0.0181355 0)
(1.2412 -0.0145043 0)
(1.24902 -0.0112192 0)
(1.2548 -0.00827352 0)
(1.25885 -0.00565338 0)
(1.26143 -0.00333978 0)
(1.26282 -0.00131058 0)
(1.26321 0.000457964 0)
(1.26282 0.00198989 0)
(1.2618 0.00330862 0)
(1.26029 0.0044363 0)
(1.25842 0.00539336 0)
(1.25626 0.00619833 0)
(1.25391 0.00686775 0)
(1.25143 0.00741623 0)
(1.24886 0.00785658 0)
(1.24626 0.00819996 0)
(1.24364 0.0084561 0)
(1.24104 0.00863344 0)
(1.23847 0.00873938 0)
(1.23595 0.00878036 0)
(1.2335 0.00876209 0)
(1.23112 0.00868963 0)
(1.22883 0.00856751 0)
(1.22662 0.00839981 0)
(1.2245 0.00819024 0)
(1.22249 0.0079422 0)
(1.22057 0.00765883 0)
(1.21876 0.00734304 0)
(1.21705 0.00699755 0)
(1.21545 0.00662491 0)
(1.21396 0.00622753 0)
(1.21258 0.00580768 0)
(1.21132 0.00536753 0)
(1.21048 0.00452251 0)
(1.21048 0.00452251 0)
(1.20945 0.00408925 0)
(1.20853 0.00364146 0)
(1.20773 0.00318099 0)
(1.20704 0.00270967 0)
(1.20646 0.00222925 0)
(1.206 0.00174144 0)
(1.20566 0.00124793 0)
(1.20543 0.000750415 0)
(1.20531 0.000250437 0)
(0.616166 0.0787192 0)
(0.672306 0.0786975 0)
(0.728651 0.077669 0)
(0.784383 0.0757582 0)
(0.83873 0.0730635 0)
(0.890981 0.0696593 0)
(0.940514 0.0656506 0)
(0.986813 0.0611591 0)
(1.02948 0.0563138 0)
(1.06825 0.0512445 0)
(1.10298 0.0460748 0)
(1.13362 0.0409176 0)
(1.16027 0.0358706 0)
(1.18308 0.0310147 0)
(1.20229 0.0264127 0)
(1.21816 0.0221099 0)
(1.23102 0.0181354 0)
(1.2412 0.0145042 0)
(1.24902 0.0112191 0)
(1.2548 0.00827344 0)
(1.25885 0.00565331 0)
(1.26143 0.00333971 0)
(1.26282 0.00131051 0)
(1.26321 -0.000458023 0)
(1.26282 -0.00198994 0)
(1.2618 -0.00330867 0)
(1.26029 -0.00443635 0)
(1.25842 -0.00539341 0)
(1.25626 -0.00619837 0)
(1.25391 -0.00686779 0)
(1.25143 -0.00741627 0)
(1.24886 -0.00785661 0)
(1.24626 -0.00819999 0)
(1.24364 -0.00845613 0)
(1.24104 -0.00863347 0)
(1.23847 -0.0087394 0)
(1.23595 -0.00878038 0)
(1.2335 -0.00876211 0)
(1.23112 -0.00868965 0)
(1.22883 -0.00856753 0)
(1.22662 -0.00839982 0)
(1.2245 -0.00819025 0)
(1.22249 -0.00794221 0)
(1.22057 -0.00765884 0)
(1.21876 -0.00734305 0)
(1.21705 -0.00699756 0)
(1.21545 -0.00662492 0)
(1.21396 -0.00622754 0)
(1.21258 -0.00580769 0)
(1.21132 -0.00536754 0)
(1.21016 -0.00490917 0)
(1.20912 -0.00443456 0)
(1.20819 -0.00394563 0)
(1.20738 -0.00344422 0)
(1.20669 -0.00293211 0)
(1.20611 -0.00241105 0)
(1.20564 -0.00188271 0)
(1.20529 -0.00134877 0)
(1.20506 -0.000810892 0)
(1.20494 -0.000270592 0)
(0.57802 0.0787426 3.70185e-20)
(0.552991 0.0783556 -4.03617e-20)
(0.552991 0.0783556 -4.03617e-20)
(0.526731 0.0776574 3.48559e-20)
(0.501419 0.0769592 -1.81407e-20)
(0.47623 0.0760578 6.74324e-22)
(0.47623 0.0760578 6.74324e-22)
(0.449134 0.0748478 6.87079e-20)
(0.424118 0.0735601 -1.00622e-20)
(0.399456 0.0720708 -1.23796e-20)
(0.399456 0.0720708 -1.23796e-20)
(0.372263 0.0702791 8.34225e-20)
(0.34827 0.0684091 5.76743e-20)
(0.324868 0.0663481 -4.80946e-20)
(0.324868 0.0663481 -4.80946e-20)
(0.298392 0.0639731 2.45683e-20)
(0.276161 0.0615565 -3.80252e-21)
(0.25475 0.0589691 -1.22387e-20)
(0.234227 0.0562193 9.86963e-22)
(0.234227 0.0562193 9.86963e-22)
(0.210068 0.0531546 2.03607e-20)
(0.191336 0.0501131 3.70495e-20)
(0.17369 0.0469374 -7.75611e-21)
(0.157183 0.0436375 1.86767e-20)
(0.141868 0.0402233 -2.11314e-20)
(0.141868 0.0402233 -2.11314e-20)
(0.122491 0.0365355 -8.04174e-21)
(0.109594 0.0329362 1.11244e-20)
(0.0980298 0.0292543 -1.63623e-20)
(0.0878339 0.0254996 -5.87461e-21)
(0.0790367 0.0216822 -1.05718e-20)
(0.0716648 0.0178118 -3.43183e-21)
(0.0657405 0.0138983 -5.43774e-21)
(0.0612815 0.00995118 3.93239e-21)
(0.0583014 0.00598022 -5.38015e-21)
(0.0568091 0.00199495 -9.34009e-22)
)
;
    }
    procBoundary24to25
    {
        type            processor;
        value           nonuniform List<vector> 
193
(
(0.0918163 -0.00202345 -3.86474e-22)
(0.09324 -0.00606491 -3.44686e-21)
(0.0960829 -0.0100908 -6.61713e-22)
(0.100335 -0.0140908 2.96566e-21)
(0.105983 -0.0180546 -9.16842e-21)
(0.113007 -0.0219719 -9.58035e-22)
(0.121385 -0.0258324 -7.95927e-21)
(0.131087 -0.0296261 -1.11935e-21)
(0.131087 -0.0296261 -1.11935e-21)
(0.147493 -0.0333069 2.884e-20)
(0.159631 -0.0369322 2.85567e-21)
(0.172973 -0.0404609 -1.60903e-20)
(0.187473 -0.0438835 -8.52605e-21)
(0.203085 -0.0471907 -9.70568e-21)
(0.219755 -0.0503735 2.62954e-20)
(0.219755 -0.0503735 2.62954e-20)
(0.241946 -0.0533295 9.87994e-21)
(0.260376 -0.0562345 -3.06168e-20)
(0.27968 -0.0589914 -1.02918e-20)
(0.299793 -0.061593 2.33682e-20)
(0.299793 -0.061593 2.33682e-20)
(0.324322 -0.0638986 4.38956e-22)
(0.345624 -0.0661722 -4.25044e-21)
(0.367525 -0.0682743 -2.43136e-20)
(0.389955 -0.0702006 -1.39364e-20)
(0.389955 -0.0702006 -1.39364e-20)
(0.415521 -0.0718005 -3.05303e-20)
(0.438534 -0.0733762 -3.45038e-20)
(0.461859 -0.0747702 6.95707e-20)
(0.461859 -0.0747702 6.95707e-20)
(0.487303 -0.075843 6.6022e-20)
(0.510767 -0.0768877 1.23546e-20)
(0.534334 -0.0777516 -4.14067e-20)
(0.534334 -0.0777516 -4.14067e-20)
(0.55901 -0.0783659 -4.17875e-20)
(0.582313 -0.0789633 -4.75306e-20)
(0.618105 -0.0793033 0)
(0.670754 -0.0796304 0)
(0.723653 -0.0791174 0)
(0.776095 -0.0778242 0)
(0.82741 -0.0758233 0)
(0.876979 -0.0731722 0)
(0.924251 -0.0699506 0)
(0.968758 -0.0662527 0)
(1.01013 -0.0621804 0)
(1.04808 -0.0578392 0)
(1.08245 -0.0533327 0)
(1.11317 -0.0487589 0)
(1.14025 -0.0442059 0)
(1.1638 -0.0397503 0)
(1.18397 -0.035455 0)
(1.20098 -0.0313693 0)
(1.2151 -0.027529 0)
(1.22658 -0.0239574 0)
(1.23572 -0.0206666 0)
(1.2428 -0.0176598 0)
(1.24809 -0.0149322 0)
(1.25186 -0.0124737 0)
(1.25435 -0.0102699 0)
(1.25575 -0.00830381 0)
(1.25628 -0.00655707 0)
(1.2561 -0.00501086 0)
(1.25534 -0.00364671 0)
(1.25414 -0.00244703 0)
(1.25259 -0.00139539 0)
(1.25078 -0.000476809 0)
(1.25078 -0.000476809 0)
(1.24824 -0.000736352 1.05767e-27)
(1.24618 -9.65628e-06 0)
(1.24403 0.000620504 0)
(1.24182 0.00116343 0)
(1.23959 0.00162731 0)
(1.23737 0.00201931 0)
(1.23516 0.00234578 0)
(1.23299 0.00261231 0)
(1.23087 0.00282386 -9.20847e-28)
(1.22882 0.00298489 9.06764e-28)
(1.22683 0.00309941 0)
(1.22491 0.00317107 0)
(1.22308 0.00320321 0)
(1.22134 0.00319892 0)
(1.21968 0.00316108 0)
(1.21812 0.00309238 0)
(1.21665 0.00299537 0)
(1.21528 0.00287245 -8.18696e-28)
(1.21401 0.00272593 8.10744e-28)
(1.21284 0.002558 0)
(1.21178 0.00237078 0)
(1.21082 0.00216633 0)
(1.20996 0.00194662 0)
(1.20921 0.00171358 0)
(1.20856 0.00146908 -7.77075e-28)
(1.20802 0.00121496 -1.05909e-27)
(1.20759 0.000953021 0)
(1.20727 0.000685026 0)
(1.20705 0.00041277 0)
(1.20694 0.000137902 0)
(0.618104 0.0793031 0)
(0.670754 0.0796302 0)
(0.723653 0.0791172 0)
(0.776094 0.077824 0)
(0.82741 0.0758231 0)
(0.876979 0.0731721 0)
(0.924251 0.0699505 0)
(0.968758 0.0662525 0)
(1.01012 0.0621803 0)
(1.04808 0.057839 0)
(1.08245 0.0533326 0)
(1.11317 0.0487587 0)
(1.14025 0.0442058 0)
(1.1638 0.0397501 0)
(1.18397 0.0354549 0)
(1.20098 0.0313692 0)
(1.2151 0.0275289 0)
(1.22658 0.0239573 0)
(1.23572 0.0206666 0)
(1.2428 0.0176597 0)
(1.24809 0.0149321 0)
(1.25186 0.0124736 0)
(1.25435 0.0102698 0)
(1.25575 0.00830375 0)
(1.25628 0.00655701 0)
(1.2561 0.00501081 0)
(1.25534 0.00364667 0)
(1.25414 0.00244698 0)
(1.25259 0.00139535 0)
(1.25078 0.000476772 0)
(1.24878 -0.000322269 0)
(1.24665 -0.00101382 0)
(1.24443 -0.00160854 0)
(1.24217 -0.00211581 0)
(1.23988 -0.00254385 0)
(1.23761 -0.0028999 0)
(1.23536 -0.0031903 0)
(1.23315 -0.00342068 0)
(1.23099 -0.00359603 0)
(1.2289 -0.00372081 0)
(1.22688 -0.00379906 0)
(1.22494 -0.00383444 0)
(1.22308 -0.0038303 0)
(1.22131 -0.00378975 0)
(1.21963 -0.00371568 0)
(1.21805 -0.00361079 0)
(1.21656 -0.00347764 0)
(1.21517 -0.00331863 0)
(1.21389 -0.00313609 0)
(1.21271 -0.0029322 0)
(1.21163 -0.0027091 0)
(1.21065 -0.00246882 0)
(1.20979 -0.00221335 0)
(1.20903 -0.0019446 0)
(1.20837 -0.00166446 0)
(1.20783 -0.00137474 0)
(1.20739 -0.00107725 0)
(1.20706 -0.000773736 0)
(1.20684 -0.000465986 0)
(1.20674 -0.00015564 0)
(0.582312 0.0789631 4.77258e-20)
(0.55901 0.0783657 4.1723e-20)
(0.534334 0.0777514 4.0814e-20)
(0.534334 0.0777514 4.0814e-20)
(0.510767 0.0768875 -1.09452e-20)
(0.487303 0.0758428 -6.685e-20)
(0.461859 0.07477 -6.93407e-20)
(0.461859 0.07477 -6.93407e-20)
(0.438534 0.0733759 3.3257e-20)
(0.415521 0.0718003 3.12078e-20)
(0.389955 0.0702004 1.38666e-20)
(0.389955 0.0702004 1.38666e-20)
(0.367524 0.0682741 2.43853e-20)
(0.345623 0.0661719 5.54729e-21)
(0.324322 0.0638983 -3.02439e-21)
(0.299793 0.0615927 -2.31065e-20)
(0.299793 0.0615927 -2.31065e-20)
(0.27968 0.0589912 9.183e-21)
(0.260376 0.0562343 2.98266e-20)
(0.241946 0.0533293 -8.34122e-21)
(0.219755 0.0503732 -2.67503e-20)
(0.219755 0.0503732 -2.67503e-20)
(0.203085 0.0471904 1.1159e-20)
(0.187473 0.0438832 8.13805e-21)
(0.172973 0.0404606 1.59118e-20)
(0.159631 0.0369319 -3.44076e-21)
(0.147493 0.0333067 -2.83501e-20)
(0.131087 0.0296258 4.36511e-22)
(0.131087 0.0296258 4.36511e-22)
(0.121384 0.0258322 8.42049e-21)
(0.113007 0.0219716 5.69033e-22)
(0.105983 0.0180543 9.42964e-21)
(0.100335 0.0140906 -2.92454e-21)
(0.0960828 0.0100906 9.44441e-22)
(0.09324 0.00606465 3.4683e-21)
(0.0918163 0.00202319 3.88005e-22)
)
;
    }
}


// ************************************************************************* //
