/*--------------------------------*- C++ -*----------------------------------*\
  =========                 |
  \\      /  F ield         | OpenFOAM: The Open Source CFD Toolbox
   \\    /   O peration     | Website:  https://openfoam.org
    \\  /    A nd           | Version:  7
     \\/     M anipulation  |
\*---------------------------------------------------------------------------*/
FoamFile
{
    version     2.0;
    format      ascii;
    class       volScalarField;
    location    "55";
    object      p;
}
// * * * * * * * * * * * * * * * * * * * * * * * * * * * * * * * * * * * * * //

dimensions      [0 2 -2 0 0 0 0];

internalField   nonuniform List<scalar> 
183
(
-0.34334
-0.344962
-0.346842
-0.348955
-0.351275
-0.352573
-0.353772
-0.354903
-0.356421
-0.357372
-0.359197
-0.359958
-0.360375
-0.362647
-0.362908
-0.365428
-0.365519
-0.365474
-0.368206
-0.367973
-0.367657
-0.370973
-0.370522
-0.369986
-0.373148
-0.372356
-0.371522
-0.374794
-0.373666
-0.372522
-0.375886
-0.374417
-0.376409
-0.374574
-0.378555
-0.376342
-0.374056
-0.375584
-0.372655
-0.373844
-0.369914
-0.365296
-0.370535
-0.3651
-0.358677
-0.364817
-0.357397
-0.348849
-0.346326
-0.335739
-0.324311
-0.332067
-0.319928
-0.307351
-0.302356
-0.289256
-0.276239
-0.270762
-0.257829
-0.245407
-0.239815
-0.248272
-0.276113
-0.265129
-0.254588
-0.303462
-0.292628
-0.281872
-0.32796
-0.318208
-0.308144
-0.33884
-0.330664
-0.321899
-0.352093
-0.346412
-0.340074
-0.35514
-0.350887
-0.346214
-0.356544
-0.353136
-0.360444
-0.35726
-0.354216
-0.360901
-0.357844
-0.354926
-0.361337
-0.35847
-0.355649
-0.359069
-0.356439
-0.359473
-0.357173
-0.354781
-0.35952
-0.357675
-0.355612
-0.359114
-0.357796
-0.356166
-0.357469
-0.356321
-0.354897
-0.356729
-0.356033
-0.355044
-0.355356
-0.354757
-0.354446
-0.354101
-0.353597
-0.353212
-0.352922
-0.351999
-0.351786
-0.350782
-0.350671
-0.349547
-0.348295
-0.347034
-0.345779
-0.214034
-0.171883
-0.139763
-0.11671
-0.0969866
-0.0818637
-0.0692269
-0.0589116
-0.0503324
-0.0431663
-0.0371257
-0.0319167
-0.0276151
-0.0238807
-0.0208501
-0.0183084
-0.0162181
-0.0146037
-0.0133413
-0.0126605
-0.0121363
-0.208847
-0.167653
-0.13605
-0.113516
-0.0942367
-0.0795292
-0.067195
-0.0571458
-0.221258
-0.182182
-0.149901
-0.126488
-0.10592
-0.0898165
-0.0758816
-0.0646138
-0.0550536
-0.0469391
-0.0403272
-0.0346801
-0.154555
-0.130461
-0.109269
-0.092611
-0.0782767
-0.0666393
-0.0567935
-0.0484514
-0.0416349
-0.0358311
-0.031023
-0.0271565
-0.0238261
-0.02125
-0.0190612
-0.017479
-0.0163052
-0.0155113
-0.0150805
)
;

boundaryField
{
    inlet
    {
        type            zeroGradient;
    }
    outlet
    {
        type            fixedValue;
        value           nonuniform 0();
    }
    cylinder
    {
        type            zeroGradient;
    }
    top
    {
        type            symmetryPlane;
    }
    bottom
    {
        type            symmetryPlane;
    }
    defaultFaces
    {
        type            empty;
    }
    procBoundary24to23
    {
        type            processor;
        value           nonuniform List<scalar> 
122
(
-0.362083
-0.362083
-0.365067
-0.368301
-0.368301
-0.371276
-0.373842
-0.373842
-0.375872
-0.375872
-0.377337
-0.377337
-0.378228
-0.378228
-0.380746
-0.380912
-0.378296
-0.378296
-0.377305
-0.377305
-0.375178
-0.375178
-0.371183
-0.371183
-0.36441
-0.355913
-0.355913
-0.343557
-0.343557
-0.328184
-0.315389
-0.315389
-0.29725
-0.283903
-0.283903
-0.265175
-0.252238
-0.252238
-0.234044
-0.241859
-0.270268
-0.259044
-0.259044
-0.29862
-0.287267
-0.287267
-0.324937
-0.314272
-0.314272
-0.337255
-0.337255
-0.353145
-0.346344
-0.346344
-0.357215
-0.357215
-0.359129
-0.359129
-0.363448
-0.359958
-0.359958
-0.36375
-0.36375
-0.364009
-0.364009
-0.364121
-0.361608
-0.361608
-0.361542
-0.361542
-0.36102
-0.36102
-0.360025
-0.358267
-0.358267
-0.357133
-0.355737
-0.355737
-0.048792
-0.0418173
-0.0359273
-0.0308352
-0.0266349
-0.0229769
-0.0200181
-0.0175307
-0.015479
-0.0138906
-0.01265
-0.0119939
-0.011466
-0.20348
-0.163284
-0.132255
-0.110281
-0.0914478
-0.0771691
-0.0651427
-0.048792
-0.0553603
-0.214749
-0.17668
-0.145235
-0.122533
-0.102569
-0.0870198
-0.073478
-0.0625752
-0.0532974
-0.0454068
-0.0389988
-0.0335072
-0.0300093
-0.0300093
-0.0262637
-0.0230214
-0.0205202
-0.0183816
-0.0168476
-0.0157107
-0.0149347
-0.01451
)
;
    }
    procBoundary24to25
    {
        type            processor;
        value           nonuniform List<scalar> 
134
(
-0.341995
-0.345109
-0.346649
-0.348421
-0.350403
-0.350403
-0.353363
-0.355584
-0.357928
-0.357928
-0.360641
-0.36303
-0.36303
-0.365364
-0.365364
-0.367323
-0.369417
-0.369417
-0.370674
-0.370674
-0.371362
-0.372933
-0.372933
-0.372678
-0.372678
-0.371597
-0.371597
-0.36934
-0.36934
-0.365434
-0.359775
-0.359775
-0.351129
-0.351129
-0.33919
-0.33919
-0.328524
-0.312242
-0.312242
-0.294524
-0.294524
-0.281641
-0.263296
-0.263296
-0.250849
-0.27115
-0.260844
-0.227746
-0.297888
-0.27115
-0.287579
-0.297888
-0.312661
-0.333038
-0.312661
-0.325322
-0.333038
-0.340977
-0.349611
-0.340977
-0.345817
-0.349611
-0.351276
-0.351276
-0.352189
-0.352189
-0.352971
-0.352971
-0.353848
-0.353848
-0.352421
-0.35346
-0.35346
-0.354338
-0.354338
-0.3533
-0.353819
-0.353819
-0.353918
-0.353918
-0.3529
-0.352515
-0.352515
-0.351481
-0.350474
-0.349564
-0.349564
-0.34846
-0.347364
-0.346288
-0.344555
-0.219062
-0.175987
-0.143404
-0.119867
-0.0996986
-0.0841755
-0.0712401
-0.0606587
-0.0518567
-0.0445009
-0.0383091
-0.0329818
-0.0285784
-0.0247668
-0.0216648
-0.0190689
-0.0169393
-0.015298
-0.0140143
-0.01331
-0.0127885
-0.227746
-0.187659
-0.187659
-0.159213
-0.13446
-0.11262
-0.0954078
-0.0806655
-0.0686532
-0.0585183
-0.0499445
-0.0429223
-0.0369606
-0.0320154
-0.0280293
-0.024611
-0.0219601
-0.0197207
-0.0180915
-0.016882
-0.0160704
-0.0156329
)
;
    }
}


// ************************************************************************* //
