/*--------------------------------*- C++ -*----------------------------------*\
  =========                 |
  \\      /  F ield         | OpenFOAM: The Open Source CFD Toolbox
   \\    /   O peration     | Website:  https://openfoam.org
    \\  /    A nd           | Version:  7
     \\/     M anipulation  |
\*---------------------------------------------------------------------------*/
FoamFile
{
    version     2.0;
    format      ascii;
    class       labelList;
    location    "constant/polyMesh";
    object      pointProcAddressing;
}
// * * * * * * * * * * * * * * * * * * * * * * * * * * * * * * * * * * * * * //


626
(
2199
2219
2220
2221
2240
2241
2242
2243
2261
2262
2263
2264
2282
2283
2284
2285
2303
2304
2305
2306
2324
2325
2326
2327
2345
2346
2347
2348
2661
2681
2682
2683
2702
2703
2704
2705
2723
2724
2725
2726
2744
2745
2746
2747
2765
2766
2767
2768
2786
2787
2788
2789
2807
2808
2809
2810
2828
2829
2830
2831
2849
2850
2851
2852
2870
2871
2872
2873
2892
2893
2894
2895
2913
2914
2915
2916
2934
2935
2936
2937
2956
2957
2958
2959
2977
2978
2979
2980
2999
3000
3001
3002
3021
3022
3023
3042
3043
3044
3045
3064
3065
3066
3067
3086
3087
3088
3108
3109
3110
3129
3130
3131
3132
3151
3152
3153
3154
3173
3174
3175
3195
3196
3197
3217
3218
3219
3239
3240
3241
3261
3262
3263
3290
3291
3292
3293
3311
3312
3313
3314
3332
3333
3334
3335
3354
3355
3356
3357
3375
3376
3377
3378
3396
3397
3398
3399
3418
3419
3420
3421
3439
3440
3441
3442
3461
3462
3463
3464
3483
3484
3485
3504
3505
3506
3507
3526
3527
3528
3529
3548
3549
3550
3570
3571
3572
3591
3592
3593
3594
3613
3614
3615
3616
3635
3636
3637
3657
3658
3659
3679
3680
3681
3701
3702
3703
3723
3724
3725
3745
3746
3747
3767
3768
3769
3789
3790
3791
3811
3812
3813
3833
3834
3835
3836
3855
3856
3857
3858
3878
3879
3880
3900
3901
3902
3922
3923
3924
3925
3944
3945
3946
3947
3967
3968
3969
3989
3990
3991
3992
4011
4012
4013
4014
4034
4035
4036
4037
4056
4057
4058
4059
4079
4080
4081
4082
4102
4103
4104
4105
4124
4125
4126
4127
4147
4148
4149
4150
4170
4171
4172
4173
4193
4194
4195
4196
4207
4208
4209
4229
4230
4231
4251
4252
4253
4273
4274
4275
4295
4296
4297
4298
4317
4318
4319
4320
4340
4341
4342
4362
4363
4364
4384
4385
4386
4387
4406
4407
4408
4409
4429
4430
4431
4451
4452
4453
4454
4473
4474
4475
4476
4496
4497
4498
4499
4518
4519
4520
4521
4541
4542
4543
4544
4564
4565
4566
4567
4586
4587
4588
4589
4609
4610
4611
4612
4632
4633
4634
4635
4655
4656
4657
4658
4678
4679
4680
4681
4701
4702
4703
4704
4724
4725
4726
4727
4747
4748
4749
4750
4751
4770
4771
4772
4773
4794
4795
5140
5141
5142
5143
5163
5164
5165
5166
5186
5187
5188
5189
5209
5210
5211
5212
5213
5232
5233
5234
5235
5256
5257
11599
11620
11621
11622
11623
11624
11625
11626
11627
11628
11629
11630
11631
11632
11633
11634
11635
11636
11637
11638
11639
11640
11641
11642
11643
11644
11645
11646
11647
11648
11649
11650
11651
11652
11653
11654
11655
11656
11657
11658
11659
11660
11661
11673
11674
11675
11676
11677
11678
11679
11680
11681
11682
12040
12061
12062
12063
12064
12065
12066
12067
12068
12069
12070
12071
12072
12073
12074
12075
12076
12077
12078
12079
12080
12081
12082
12083
12084
12085
12086
12087
12088
12089
12090
12091
12092
12093
12094
12095
12096
12097
12098
12099
12100
12101
12102
12114
12115
12116
12117
12118
12119
12120
12121
12122
12123
13510
13511
13512
13513
13514
13515
13516
13517
13518
13519
13520
13521
13522
13523
13524
13525
13526
13527
13528
13529
13530
13531
13532
13533
13534
13535
13536
13537
13538
13539
13540
13541
13542
13543
13544
13545
13546
13547
13548
13549
13550
13551
13552
13553
13554
13555
13556
13557
13558
13559
13560
13561
13562
13563
13564
13565
13951
13952
13953
13954
13955
13956
13957
13958
13959
13960
13961
13962
13963
13964
13965
13966
13967
13968
13969
13970
13971
13972
13973
13974
13975
13976
13977
13978
13979
13980
13981
13982
13983
13984
13985
13986
13987
13988
13989
13990
13991
13992
13993
13994
13995
13996
13997
13998
13999
14000
14001
14002
14003
14004
14005
14006
)


// ************************************************************************* //
