/*--------------------------------*- C++ -*----------------------------------*\
  =========                 |
  \\      /  F ield         | OpenFOAM: The Open Source CFD Toolbox
   \\    /   O peration     | Website:  https://openfoam.org
    \\  /    A nd           | Version:  7
     \\/     M anipulation  |
\*---------------------------------------------------------------------------*/
FoamFile
{
    version     2.0;
    format      ascii;
    class       volScalarField;
    location    "55";
    object      p;
}
// * * * * * * * * * * * * * * * * * * * * * * * * * * * * * * * * * * * * * //

dimensions      [0 2 -2 0 0 0 0];

internalField   nonuniform List<scalar> 
392
(
0.296913
0.275195
0.256588
0.238099
0.220738
0.205061
0.191023
0.178466
0.167259
0.157286
0.148428
0.140571
0.133605
0.127429
0.121953
0.117094
0.11278
0.108946
0.105536
0.1025
0.0997935
0.0973798
0.0952259
0.0933031
0.0915869
0.0900557
0.0886912
0.0874772
0.0864
0.0854476
0.0846099
0.083878
0.0832444
0.082703
0.0822483
0.0818761
0.0815824
0.0813647
0.0812238
0.0811642
0.28083
0.266926
0.254066
0.241507
0.229618
0.218555
0.208294
0.198782
0.189976
0.181834
0.174312
0.167369
0.160965
0.155059
0.149617
0.144604
0.139989
0.135742
0.131836
0.128248
0.124954
0.121933
0.119166
0.116637
0.114328
0.112226
0.110317
0.108589
0.107032
0.105636
0.104393
0.103294
0.102333
0.101505
0.100804
0.100226
0.0997676
0.0994264
0.099198
0.099077
0.272748
0.263464
0.254456
0.245243
0.236135
0.227308
0.218815
0.210685
0.202944
0.19561
0.188689
0.182182
0.176083
0.170381
0.165063
0.160113
0.155513
0.151247
0.147296
0.143641
0.140266
0.137155
0.134291
0.13166
0.129248
0.127042
0.125031
0.123205
0.121553
0.120067
0.11874
0.117564
0.116533
0.115642
0.114887
0.114263
0.113768
0.113399
0.113155
0.113039
0.324608
0.294501
0.281577
0.332504
0.298304
0.283986
0.337389
0.300708
0.28545
0.34232
0.303281
0.287001
0.34737
0.305969
0.288609
0.352206
0.308574
0.29015
0.356784
0.311066
0.291604
0.361139
0.313454
0.292982
0.365284
0.315737
0.294286
0.369215
0.317906
0.295514
0.372928
0.319953
0.296665
0.37642
0.321873
0.297737
0.426672
0.379685
0.32366
0.29873
0.433819
0.382717
0.325311
0.299644
0.440295
0.385507
0.32682
0.300477
0.446108
0.388049
0.328185
0.301229
0.451262
0.390334
0.329403
0.455763
0.392353
0.330472
0.459614
0.3941
0.331391
0.462819
0.395567
0.332158
0.465381
0.396748
0.332772
0.467301
0.397639
0.333234
0.46858
0.398235
0.333542
0.469219
0.398534
0.333696
0.469219
0.398534
0.333696
0.46858
0.398235
0.333542
0.467301
0.397639
0.333234
0.465381
0.396748
0.332772
0.462819
0.395567
0.332158
0.459614
0.3941
0.331391
0.455763
0.392353
0.330472
0.451262
0.390334
0.329403
0.446108
0.388049
0.328185
0.301229
0.440295
0.385507
0.32682
0.300477
0.433819
0.382717
0.325311
0.299644
0.426672
0.379685
0.32366
0.29873
0.37642
0.321873
0.297737
0.372928
0.319953
0.296665
0.369215
0.317906
0.295514
0.365284
0.315737
0.294286
0.361139
0.313454
0.292982
0.356784
0.311066
0.291604
0.352206
0.308574
0.29015
0.34737
0.305969
0.288609
0.34232
0.303281
0.287001
0.337389
0.300708
0.28545
0.332504
0.298304
0.283986
0.324608
0.294501
0.281577
0.296913
0.28083
0.272748
0.275195
0.266926
0.263464
0.256588
0.254066
0.254456
0.238099
0.241507
0.245243
0.220738
0.229618
0.236135
0.205061
0.218555
0.227308
0.191023
0.208294
0.218815
0.178466
0.198782
0.210685
0.167259
0.189976
0.202944
0.157286
0.181834
0.19561
0.148428
0.174312
0.188689
0.140571
0.167369
0.182182
0.133605
0.160965
0.176083
0.127429
0.155059
0.170381
0.121953
0.149617
0.165063
0.117094
0.144604
0.160113
0.11278
0.139989
0.155513
0.108946
0.135742
0.151247
0.105536
0.131836
0.147296
0.1025
0.128248
0.143641
0.0997935
0.124954
0.140266
0.0973798
0.121933
0.137155
0.0952259
0.119166
0.134291
0.0933031
0.116637
0.13166
0.0915869
0.114328
0.129248
0.0900557
0.112226
0.127042
0.0886912
0.110317
0.125031
0.0874772
0.108589
0.123205
0.0864
0.107032
0.121553
0.0854476
0.105636
0.120067
0.0846099
0.104393
0.11874
0.083878
0.103294
0.117564
0.0832445
0.102333
0.116533
0.082703
0.101505
0.115642
0.0822483
0.100804
0.114887
0.0818761
0.100226
0.114263
0.0815824
0.0997676
0.113768
0.0813647
0.0994264
0.113399
0.0812238
0.0991981
0.113155
0.0811642
0.099077
0.113039
)
;

boundaryField
{
    inlet
    {
        type            zeroGradient;
    }
    outlet
    {
        type            fixedValue;
        value           nonuniform 0();
    }
    cylinder
    {
        type            zeroGradient;
    }
    top
    {
        type            symmetryPlane;
    }
    bottom
    {
        type            symmetryPlane;
    }
    defaultFaces
    {
        type            empty;
    }
    procBoundary2to1
    {
        type            processor;
        value           nonuniform List<scalar> 
130
(
0.253748
0.247799
0.241757
0.235528
0.229287
0.223124
0.21708
0.211182
0.205455
0.19992
0.194591
0.189477
0.184584
0.179916
0.175474
0.171256
0.16726
0.163483
0.159921
0.156569
0.153421
0.150472
0.147718
0.145151
0.142766
0.140559
0.138524
0.136655
0.134949
0.133401
0.132007
0.130762
0.129665
0.128711
0.127899
0.127225
0.126688
0.126287
0.126019
0.125881
0.258642
0.259977
0.260802
0.261692
0.262617
0.263508
0.264355
0.265162
0.265932
0.266661
0.267349
0.267994
0.268595
0.269151
0.26966
0.270122
0.301899
0.301899
0.302487
0.302992
0.303414
0.303752
0.304006
0.304176
0.30426
0.30426
0.304176
0.304006
0.303752
0.303414
0.302992
0.302487
0.301899
0.301899
0.270122
0.26966
0.269151
0.268595
0.267994
0.267349
0.266661
0.265932
0.265162
0.264355
0.263508
0.262617
0.261692
0.260802
0.259977
0.258642
0.253748
0.247799
0.241757
0.235528
0.229287
0.223124
0.21708
0.211182
0.205455
0.19992
0.194591
0.189477
0.184584
0.179916
0.175474
0.171256
0.16726
0.163483
0.159921
0.156569
0.153421
0.150472
0.147718
0.145151
0.142766
0.140559
0.138524
0.136655
0.134949
0.133401
0.132007
0.130762
0.129665
0.128711
0.127899
0.127225
0.126688
0.126287
0.126019
0.125881
)
;
    }
    procBoundary2to3
    {
        type            processor;
        value           nonuniform List<scalar> 
130
(
0.45548
0.469296
0.481975
0.493483
0.503788
0.512864
0.520688
0.527239
0.5325
0.536457
0.539102
0.540425
0.540425
0.539102
0.536457
0.5325
0.527239
0.520688
0.512864
0.503788
0.493483
0.481975
0.469296
0.45548
0.232594
0.209153
0.193322
0.177025
0.162105
0.149514
0.138884
0.12973
0.121766
0.114808
0.10871
0.103345
0.0986116
0.0944255
0.0907176
0.087429
0.0845099
0.0819169
0.0796127
0.0775642
0.0757429
0.0741233
0.0726832
0.0714031
0.0702658
0.0692563
0.0683613
0.0675692
0.0668702
0.0662553
0.0657171
0.0652489
0.0648453
0.0645015
0.0642136
0.0639781
0.0637927
0.0636552
0.0635625
0.0635112
0.282346
0.301768
0.316782
0.330781
0.34433
0.357174
0.369251
0.380592
0.391215
0.401126
0.410334
0.418846
0.418846
0.418846
0.418846
0.410334
0.401126
0.391215
0.380592
0.369251
0.357174
0.34433
0.330781
0.316782
0.301768
0.282346
0.232594
0.209153
0.193322
0.177025
0.162105
0.149514
0.138884
0.12973
0.121766
0.114808
0.10871
0.103345
0.0986116
0.0944255
0.0907176
0.087429
0.0845099
0.0819169
0.0796127
0.0775643
0.0757429
0.0741233
0.0726832
0.0714031
0.0702659
0.0692563
0.0683613
0.0675693
0.0668702
0.0662553
0.0657171
0.0652489
0.0648454
0.0645016
0.0642136
0.0639781
0.0637928
0.0636552
0.0635625
0.0635112
)
;
    }
}


// ************************************************************************* //
