/*--------------------------------*- C++ -*----------------------------------*\
  =========                 |
  \\      /  F ield         | OpenFOAM: The Open Source CFD Toolbox
   \\    /   O peration     | Website:  https://openfoam.org
    \\  /    A nd           | Version:  7
     \\/     M anipulation  |
\*---------------------------------------------------------------------------*/
FoamFile
{
    version     2.0;
    format      ascii;
    class       volScalarField;
    location    "60";
    object      p;
}
// * * * * * * * * * * * * * * * * * * * * * * * * * * * * * * * * * * * * * //

dimensions      [0 2 -2 0 0 0 0];

internalField   nonuniform List<scalar> 
928
(
-0.0103615
-0.0101302
-0.00990192
-0.00967672
-0.0094545
-0.0103644
-0.010133
-0.00990472
-0.00967946
-0.00945719
-0.0103703
-0.0101387
-0.00991031
-0.00968495
-0.00946257
-0.010379
-0.0101473
-0.00991871
-0.00969318
-0.00947064
-0.0103906
-0.0101587
-0.00992989
-0.00970414
-0.00948139
-0.0104052
-0.0101729
-0.00994386
-0.00971784
-0.00949481
-0.0104226
-0.01019
-0.0099606
-0.00973425
-0.00951091
-0.0104429
-0.0102099
-0.00998011
-0.00975338
-0.00952966
-0.010466
-0.0102326
-0.0100024
-0.00977521
-0.00955106
-0.010492
-0.0102581
-0.0100274
-0.00979972
-0.00957509
-0.00935342
-0.0105209
-0.0102864
-0.0100551
-0.00982691
-0.00960174
-0.00937955
-0.0105526
-0.0103175
-0.0100856
-0.00985675
-0.009631
-0.00940823
-0.0103513
-0.0101187
-0.00988923
-0.00966284
-0.00943945
-0.0103878
-0.0101545
-0.00992433
-0.00969725
-0.00947318
-0.010427
-0.0101929
-0.00996202
-0.0097342
-0.0095094
-0.0104689
-0.010234
-0.0100023
-0.00977367
-0.00954809
-0.0105134
-0.0102777
-0.0100451
-0.00981563
-0.00958923
-0.0105606
-0.0103239
-0.0100904
-0.00986006
-0.00963279
-0.0106103
-0.0103726
-0.0101382
-0.00990693
-0.00967874
-0.0106626
-0.0104239
-0.0101885
-0.0099562
-0.00972704
-0.0107174
-0.0104776
-0.0102411
-0.0100078
-0.00977768
-0.0107747
-0.0105338
-0.0102962
-0.0100618
-0.0098306
-0.0108344
-0.0105923
-0.0103536
-0.0101181
-0.00988578
-0.00965655
-0.0106532
-0.0104133
-0.0101767
-0.00994319
-0.00971283
-0.0107165
-0.0104753
-0.0102375
-0.0100028
-0.00977128
-0.0107818
-0.0105394
-0.0103003
-0.0100644
-0.00983167
-0.0108489
-0.0106052
-0.0103648
-0.0101277
-0.0098937
-0.0109194
-0.0106743
-0.0104325
-0.0101941
-0.00995884
-0.0109985
-0.0107518
-0.0105085
-0.0102685
-0.0100318
-0.0110738
-0.0108255
-0.0105806
-0.0103391
-0.0101008
-0.0111069
-0.0108586
-0.0106136
-0.0103721
-0.0101338
-0.0112529
-0.0110023
-0.0107552
-0.0105114
-0.0102709
-0.0113902
-0.0111377
-0.0108886
-0.0106429
-0.0104005
-0.0115328
-0.0112782
-0.0110271
-0.0107795
-0.0105351
-0.0116845
-0.0114278
-0.0111746
-0.0109248
-0.0106784
-0.011844
-0.0115851
-0.0113297
-0.0110777
-0.0108291
-0.0120109
-0.0117496
-0.0114919
-0.0112376
-0.0109868
-0.0121848
-0.0119211
-0.011661
-0.0114044
-0.0111512
-0.0123655
-0.0120993
-0.0118367
-0.0115776
-0.0113219
-0.0125523
-0.0122836
-0.0120184
-0.0117568
-0.0114986
-0.0127448
-0.0124735
-0.0122057
-0.0119415
-0.0116808
-0.0114234
-0.0129425
-0.0126684
-0.012398
-0.0121312
-0.0118678
-0.0116079
-0.0131447
-0.0128679
-0.0125948
-0.0123252
-0.0120592
-0.0117966
-0.0133507
-0.0130712
-0.0127953
-0.012523
-0.0122543
-0.011989
-0.0135599
-0.0132777
-0.012999
-0.012724
-0.0124525
-0.0121845
-0.0137717
-0.0134867
-0.0132053
-0.0129275
-0.0126533
-0.0123825
-0.0139854
-0.0136976
-0.0134134
-0.0131329
-0.0128559
-0.0125824
-0.0142003
-0.0139097
-0.0136227
-0.0133395
-0.0130597
-0.0127835
-0.0144157
-0.0141223
-0.0138327
-0.0135467
-0.0132642
-0.0129853
-0.0146309
-0.0143349
-0.0140425
-0.0137538
-0.0134687
-0.013187
-0.0148455
-0.0145468
-0.0142518
-0.0139604
-0.0136726
-0.0133883
-0.0150587
-0.0147574
-0.0144597
-0.0141657
-0.0138753
-0.0135884
-0.01527
-0.0149661
-0.0146659
-0.0143694
-0.0140764
-0.0137869
-0.0154789
-0.0151725
-0.0148698
-0.0145707
-0.0142752
-0.0139832
-0.0156848
-0.0153761
-0.0150709
-0.0147694
-0.0144714
-0.014177
-0.0158874
-0.0155763
-0.0152688
-0.0149649
-0.0146646
-0.0143677
-0.0160863
-0.0157728
-0.015463
-0.0151568
-0.0148542
-0.014555
-0.0162809
-0.0159653
-0.0156533
-0.0153449
-0.0150399
-0.0147385
-0.0164711
-0.0161533
-0.0158392
-0.0155286
-0.0152215
-0.0149179
-0.0166564
-0.0163366
-0.0160204
-0.0157078
-0.0153986
-0.0150929
-0.016515
-0.0161968
-0.0158822
-0.015571
-0.0152632
-0.0166881
-0.0163681
-0.0160515
-0.0157384
-0.0154287
-0.0168558
-0.016534
-0.0162156
-0.0159006
-0.0155891
-0.017018
-0.0166944
-0.0163743
-0.0160575
-0.0157442
-0.0171744
-0.0168492
-0.0165274
-0.016209
-0.0158939
-0.017325
-0.0169982
-0.0166748
-0.0163548
-0.0160381
-0.0174696
-0.0171414
-0.0168165
-0.0164949
-0.0161767
-0.0176083
-0.0172786
-0.0169523
-0.0166293
-0.0163096
-0.0177408
-0.0174098
-0.0170822
-0.0167578
-0.0164368
-0.0178673
-0.017535
-0.0172061
-0.0168805
-0.0165581
-0.0179876
-0.0176542
-0.0173241
-0.0169972
-0.0166736
-0.0181018
-0.0177673
-0.017436
-0.017108
-0.0167832
-0.0182098
-0.0178742
-0.0175419
-0.0172128
-0.0168869
-0.0183116
-0.0179751
-0.0176418
-0.0173117
-0.0169848
-0.0184073
-0.0180699
-0.0177357
-0.0174047
-0.0170768
-0.0184969
-0.0181586
-0.0178236
-0.0174916
-0.0171629
-0.0185803
-0.0182413
-0.0179054
-0.0175727
-0.0172431
-0.0186577
-0.0183179
-0.0179813
-0.0176479
-0.0173175
-0.0187289
-0.0183885
-0.0180513
-0.0177171
-0.0173861
-0.0187941
-0.0184532
-0.0181153
-0.0177806
-0.0174489
-0.0188533
-0.0185118
-0.0181734
-0.0178381
-0.0175058
-0.0189065
-0.0185645
-0.0182256
-0.0178898
-0.017557
-0.0189537
-0.0186113
-0.018272
-0.0179357
-0.0176025
-0.018995
-0.0186522
-0.0183125
-0.0179759
-0.0176422
-0.0190303
-0.0186872
-0.0183472
-0.0180102
-0.0176763
-0.0190597
-0.0187164
-0.0183761
-0.0180388
-0.0177046
-0.0190832
-0.0187397
-0.0183992
-0.0180617
-0.0177272
-0.0191008
-0.0187571
-0.0184165
-0.0180789
-0.0177442
-0.0191126
-0.0187688
-0.018428
-0.0180903
-0.0177555
-0.0191184
-0.0187746
-0.0184338
-0.018096
-0.0177612
-0.0111069
-0.0112529
-0.0113903
-0.0115328
-0.0116845
-0.011844
-0.0120109
-0.0121848
-0.0123655
-0.0125523
-0.0127448
-0.0129425
-0.0131447
-0.0133507
-0.0135599
-0.0137717
-0.0139854
-0.0142003
-0.0144157
-0.0146309
-0.0148455
-0.0150587
-0.01527
-0.0154789
-0.0156849
-0.0158875
-0.0160863
-0.0162809
-0.0164711
-0.0166564
-0.0168367
-0.0170117
-0.0171812
-0.0173451
-0.0175031
-0.0176552
-0.0178013
-0.0179414
-0.0180752
-0.0182029
-0.0183244
-0.0184396
-0.0185486
-0.0186514
-0.018748
-0.0188384
-0.0189226
-0.0190006
-0.0190725
-0.0191383
-0.019198
-0.0192516
-0.0192992
-0.0193408
-0.0193765
-0.0194061
-0.0194298
-0.0194476
-0.0194594
-0.0194653
-0.0108586
-0.0110023
-0.0111377
-0.0112782
-0.0114278
-0.0115851
-0.0117496
-0.0119211
-0.0120993
-0.0122836
-0.0124735
-0.0126684
-0.0128679
-0.0130712
-0.0132777
-0.0134867
-0.0136976
-0.0139097
-0.0141223
-0.0143349
-0.0145468
-0.0147574
-0.0149661
-0.0151725
-0.0153761
-0.0155763
-0.0157728
-0.0159653
-0.0161533
-0.0163366
-0.016515
-0.0166881
-0.0168558
-0.017018
-0.0171744
-0.017325
-0.0174696
-0.0176083
-0.0177408
-0.0178673
-0.0179876
-0.0181018
-0.0182098
-0.0183116
-0.0184073
-0.0184969
-0.0185803
-0.0186577
-0.0187289
-0.0187941
-0.0188533
-0.0189065
-0.0189537
-0.018995
-0.0190303
-0.0190597
-0.0190832
-0.0191008
-0.0191126
-0.0191184
-0.0106136
-0.0107552
-0.0108886
-0.0110271
-0.0111746
-0.0113297
-0.0114919
-0.011661
-0.0118367
-0.0120184
-0.0122057
-0.012398
-0.0125948
-0.0127953
-0.012999
-0.0132053
-0.0134134
-0.0136228
-0.0138327
-0.0140425
-0.0142518
-0.0144597
-0.0146659
-0.0148698
-0.0150709
-0.0152688
-0.015463
-0.0156533
-0.0158392
-0.0160205
-0.0161968
-0.0163681
-0.016534
-0.0166944
-0.0168492
-0.0169982
-0.0171414
-0.0172786
-0.0174098
-0.017535
-0.0176542
-0.0177673
-0.0178742
-0.0179751
-0.0180699
-0.0181586
-0.0182413
-0.0183179
-0.0183885
-0.0184532
-0.0185118
-0.0185645
-0.0186113
-0.0186522
-0.0186872
-0.0187164
-0.0187397
-0.0187571
-0.0187688
-0.0187746
-0.0103721
-0.0105114
-0.0106429
-0.0107795
-0.0109249
-0.0110777
-0.0112376
-0.0114044
-0.0115776
-0.0117568
-0.0119415
-0.0121312
-0.0123252
-0.012523
-0.012724
-0.0129275
-0.0131329
-0.0133395
-0.0135467
-0.0137538
-0.0139604
-0.0141657
-0.0143694
-0.0145707
-0.0147694
-0.0149649
-0.0151568
-0.0153449
-0.0155286
-0.0157078
-0.0158822
-0.0160515
-0.0162156
-0.0163743
-0.0165274
-0.0166748
-0.0168165
-0.0169523
-0.0170822
-0.0172061
-0.0173241
-0.017436
-0.0175419
-0.0176418
-0.0177357
-0.0178236
-0.0179054
-0.0179813
-0.0180513
-0.0181153
-0.0181734
-0.0182256
-0.018272
-0.0183125
-0.0183472
-0.0183761
-0.0183992
-0.0184165
-0.018428
-0.0184338
-0.0101338
-0.0102709
-0.0104005
-0.0105351
-0.0106784
-0.0108291
-0.0109868
-0.0111512
-0.011322
-0.0114986
-0.0116808
-0.0118678
-0.0120592
-0.0122543
-0.0124525
-0.0126533
-0.0128559
-0.0130597
-0.0132642
-0.0134687
-0.0136726
-0.0138753
-0.0140764
-0.0142752
-0.0144714
-0.0146646
-0.0148542
-0.0150399
-0.0152215
-0.0153986
-0.015571
-0.0157384
-0.0159006
-0.0160576
-0.016209
-0.0163548
-0.016495
-0.0166293
-0.0167578
-0.0168805
-0.0169972
-0.017108
-0.0172128
-0.0173117
-0.0174047
-0.0174917
-0.0175727
-0.0176479
-0.0177172
-0.0177806
-0.0178381
-0.0178898
-0.0179357
-0.0179759
-0.0180102
-0.0180389
-0.0180617
-0.0180789
-0.0180903
-0.018096
-0.0110738
-0.0108255
-0.0105806
-0.0103391
-0.0101008
-0.0109985
-0.0107518
-0.0105085
-0.0102685
-0.0100318
-0.0109194
-0.0106743
-0.0104325
-0.0101941
-0.00995885
-0.0108489
-0.0106052
-0.0103648
-0.0101277
-0.0098937
-0.0107818
-0.0105394
-0.0103003
-0.0100644
-0.00983168
-0.0107165
-0.0104753
-0.0102375
-0.0100028
-0.00977128
-0.0106533
-0.0104133
-0.0101767
-0.00994319
-0.00971284
-0.0108344
-0.0105923
-0.0103536
-0.0101181
-0.00988578
-0.00965655
-0.0107747
-0.0105338
-0.0102962
-0.0100618
-0.0098306
-0.0107174
-0.0104776
-0.0102411
-0.0100079
-0.00977768
-0.0106626
-0.0104239
-0.0101885
-0.00995621
-0.00972705
-0.0106103
-0.0103726
-0.0101382
-0.00990693
-0.00967874
-0.0105606
-0.0103239
-0.0100904
-0.00986006
-0.00963279
-0.0105134
-0.0102777
-0.0100451
-0.00981563
-0.00958923
-0.0104689
-0.010234
-0.0100023
-0.00977367
-0.00954809
-0.010427
-0.0101929
-0.00996202
-0.0097342
-0.0095094
-0.0103878
-0.0101545
-0.00992433
-0.00969725
-0.00947318
-0.0103513
-0.0101187
-0.00988923
-0.00966284
-0.00943945
-0.0105526
-0.0103175
-0.0100856
-0.00985675
-0.009631
-0.00940823
-0.0105209
-0.0102864
-0.0100551
-0.00982691
-0.00960174
-0.00937955
-0.010492
-0.0102581
-0.0100274
-0.00979972
-0.00957509
-0.00935342
-0.010466
-0.0102326
-0.0100024
-0.00977521
-0.00955106
-0.0104429
-0.0102099
-0.00998012
-0.00975338
-0.00952966
-0.0104226
-0.01019
-0.00996061
-0.00973425
-0.00951091
-0.0104052
-0.0101729
-0.00994386
-0.00971784
-0.00949482
-0.0103906
-0.0101587
-0.00992989
-0.00970414
-0.00948139
-0.010379
-0.0101473
-0.00991871
-0.00969318
-0.00947064
-0.0103703
-0.0101387
-0.00991031
-0.00968495
-0.00946257
-0.0103644
-0.010133
-0.00990472
-0.00967946
-0.00945719
-0.0103615
-0.0101302
-0.00990192
-0.00967672
-0.0094545
)
;

boundaryField
{
    inlet
    {
        type            zeroGradient;
    }
    outlet
    {
        type            fixedValue;
        value           nonuniform 0();
    }
    cylinder
    {
        type            zeroGradient;
    }
    top
    {
        type            symmetryPlane;
    }
    bottom
    {
        type            symmetryPlane;
    }
    defaultFaces
    {
        type            empty;
    }
    procBoundary50to49
    {
        type            processor;
        value           nonuniform List<scalar> 
185
(
-0.0105961
-0.010599
-0.010605
-0.0106139
-0.0106257
-0.0106406
-0.0106583
-0.010679
-0.0107027
-0.0107292
-0.0107586
-0.0107909
-0.010587
-0.010587
-0.0106243
-0.0106643
-0.010707
-0.0107524
-0.0108005
-0.0108512
-0.0109046
-0.0109604
-0.0110189
-0.0110798
-0.0108965
-0.0108965
-0.010961
-0.0110276
-0.011096
-0.0111679
-0.0112486
-0.0113255
-0.0113587
-0.011507
-0.0116463
-0.0117909
-0.0119448
-0.0121065
-0.0122757
-0.0124521
-0.0126353
-0.0128247
-0.0130199
-0.0132202
-0.0134251
-0.0136339
-0.013846
-0.0140605
-0.014277
-0.0144946
-0.0147127
-0.0149307
-0.0151479
-0.0153637
-0.0155776
-0.015789
-0.0159974
-0.0162023
-0.0164034
-0.0166002
-0.0167925
-0.0169799
-0.0168367
-0.0168367
-0.0170117
-0.0171812
-0.0173451
-0.0175031
-0.0176552
-0.0178013
-0.0179413
-0.0180752
-0.0182029
-0.0183244
-0.0184396
-0.0185486
-0.0186514
-0.018748
-0.0188384
-0.0189226
-0.0190006
-0.0190725
-0.0191383
-0.019198
-0.0192516
-0.0192992
-0.0193408
-0.0193765
-0.0194061
-0.0194298
-0.0194476
-0.0194594
-0.0194653
-0.0113587
-0.011507
-0.0116463
-0.0117909
-0.0119448
-0.0121065
-0.0122757
-0.0124521
-0.0126353
-0.0128247
-0.0130199
-0.0132202
-0.0134251
-0.0136339
-0.013846
-0.0140605
-0.014277
-0.0144946
-0.0147127
-0.0149307
-0.0151479
-0.0153637
-0.0155776
-0.015789
-0.0159974
-0.0162023
-0.0164034
-0.0166002
-0.0167925
-0.0169799
-0.0171621
-0.0173389
-0.0175102
-0.0176757
-0.0178353
-0.017989
-0.0181365
-0.0182779
-0.018413
-0.0185419
-0.0186645
-0.0187808
-0.0188908
-0.0189945
-0.019092
-0.0191831
-0.019268
-0.0193467
-0.0194192
-0.0194856
-0.0195458
-0.0195999
-0.0196479
-0.0196898
-0.0197258
-0.0197557
-0.0197796
-0.0197975
-0.0198094
-0.0198154
-0.0113255
-0.0112486
-0.0111679
-0.011096
-0.0110276
-0.010961
-0.0108965
-0.0108965
-0.0110798
-0.0110189
-0.0109604
-0.0109046
-0.0108512
-0.0108005
-0.0107524
-0.010707
-0.0106643
-0.0106243
-0.010587
-0.010587
-0.0107909
-0.0107586
-0.0107292
-0.0107027
-0.010679
-0.0106583
-0.0106406
-0.0106257
-0.0106139
-0.010605
-0.010599
-0.0105961
)
;
    }
    procBoundary50to51
    {
        type            processor;
        value           nonuniform List<scalar> 
185
(
-0.00923521
-0.00923784
-0.00924312
-0.00925103
-0.00926157
-0.00927473
-0.0092905
-0.00930889
-0.00932986
-0.00932986
-0.00913466
-0.00916027
-0.00918839
-0.00921899
-0.00925205
-0.00928756
-0.00932549
-0.00936582
-0.00940853
-0.00945357
-0.00950093
-0.00955057
-0.00960245
-0.00960245
-0.00943035
-0.00948554
-0.00954284
-0.00960205
-0.00966287
-0.00972675
-0.00979819
-0.00986577
-0.00989867
-0.0100336
-0.0101614
-0.0102941
-0.0104353
-0.0105838
-0.0107392
-0.0109013
-0.0110697
-0.0112439
-0.0112439
-0.0111695
-0.0113513
-0.0115373
-0.0117271
-0.0119199
-0.0121152
-0.0123123
-0.0125107
-0.0127098
-0.0129089
-0.0131074
-0.0133049
-0.0135008
-0.0136947
-0.013886
-0.0140743
-0.0142592
-0.0144405
-0.0146177
-0.0147906
-0.0149589
-0.0151224
-0.0152809
-0.0154342
-0.0155822
-0.0157247
-0.0158618
-0.0159932
-0.0161189
-0.0162389
-0.0163531
-0.0164615
-0.0165642
-0.016661
-0.016752
-0.0168372
-0.0169166
-0.0169902
-0.0170581
-0.0171202
-0.0171766
-0.0172273
-0.0172723
-0.0173116
-0.0173453
-0.0173733
-0.0173957
-0.0174125
-0.0174238
-0.0174293
-0.00989867
-0.0100336
-0.0101614
-0.0102941
-0.0104353
-0.0105838
-0.0107392
-0.0109013
-0.0110697
-0.0112439
-0.0114234
-0.0116079
-0.0117966
-0.011989
-0.0121845
-0.0123825
-0.0125824
-0.0127835
-0.0129853
-0.0131871
-0.0133883
-0.0135884
-0.0137869
-0.0139832
-0.014177
-0.0143677
-0.014555
-0.0147385
-0.0149179
-0.0150929
-0.0152633
-0.0154287
-0.0155891
-0.0157442
-0.0158939
-0.0160381
-0.0161767
-0.0163096
-0.0164368
-0.0165581
-0.0166736
-0.0167832
-0.0168869
-0.0169848
-0.0170768
-0.0171629
-0.0172431
-0.0173175
-0.0173861
-0.0174489
-0.0175058
-0.0175571
-0.0176025
-0.0176423
-0.0176763
-0.0177046
-0.0177273
-0.0177442
-0.0177555
-0.0177612
-0.00986578
-0.00979819
-0.00972676
-0.00966287
-0.00960205
-0.00954284
-0.00948554
-0.00943036
-0.00960245
-0.00960245
-0.00955057
-0.00950093
-0.00945357
-0.00940853
-0.00936583
-0.0093255
-0.00928756
-0.00925205
-0.00921899
-0.00918839
-0.00916028
-0.00913466
-0.00932986
-0.00932986
-0.00930889
-0.0092905
-0.00927473
-0.00926157
-0.00925103
-0.00924312
-0.00923784
-0.00923521
)
;
    }
}


// ************************************************************************* //
