/*--------------------------------*- C++ -*----------------------------------*\
  =========                 |
  \\      /  F ield         | OpenFOAM: The Open Source CFD Toolbox
   \\    /   O peration     | Website:  https://openfoam.org
    \\  /    A nd           | Version:  7
     \\/     M anipulation  |
\*---------------------------------------------------------------------------*/
FoamFile
{
    version     2.0;
    format      ascii;
    class       labelList;
    note        "nPoints: 2382 nCells: 928 nFaces: 3974 nInternalFaces: 1594";
    location    "constant/polyMesh";
    object      neighbour;
}
// * * * * * * * * * * * * * * * * * * * * * * * * * * * * * * * * * * * * * //


1594
(
1
4
505
2
5
506
3
6
507
7
508
5
8
6
9
7
10
11
9
12
10
13
11
14
15
13
16
14
17
15
18
19
17
20
18
21
19
22
23
21
24
22
25
23
26
27
25
29
26
30
27
31
28
32
33
30
34
31
35
32
36
33
37
38
35
39
36
40
37
41
38
42
43
40
44
41
45
42
46
43
47
48
45
50
46
51
47
52
48
53
49
54
55
51
56
52
57
53
58
54
59
55
60
61
57
63
58
64
59
65
60
66
61
67
62
68
69
64
70
65
71
66
72
67
73
68
74
69
75
76
71
78
72
79
73
80
74
81
75
82
76
83
77
84
85
79
86
80
87
81
88
82
89
83
90
84
91
85
92
93
87
88
95
89
96
90
97
91
98
92
99
93
100
94
101
102
96
97
103
98
104
99
105
100
106
101
107
102
108
109
104
105
111
106
112
107
113
108
114
109
115
110
116
117
112
119
113
120
114
121
115
122
116
123
117
124
118
125
126
120
121
127
122
128
123
129
124
130
125
131
126
132
133
128
129
135
130
136
131
137
132
138
133
139
134
140
141
136
137
143
138
144
139
145
140
146
141
147
142
148
149
144
145
150
146
151
147
152
148
153
149
154
155
151
152
157
153
158
154
159
155
160
156
161
162
158
159
164
160
165
161
166
162
167
163
168
169
165
166
171
167
172
168
173
169
174
170
175
176
172
173
178
174
179
175
180
176
181
177
182
183
179
180
185
181
186
182
187
183
188
184
189
190
186
187
192
188
193
189
194
190
195
191
196
197
193
194
195
199
196
200
197
201
198
202
203
200
201
205
202
206
203
207
204
208
209
206
207
211
208
212
209
213
210
214
215
212
213
218
214
219
215
220
216
221
217
222
223
219
220
221
225
222
226
223
227
224
228
229
226
227
231
228
232
229
233
230
234
235
232
233
234
237
235
238
236
239
240
238
239
243
240
244
241
245
242
246
247
244
245
246
249
247
250
248
251
252
531
250
251
252
253
254
591
254
255
651
708
258
721
258
261
262
741
260
265
261
266
262
267
268
801
264
270
265
271
266
272
267
273
268
274
861
270
277
271
278
272
279
273
280
274
276
282
277
283
278
284
279
285
280
286
282
289
283
290
284
291
285
292
286
293
288
295
289
296
290
297
291
298
292
299
293
295
301
296
302
297
303
298
304
299
305
301
307
302
308
303
309
304
310
305
311
307
314
308
315
309
316
310
317
311
318
313
320
314
321
315
322
316
323
317
324
318
325
320
327
321
328
322
329
323
330
324
331
325
332
327
334
328
335
329
336
330
337
331
338
332
339
334
341
335
342
336
343
337
344
338
345
339
346
341
348
342
349
343
350
344
351
345
352
346
353
348
355
349
356
350
357
351
358
352
359
353
360
355
362
356
363
357
364
358
365
359
366
360
367
362
369
363
370
364
371
365
372
366
373
367
374
375
369
377
370
378
371
379
372
380
373
381
374
382
375
383
377
385
378
386
379
387
380
388
381
389
382
390
383
391
385
392
386
393
387
394
388
395
389
396
390
397
391
398
393
400
394
401
395
402
396
403
397
404
398
405
406
400
408
401
409
402
410
403
411
404
412
405
413
406
414
408
416
409
417
410
418
411
419
412
420
413
421
414
422
423
416
424
417
425
418
426
419
427
420
428
421
429
422
430
423
431
425
432
426
433
427
434
428
435
429
436
430
437
431
438
433
439
434
440
435
441
436
442
437
443
438
444
445
440
446
441
447
442
448
443
449
444
450
445
451
452
447
453
448
454
449
455
450
456
451
457
452
458
454
459
455
460
456
461
457
462
458
463
464
460
465
461
466
462
467
463
468
464
469
466
470
467
471
468
472
469
473
474
471
475
472
476
473
477
474
478
479
476
480
477
481
478
482
479
483
484
481
485
482
486
483
487
484
488
486
489
487
490
488
491
492
490
493
491
494
492
495
496
494
497
495
498
496
499
500
498
501
499
502
500
503
504
502
505
503
506
504
507
508
506
507
508
510
569
511
570
512
571
513
572
514
573
515
574
516
575
517
576
518
577
519
578
520
579
521
580
522
581
523
582
524
583
525
584
526
585
527
586
528
587
529
588
530
589
590
532
591
533
592
534
593
535
594
536
595
537
596
538
597
539
598
540
599
541
600
542
601
543
602
544
603
545
604
546
605
547
606
548
607
549
608
550
609
551
610
552
611
553
612
554
613
555
614
556
615
557
616
558
617
559
618
560
619
561
620
562
621
563
622
564
623
565
624
566
625
567
626
568
627
569
628
570
629
571
630
572
631
573
632
574
633
575
634
576
635
577
636
578
637
579
638
580
639
581
640
582
641
583
642
584
643
585
644
586
645
587
646
588
647
589
648
590
649
650
592
651
593
652
594
653
595
654
596
655
597
656
598
657
599
658
600
659
601
660
602
661
603
662
604
663
605
664
606
665
607
666
608
667
609
668
610
669
611
670
612
671
613
672
614
673
615
674
616
675
617
676
618
677
619
678
620
679
621
680
622
681
623
682
624
683
625
684
626
685
627
686
628
687
629
688
630
689
631
690
632
691
633
692
634
693
635
694
636
695
637
696
638
697
639
698
640
699
641
700
642
701
643
702
644
703
645
704
646
705
647
706
648
707
649
650
652
708
653
709
654
710
655
711
656
712
657
713
658
714
659
715
660
716
661
717
662
718
663
719
664
720
665
666
667
668
669
670
671
672
673
674
675
676
677
678
679
680
681
682
683
684
685
686
687
688
689
690
691
692
693
694
695
696
697
698
699
700
701
702
703
704
705
706
707
709
710
711
712
713
714
715
716
717
718
719
720
722
741
723
742
724
743
725
744
726
745
727
746
728
747
729
748
730
749
731
750
732
751
733
752
734
753
735
754
736
755
737
756
738
757
739
758
740
759
760
742
801
743
802
744
803
745
804
746
805
747
806
748
807
749
808
750
809
751
810
752
811
753
812
754
813
755
814
756
815
757
816
758
817
759
818
760
819
761
820
762
821
763
822
764
823
765
824
766
825
767
826
768
827
769
828
770
829
771
830
772
831
773
832
774
833
775
834
776
835
777
836
778
837
779
838
780
839
781
840
782
841
783
842
784
843
785
844
786
845
787
846
788
847
789
848
790
849
791
850
792
851
793
852
794
853
795
854
796
855
797
856
798
857
799
858
800
859
860
802
861
803
862
804
863
805
864
806
865
807
866
808
867
809
868
810
869
811
870
812
871
813
872
814
873
815
874
816
875
817
876
818
877
819
878
820
879
821
880
822
881
823
882
824
883
825
884
826
885
827
886
828
887
829
888
830
889
831
890
832
891
833
892
834
893
835
894
836
895
837
896
838
897
839
898
840
899
841
900
842
901
843
902
844
903
845
904
846
905
847
906
848
907
849
908
850
909
851
910
852
911
853
912
854
913
855
914
856
915
857
916
858
917
859
918
860
919
920
862
863
864
865
866
867
868
869
870
871
872
873
874
875
876
877
878
879
880
881
882
883
884
885
886
887
888
889
890
891
892
893
894
895
896
897
898
899
900
901
902
903
904
905
906
907
908
909
910
911
912
913
914
915
921
916
922
917
923
918
924
919
925
920
926
927
922
923
924
925
926
927
)


// ************************************************************************* //
