/*--------------------------------*- C++ -*----------------------------------*\
  =========                 |
  \\      /  F ield         | OpenFOAM: The Open Source CFD Toolbox
   \\    /   O peration     | Website:  https://openfoam.org
    \\  /    A nd           | Version:  7
     \\/     M anipulation  |
\*---------------------------------------------------------------------------*/
FoamFile
{
    version     2.0;
    format      ascii;
    class       volVectorField;
    location    "65";
    object      U;
}
// * * * * * * * * * * * * * * * * * * * * * * * * * * * * * * * * * * * * * //

dimensions      [0 1 -1 0 0 0 0];

internalField   nonuniform List<vector> 
928
(
(1.08301 0.462986 -8.96659e-21)
(1.0891 0.451701 -1.39307e-20)
(1.05833 0.475354 3.68062e-21)
(1.06693 0.463953 3.74e-20)
(1.07383 0.452429 2.78296e-21)
(1.01864 0.498677 -4.44812e-22)
(1.03011 0.487536 -2.0098e-20)
(1.04078 0.475796 1.36902e-20)
(1.05029 0.463995 3.1429e-20)
(1.05818 0.452287 -2.39128e-21)
(0.986571 0.51042 1.18695e-20)
(0.999087 0.499459 -3.33941e-20)
(1.01104 0.487619 -2.61706e-20)
(1.02248 0.475287 -5.82559e-21)
(1.03304 0.463076 -5.29636e-20)
(0.952742 0.521567 -1.2851e-20)
(0.966025 0.511093 -5.16924e-20)
(0.978703 0.499379 -7.57412e-21)
(0.991079 0.486815 1.87881e-20)
(1.00331 0.473839 6.80944e-20)
(0.902297 0.539336 4.5943e-22)
(0.917556 0.531706 3.14959e-22)
(0.931596 0.522143 3.23775e-20)
(0.944779 0.51096 2.02529e-20)
(0.957504 0.498514 9.82518e-20)
(0.970179 0.485204 -2.70213e-20)
(0.864623 0.546356 3.19187e-20)
(0.881143 0.540322 -3.29614e-20)
(0.896152 0.532085 6.58864e-21)
(0.909964 0.521913 -1.60089e-20)
(0.922952 0.510101 -7.26874e-20)
(0.935557 0.496979 7.44361e-20)
(0.825373 0.551047 -2.46293e-20)
(0.843404 0.5469 -1.32924e-20)
(0.859689 0.540329 -2.4449e-20)
(0.87447 0.531581 -2.64633e-20)
(0.888033 0.520914 3.85491e-20)
(0.900734 0.508597 -8.69616e-20)
(0.762611 0.552209 -5.83207e-20)
(0.784402 0.553024 1.77193e-20)
(0.804139 0.550998 2.12502e-20)
(0.821977 0.546353 6.45724e-21)
(0.838096 0.539331 3.9025e-20)
(0.852703 0.530182 1.88952e-20)
(0.717965 0.548664 3.08461e-20)
(0.741612 0.551973 4.92831e-20)
(0.763163 0.552264 1.00338e-20)
(0.782737 0.549751 -3.98879e-20)
(0.800471 0.544672 2.36822e-20)
(0.816519 0.537279 1.33819e-20)
(0.671516 0.541669 -1.79435e-20)
(0.696993 0.547639 5.10703e-20)
(0.72038 0.550422 -4.30983e-20)
(0.741767 0.550221 -1.31601e-20)
(0.761263 0.547264 4.4391e-20)
(0.77899 0.541801 2.12118e-21)
(0.623419 0.531028 -4.61235e-20)
(0.650634 0.53981 5.24759e-20)
(0.675803 0.545249 2.1173e-20)
(0.698994 0.547529 -1.58941e-20)
(0.720291 0.546864 -9.49949e-20)
(0.739792 0.543494 -1.3233e-20)
(0.573908 0.516589 4.55224e-20)
(0.602715 0.528316 -2.75932e-20)
(0.629554 0.536557 -6.13802e-20)
(0.65447 0.541478 -8.42824e-20)
(0.677525 0.543273 -9.69788e-21)
(0.698797 0.542168 1.79142e-19)
(0.523295 0.498242 -3.27304e-20)
(0.5535 0.513021 4.55007e-20)
(0.581844 0.524193 -1.11348e-20)
(0.608352 0.531899 -4.61661e-20)
(0.633065 0.536315 4.54094e-20)
(0.656038 0.537645 -3.09657e-20)
(0.677343 0.536124 -2.62324e-20)
(0.471958 0.475925 -5.97459e-20)
(0.503323 0.493837 -7.30843e-21)
(0.532963 0.508041 -4.86831e-21)
(0.560884 0.518655 -4.2269e-20)
(0.587103 0.525833 1.08648e-19)
(0.611657 0.529759 -1.2508e-20)
(0.634595 0.530645 6.64441e-20)
(0.420333 0.449639 4.72771e-21)
(0.452581 0.470727 -1.00313e-21)
(0.483268 0.488032 -6.2354e-20)
(0.512378 0.501649 1.54805e-20)
(0.539911 0.511706 2.09285e-20)
(0.565881 0.518364 1.32464e-19)
(0.590315 0.521817 3.82104e-20)
(0.368909 0.419449 1.47063e-21)
(0.401727 0.443718 9.2619e-20)
(0.433172 0.464155 -7.98426e-20)
(0.463211 0.480831 4.96412e-20)
(0.491824 0.493851 5.71305e-20)
(0.519005 0.503353 -3.92471e-21)
(0.544759 0.509504 2.54546e-20)
(0.35126 0.412905 1.37125e-20)
(0.383141 0.436462 -7.09403e-20)
(0.413812 0.456215 8.62427e-20)
(0.443234 0.472244 -1.0004e-19)
(0.471382 0.484661 -3.50071e-20)
(0.498241 0.493612 2.56329e-20)
(0.301722 0.378464 7.33759e-20)
(0.333686 0.405083 -7.46444e-20)
(0.364657 0.427884 5.40811e-20)
(0.394583 0.446922 -5.94834e-20)
(0.423418 0.462287 7.98414e-20)
(0.451131 0.474098 -9.79663e-22)
(0.253685 0.340654 -2.90829e-20)
(0.285351 0.370227 -3.13838e-20)
(0.316263 0.395997 -3.24663e-20)
(0.346355 0.417999 9.22212e-20)
(0.375565 0.436296 5.82504e-20)
(0.403844 0.450983 -7.86719e-20)
(0.431151 0.462186 -3.22572e-20)
(0.20774 0.299828 3.90279e-20)
(0.238708 0.332193 1.74454e-20)
(0.269178 0.360802 1.79654e-20)
(0.299072 0.385667 2.5562e-20)
(0.328314 0.40683 -1.41178e-19)
(0.356841 0.42436 4.40212e-20)
(0.384592 0.438358 2.89408e-20)
(0.16449 0.256431 4.74859e-20)
(0.194344 0.291373 -9.888e-20)
(0.223971 0.322635 6.38634e-20)
(0.25328 0.350211 7.74224e-20)
(0.282187 0.374119 -8.90371e-20)
(0.310614 0.394405 1.25127e-19)
(0.338487 0.411145 6.00022e-20)
(0.152852 0.248254 2.28248e-20)
(0.181219 0.281928 7.79697e-20)
(0.209542 0.312005 5.80882e-20)
(0.237728 0.338481 1.28167e-20)
(0.265687 0.361381 -5.47378e-20)
(0.293332 0.380756 2.12133e-20)
(0.320584 0.396686 -1.12415e-19)
(0.114809 0.203422 -8.04836e-20)
(0.1415 0.239211 1.89775e-20)
(0.168427 0.271521 -2.33404e-20)
(0.195492 0.300331 -2.2791e-20)
(0.222596 0.325644 -1.35114e-19)
(0.249644 0.347489 -4.75288e-20)
(0.276543 0.36592 5.686e-20)
(0.105371 0.195109 -1.41244e-19)
(0.130491 0.22933 4.75516e-20)
(0.15603 0.260182 -8.18895e-21)
(0.181885 0.287649 -8.91043e-21)
(0.207952 0.311738 -2.13189e-20)
(0.234131 0.332483 -6.48052e-20)
(0.260322 0.349941 -4.9769e-20)
(0.0733493 0.150343 6.10573e-20)
(0.0962688 0.186094 -5.50034e-20)
(0.11988 0.218639 9.60328e-20)
(0.144088 0.247944 2.94498e-20)
(0.168786 0.273995 -2.29476e-21)
(0.193865 0.296804 6.34987e-20)
(0.219218 0.316407 4.8217e-20)
(0.0459007 0.105724 -7.52715e-20)
(0.066243 0.142572 1.28874e-19)
(0.0875475 0.176406 1.00766e-20)
(0.109719 0.207175 -9.0143e-20)
(0.132659 0.234846 7.78575e-20)
(0.156257 0.259413 -1.46759e-19)
(0.1804 0.280888 -8.60318e-21)
(0.204973 0.299309 2.6183e-20)
(0.0408408 0.0996039 2.27588e-20)
(0.05948 0.134272 -3.72684e-20)
(0.0792514 0.166077 -7.17617e-20)
(0.100058 0.194973 4.32517e-20)
(0.121799 0.220931 -1.62736e-20)
(0.144358 0.243948 3.65319e-20)
(0.167618 0.264038 -2.59982e-21)
(0.0205193 0.0580703 -3.05261e-20)
(0.0360617 0.0931059 -1.87758e-20)
(0.0530948 0.125472 1.20803e-20)
(0.0714223 0.155142 5.30161e-20)
(0.0909452 0.182075 -3.25593e-20)
(0.111559 0.206245 5.98128e-20)
(0.133145 0.22765 -1.39069e-19)
(0.15558 0.24631 1.74847e-19)
(0.0177042 0.0538116 5.92996e-21)
(0.0315884 0.0862536 -5.46552e-21)
(0.0471204 0.116204 -4.51742e-21)
(0.0640995 0.143641 -7.8573e-21)
(0.0824251 0.168525 -2.52417e-20)
(0.10199 0.190836 -5.6622e-20)
(0.122671 0.210574 8.87395e-20)
(0.14434 0.227758 -1.08325e-19)
(0.0150954 0.0493437 -4.98465e-20)
(0.0274441 0.0790722 8.85906e-20)
(0.0415872 0.106502 -7.09381e-20)
(0.0573201 0.131612 7.51244e-20)
(0.0745401 0.154369 -2.72293e-20)
(0.0931375 0.174757 1.00054e-19)
(0.112985 0.192775 -4.41127e-20)
(0.00396897 0.0156943 6.45313e-20)
(0.0127067 0.0446835 -3.35899e-20)
(0.0236505 0.0715882 2.50399e-20)
(0.0365237 0.096399 -3.1117e-20)
(0.0511179 0.119099 -5.32472e-20)
(0.0673289 0.139658 1.98917e-20)
(0.0850443 0.158062 -8.22466e-20)
(0.104134 0.174314 8.18682e-20)
(0.00320702 0.0139989 -3.12718e-20)
(0.0105506 0.0398487 1.92487e-20)
(0.0202273 0.0638295 4.09306e-20)
(0.0319557 0.0859338 4.45132e-21)
(0.0455242 0.106147 -1.37597e-20)
(0.060827 0.124443 -2.60502e-20)
(0.0777494 0.14081 1.48828e-20)
(0.0961576 0.155252 7.27926e-20)
(0.00253115 0.0122477 2.85073e-20)
(0.00863862 0.0348578 -7.51442e-20)
(0.0171921 0.0558255 -3.61567e-21)
(0.0279064 0.0751446 -1.954e-20)
(0.0405669 0.0928026 3.72528e-20)
(0.0550664 0.108778 -4.51303e-20)
(0.0712879 0.123061 4.05803e-20)
(0.00194497 0.0104475 3.16842e-20)
(0.00698073 0.0297303 -2.01451e-20)
(0.0145608 0.0476066 1.85651e-20)
(0.0243967 0.0640716 -3.29694e-21)
(0.036271 0.0791153 1.84237e-20)
(0.0500753 0.0927194 1.48696e-20)
(0.0656909 0.104876 1.05473e-20)
(0.00145163 0.00860566 1.66122e-20)
(0.00558565 0.0244859 -8.37632e-21)
(0.012347 0.0392041 -1.08636e-20)
(0.0214442 0.0527565 3.14605e-21)
(0.0326578 0.0651348 -2.36577e-21)
(0.0458782 0.0763247 -2.0613e-20)
(0.0609851 0.0863197 -2.97173e-21)
(0.00105377 0.00672932 -1.49449e-20)
(0.00446071 0.0191453 1.25499e-20)
(0.0105621 0.0306504 -1.32872e-20)
(0.019064 0.0412416 4.1165e-20)
(0.0297454 0.0509129 1.33038e-20)
(0.0424956 0.0596531 -2.67835e-21)
(0.0571932 0.0674573 -3.11745e-20)
(0.000753494 0.00482603 -4.67028e-21)
(0.00361182 0.0137294 3.74438e-21)
(0.00921526 0.0219781 -2.70354e-20)
(0.0172682 0.0295705 -1.00094e-20)
(0.0275483 0.036502 -4.81703e-22)
(0.0399442 0.0427648 -1.78626e-21)
(0.0543333 0.0483556 1.05782e-20)
(0.000552419 0.00290338 -4.24271e-21)
(0.00304341 0.00825931 1.31833e-20)
(0.00831351 0.013221 4.00938e-21)
(0.016066 0.0177873 -7.66771e-21)
(0.0260774 0.0219556 2.14289e-21)
(0.0382362 0.0257212 8.8015e-21)
(0.0524191 0.0290822 -1.1439e-20)
(0.000451613 0.00096909 2.69908e-21)
(0.00275845 0.00275672 -3.61487e-21)
(0.00786147 0.00441268 -8.95608e-23)
(0.0154633 0.00593659 2.11215e-21)
(0.0253402 0.00732761 4.16983e-21)
(0.0373802 0.00858414 -7.12268e-21)
(0.0514597 0.00970557 3.04989e-21)
(0.000451613 -0.00096909 8.50468e-22)
(0.00275845 -0.00275672 1.11759e-21)
(0.00786147 -0.00441268 -1.42855e-21)
(0.0154633 -0.00593659 4.95939e-21)
(0.0253402 -0.00732761 1.84131e-21)
(0.0373802 -0.00858414 2.59688e-21)
(0.0514597 -0.00970557 -6.81948e-21)
(0.000552419 -0.00290338 4.69212e-21)
(0.00304341 -0.00825931 -8.84363e-21)
(0.00831351 -0.013221 1.01665e-20)
(0.016066 -0.0177873 -3.13727e-22)
(0.0260774 -0.0219556 -7.85416e-21)
(0.0382362 -0.0257212 -6.14291e-21)
(0.0524191 -0.0290822 1.65393e-20)
(0.000753494 -0.00482603 3.64599e-21)
(0.00361182 -0.0137294 -4.14435e-21)
(0.00921526 -0.0219781 6.36621e-21)
(0.0172682 -0.0295705 -1.4186e-21)
(0.0275483 -0.036502 -2.36628e-20)
(0.0399442 -0.0427648 1.21038e-20)
(0.0543333 -0.0483556 -1.04999e-20)
(0.00105377 -0.00672932 6.34502e-21)
(0.00446071 -0.0191453 -2.83376e-20)
(0.0105621 -0.0306504 4.4706e-20)
(0.019064 -0.0412416 -1.2654e-20)
(0.0297454 -0.0509129 -1.09407e-21)
(0.0424956 -0.0596531 1.37322e-20)
(0.0571932 -0.0674573 1.8654e-20)
(0.00145163 -0.00860566 7.77925e-21)
(0.00558565 -0.0244859 4.60704e-20)
(0.012347 -0.0392041 -1.55894e-20)
(0.0214442 -0.0527565 -1.74635e-20)
(0.0326578 -0.0651348 2.11472e-20)
(0.0458782 -0.0763247 -8.42382e-22)
(0.0609851 -0.0863197 -1.43342e-20)
(0.00194497 -0.0104475 -3.84518e-20)
(0.00698073 -0.0297303 -3.92651e-21)
(0.0145608 -0.0476066 1.05136e-20)
(0.0243967 -0.0640716 5.30983e-20)
(0.036271 -0.0791153 -1.15698e-20)
(0.0500753 -0.0927194 5.96852e-21)
(0.0656909 -0.104876 6.97853e-21)
(0.00253115 -0.0122477 -2.97215e-20)
(0.00863862 -0.0348578 6.81471e-20)
(0.0171921 -0.0558255 -2.26347e-20)
(0.0279064 -0.0751446 -4.55374e-20)
(0.0405669 -0.0928026 -1.22849e-20)
(0.0550664 -0.108778 1.05466e-20)
(0.0712879 -0.123061 -1.28656e-20)
(0.0890948 -0.135655 -7.04706e-21)
(0.00320702 -0.0139989 -1.03803e-20)
(0.0105506 -0.0398487 -2.4885e-20)
(0.0202273 -0.0638295 1.32136e-20)
(0.0319557 -0.0859338 8.85783e-21)
(0.0455242 -0.106147 1.23494e-20)
(0.060827 -0.124443 4.9584e-20)
(0.0777494 -0.14081 -1.1365e-20)
(0.0961576 -0.155252 -6.89356e-20)
(0.00396897 -0.0156943 -3.36636e-20)
(0.0127067 -0.0446835 5.96741e-20)
(0.0236505 -0.0715882 -7.42037e-20)
(0.0365237 -0.096399 2.00158e-20)
(0.0511179 -0.119099 2.13923e-20)
(0.0673289 -0.139658 -3.13072e-20)
(0.0850443 -0.158062 3.25996e-20)
(0.104134 -0.174314 -3.98657e-20)
(0.0150954 -0.0493437 1.11814e-20)
(0.0274441 -0.0790722 -4.47522e-20)
(0.0415872 -0.106502 7.85297e-20)
(0.0573201 -0.131612 -4.6454e-20)
(0.0745401 -0.154369 7.41704e-20)
(0.0931375 -0.174757 -1.20512e-20)
(0.112985 -0.192775 -1.67153e-20)
(0.0177042 -0.0538116 2.28441e-20)
(0.0315884 -0.0862536 -2.33589e-20)
(0.0471204 -0.116204 -1.7533e-20)
(0.0640995 -0.143641 2.01765e-20)
(0.0824251 -0.168525 -2.74077e-20)
(0.10199 -0.190836 -7.28557e-21)
(0.122671 -0.210574 -7.61952e-20)
(0.14434 -0.227758 2.69805e-20)
(0.0360617 -0.0931059 4.82256e-20)
(0.0530948 -0.125472 -5.01265e-20)
(0.0714223 -0.155142 -7.84173e-21)
(0.0909452 -0.182075 4.00802e-20)
(0.111559 -0.206245 3.05859e-21)
(0.133145 -0.22765 5.97702e-20)
(0.15558 -0.24631 -9.74395e-20)
(0.0408408 -0.0996039 -2.84023e-20)
(0.05948 -0.134272 6.2053e-20)
(0.0792514 -0.166077 -9.84415e-20)
(0.100058 -0.194973 -4.675e-20)
(0.121799 -0.220931 5.12153e-23)
(0.144358 -0.243948 7.45241e-20)
(0.167618 -0.264038 5.99128e-20)
(0.0459007 -0.105724 5.86501e-20)
(0.066243 -0.142572 -9.14698e-20)
(0.0875475 -0.176406 8.79266e-20)
(0.109719 -0.207175 6.26448e-20)
(0.132659 -0.234846 -1.46611e-19)
(0.156257 -0.259413 1.13202e-19)
(0.1804 -0.280888 -1.03001e-19)
(0.204973 -0.299309 7.03106e-21)
(0.0733493 -0.150343 -5.95287e-20)
(0.0962688 -0.186094 8.53134e-20)
(0.11988 -0.218639 -3.46129e-20)
(0.144088 -0.247944 5.87143e-20)
(0.168786 -0.273995 3.74679e-20)
(0.193865 -0.296804 5.00134e-20)
(0.219218 -0.316407 -2.94298e-20)
(0.105371 -0.195109 6.7152e-20)
(0.130491 -0.22933 -1.2164e-19)
(0.15603 -0.260182 -6.7788e-21)
(0.181885 -0.287649 -5.15683e-20)
(0.207952 -0.311738 3.2816e-20)
(0.234131 -0.332483 6.57655e-20)
(0.260322 -0.349941 -6.6384e-20)
(0.114809 -0.203422 6.6302e-20)
(0.1415 -0.239211 -8.0245e-21)
(0.168427 -0.271521 -9.28614e-20)
(0.195492 -0.300331 -2.17936e-22)
(0.222596 -0.325644 2.82913e-20)
(0.249644 -0.347489 -2.39817e-20)
(0.276543 -0.36592 4.21642e-20)
(0.152852 -0.248254 1.89123e-20)
(0.181219 -0.281928 -3.45414e-21)
(0.209542 -0.312005 1.01404e-20)
(0.237728 -0.338481 -3.67363e-20)
(0.265687 -0.361381 1.63892e-19)
(0.293332 -0.380756 -1.27823e-19)
(0.320584 -0.396686 3.02301e-21)
(0.194344 -0.291373 3.1124e-20)
(0.223971 -0.322635 -2.16055e-20)
(0.25328 -0.350211 2.10662e-20)
(0.282187 -0.374119 -6.73007e-20)
(0.310614 -0.394405 1.13746e-19)
(0.338487 -0.411145 1.27424e-19)
(0.365741 -0.424443 -1.18678e-19)
(0.20774 -0.299828 1.80676e-20)
(0.238708 -0.332193 -4.76144e-20)
(0.269178 -0.360802 1.17221e-20)
(0.299072 -0.385667 3.47299e-20)
(0.328314 -0.40683 -5.99697e-20)
(0.356841 -0.42436 -1.21977e-19)
(0.384592 -0.438358 1.31754e-20)
(0.253685 -0.340654 -2.60994e-21)
(0.285351 -0.370227 -5.65856e-20)
(0.316263 -0.395997 1.14183e-20)
(0.346355 -0.417999 4.0247e-20)
(0.375565 -0.436296 4.04028e-20)
(0.403844 -0.450983 3.1865e-20)
(0.431151 -0.462186 -1.24826e-21)
(0.301722 -0.378464 -4.96215e-20)
(0.333686 -0.405083 7.70444e-20)
(0.364657 -0.427884 -1.02902e-19)
(0.394583 -0.446922 5.57145e-21)
(0.423418 -0.462287 1.00883e-20)
(0.451131 -0.474098 2.59988e-20)
(0.477699 -0.482505 -6.00893e-22)
(0.35126 -0.412905 -4.38245e-20)
(0.383141 -0.436462 5.50597e-20)
(0.413812 -0.456215 -4.77285e-20)
(0.443234 -0.472244 -3.38274e-20)
(0.471382 -0.484661 -3.80338e-20)
(0.498241 -0.493612 -5.51865e-20)
(0.368909 -0.419449 8.10779e-21)
(0.401727 -0.443718 -1.34749e-20)
(0.433172 -0.464155 5.96405e-20)
(0.463211 -0.480831 -1.56186e-20)
(0.491824 -0.493851 4.8381e-20)
(0.519005 -0.503353 -2.81761e-20)
(0.544759 -0.509504 -8.71708e-20)
(0.420333 -0.449639 1.87368e-20)
(0.452581 -0.470727 1.63301e-21)
(0.483268 -0.488032 4.26963e-20)
(0.512378 -0.501649 -3.51915e-20)
(0.539911 -0.511706 4.50768e-20)
(0.565881 -0.518364 -9.27442e-20)
(0.590315 -0.521817 4.52165e-20)
(0.471958 -0.475925 -4.01282e-21)
(0.503323 -0.493837 3.76295e-20)
(0.532963 -0.508041 -1.7211e-21)
(0.560884 -0.518655 -3.6347e-20)
(0.587103 -0.525833 3.04983e-20)
(0.611657 -0.529759 -1.86603e-20)
(0.634595 -0.530645 -3.06211e-20)
(0.523295 -0.498242 3.84525e-20)
(0.5535 -0.513021 -5.4443e-20)
(0.581844 -0.524193 5.35878e-20)
(0.608352 -0.531899 -2.26831e-20)
(0.633065 -0.536315 -3.22874e-20)
(0.656038 -0.537645 -4.99791e-20)
(0.677343 -0.536124 -9.12474e-20)
(0.573908 -0.516589 -3.42648e-20)
(0.602715 -0.528316 5.87244e-20)
(0.629554 -0.536557 -7.86008e-20)
(0.65447 -0.541478 -6.63784e-20)
(0.677525 -0.543273 2.04439e-20)
(0.698797 -0.542168 3.17102e-20)
(0.623419 -0.531028 -3.03058e-21)
(0.650634 -0.53981 3.25927e-20)
(0.675803 -0.545249 -2.19054e-20)
(0.698994 -0.547529 -3.08195e-20)
(0.720291 -0.546864 2.78964e-20)
(0.739792 -0.543494 -9.41211e-21)
(0.671516 -0.541669 6.62866e-20)
(0.696993 -0.547639 -5.88712e-20)
(0.72038 -0.550422 7.71135e-20)
(0.741767 -0.550221 -1.20884e-20)
(0.761263 -0.547264 4.43844e-20)
(0.77899 -0.541801 -8.13793e-20)
(0.717965 -0.548664 2.1771e-20)
(0.741612 -0.551973 5.92748e-21)
(0.763163 -0.552264 7.86585e-21)
(0.782737 -0.549751 -4.29246e-20)
(0.800471 -0.544672 7.99996e-20)
(0.816519 -0.537279 -1.92285e-20)
(0.784402 -0.553024 -3.16516e-21)
(0.804139 -0.550998 3.73259e-20)
(0.821977 -0.546353 -6.80476e-21)
(0.838096 -0.539331 2.44185e-20)
(0.852703 -0.530182 2.76872e-20)
(0.866043 -0.519159 4.82094e-20)
(0.825373 -0.551047 -1.72633e-20)
(0.843404 -0.5469 -9.93536e-21)
(0.859689 -0.540329 -2.95e-20)
(0.87447 -0.531581 -3.55877e-20)
(0.888033 -0.520914 -2.38245e-20)
(0.900734 -0.508597 7.5866e-20)
(0.864623 -0.546356 -3.27676e-20)
(0.881143 -0.540322 2.9731e-20)
(0.896152 -0.532085 -1.42581e-20)
(0.909964 -0.521913 -5.06968e-20)
(0.922952 -0.510101 3.2499e-20)
(0.935557 -0.496979 -9.09913e-20)
(0.902297 -0.539336 1.75252e-20)
(0.917556 -0.531706 4.76833e-21)
(0.931596 -0.522143 -5.65598e-21)
(0.944779 -0.51096 9.02896e-20)
(0.957504 -0.498514 -4.66915e-20)
(0.970179 -0.485204 1.1734e-20)
(0.952742 -0.521567 8.98659e-21)
(0.966025 -0.511093 -1.05525e-20)
(0.978703 -0.499379 -3.02448e-20)
(0.991079 -0.486815 6.74858e-20)
(1.00331 -0.473839 -4.07997e-20)
(0.986571 -0.51042 -8.88339e-21)
(0.999087 -0.499459 2.62569e-20)
(1.01104 -0.487619 -1.18562e-20)
(1.02248 -0.475287 -4.96953e-20)
(1.03304 -0.463076 8.07593e-21)
(1.04211 -0.451228 -2.95873e-20)
(1.03011 -0.487536 -1.14314e-20)
(1.04078 -0.475796 -1.99441e-20)
(1.05029 -0.463995 1.10878e-21)
(1.05818 -0.452287 6.29329e-20)
(1.05833 -0.475354 1.88584e-21)
(1.06693 -0.463953 4.25274e-21)
(1.07383 -0.452429 3.07603e-20)
(1.0891 -0.451701 -1.44702e-20)
(1.09767 0.430792 -6.46256e-21)
(1.10603 0.403574 2.12553e-21)
(1.11186 0.379545 7.09335e-21)
(1.117 0.357127 -2.23702e-21)
(1.12162 0.336827 -1.61833e-21)
(1.12592 0.318484 7.50424e-21)
(1.12989 0.301889 -8.03179e-22)
(1.13346 0.286788 -3.77669e-21)
(1.13657 0.272943 1.0383e-21)
(1.1392 0.260148 -2.40189e-21)
(1.14134 0.248241 -2.42464e-22)
(1.14299 0.237091 -1.1334e-21)
(1.14421 0.2266 -2.12667e-21)
(1.14503 0.216691 8.87286e-22)
(1.1455 0.207303 1.63173e-21)
(1.14566 0.198387 -1.91056e-21)
(1.14557 0.189903 9.4663e-22)
(1.14525 0.181817 -1.46353e-21)
(1.14475 0.174099 6.62214e-22)
(1.14409 0.166723 -9.67136e-22)
(1.14331 0.159665 1.07405e-21)
(1.14243 0.152905 -3.23291e-21)
(1.14146 0.146423 1.95716e-21)
(1.14043 0.140201 -2.20228e-21)
(1.13934 0.134221 -1.43439e-21)
(1.13822 0.128468 3.25156e-22)
(1.13706 0.122928 1.3203e-21)
(1.13588 0.117587 4.10855e-21)
(1.13469 0.112432 -2.76564e-21)
(1.13349 0.107451 4.95707e-22)
(1.1323 0.102634 3.82799e-21)
(1.13111 0.0979687 -2.52266e-21)
(1.12993 0.0934471 -2.64006e-21)
(1.12876 0.0890595 -6.44685e-22)
(1.12761 0.0847974 6.83131e-21)
(1.12649 0.0806528 -5.82554e-21)
(1.12539 0.0766181 9.73358e-22)
(1.12432 0.0726863 3.7106e-22)
(1.12329 0.0688506 -2.46806e-21)
(1.12229 0.0651046 1.81751e-21)
(1.12132 0.0614424 1.44242e-21)
(1.12039 0.0578583 -1.25449e-21)
(1.11951 0.0543468 1.10315e-21)
(1.11866 0.0509027 -4.18154e-22)
(1.11786 0.0475211 -1.58238e-21)
(1.11711 0.0441972 -9.13801e-23)
(1.1164 0.0409266 2.23232e-21)
(1.11574 0.0377049 3.51391e-22)
(1.11513 0.0345277 -2.5082e-21)
(1.11457 0.0313912 4.32036e-22)
(1.11406 0.0282913 -3.48041e-22)
(1.08363 0.43128 1.43897e-21)
(1.09321 0.404246 2.7011e-21)
(1.10024 0.380302 1.07285e-21)
(1.10648 0.357982 -1.13322e-20)
(1.1121 0.337783 -3.06726e-21)
(1.11731 0.319535 9.8815e-21)
(1.12209 0.303024 -4.04852e-21)
(1.12638 0.287989 -5.4184e-21)
(1.13012 0.274187 1.30217e-20)
(1.13329 0.261415 -2.44809e-21)
(1.1359 0.249511 -9.36598e-21)
(1.13797 0.23835 5.43181e-21)
(1.13956 0.227837 -6.79533e-21)
(1.14069 0.217897 8.505e-21)
(1.14145 0.208472 -8.30781e-23)
(1.14186 0.199516 2.59008e-21)
(1.14199 0.190988 -6.6573e-21)
(1.14188 0.182858 5.58482e-22)
(1.14156 0.175095 5.93431e-21)
(1.14107 0.167675 -2.39477e-21)
(1.14044 0.160574 -4.62959e-21)
(1.13969 0.153771 2.42301e-21)
(1.13885 0.147247 2.68811e-21)
(1.13793 0.140985 -4.35536e-21)
(1.13695 0.134966 3.78653e-21)
(1.13591 0.129176 -2.88458e-21)
(1.13484 0.1236 8.94427e-22)
(1.13375 0.118225 2.43986e-22)
(1.13263 0.113037 3.56368e-21)
(1.1315 0.108025 -3.5842e-22)
(1.13037 0.103177 -1.59316e-22)
(1.12923 0.098483 -4.92894e-21)
(1.12811 0.0939337 2.37353e-21)
(1.12699 0.0895196 -1.77644e-21)
(1.12589 0.085232 9.52818e-22)
(1.1248 0.081063 -3.80108e-21)
(1.12375 0.077005 4.84069e-21)
(1.12271 0.0730506 -6.02216e-22)
(1.12171 0.0691933 -8.21116e-22)
(1.12073 0.0654266 1.43425e-22)
(1.1198 0.0617444 -4.80289e-22)
(1.11889 0.0581409 -2.57247e-22)
(1.11803 0.0546107 5.54882e-22)
(1.11721 0.0511486 -2.15134e-21)
(1.11643 0.0477495 2.61474e-21)
(1.11569 0.0444088 1.0803e-21)
(1.115 0.0411217 1.46412e-22)
(1.11435 0.0378839 -1.81539e-21)
(1.11375 0.0346911 -2.39064e-22)
(1.1132 0.0315393 7.66362e-22)
(1.1127 0.0284245 -2.59421e-22)
(1.11225 0.0253428 -1.67944e-21)
(1.11185 0.0222906 7.10753e-22)
(1.1115 0.0192642 -5.78742e-22)
(1.11121 0.0162601 4.06222e-22)
(1.11096 0.0132749 -3.01959e-22)
(1.11077 0.0103056 -3.67594e-22)
(1.11063 0.00734909 7.6432e-23)
(1.11054 0.00440288 -4.78831e-22)
(1.1105 0.00146197 -3.7496e-22)
(1.0694 0.431037 -6.94801e-21)
(1.08026 0.404416 2.54752e-20)
(1.08851 0.380656 -2.0308e-20)
(1.09586 0.358511 3.211e-21)
(1.10249 0.338474 -4.64039e-21)
(1.10863 0.320373 2.43604e-21)
(1.11424 0.303989 5.62956e-21)
(1.11925 0.289053 2.52287e-21)
(1.12363 0.27532 -1.72861e-21)
(1.12735 0.26259 5.16033e-21)
(1.13044 0.250706 -2.38202e-21)
(1.13293 0.239548 1.27892e-21)
(1.13488 0.229023 -1.87852e-21)
(1.13634 0.219061 2.06948e-21)
(1.13738 0.209607 -4.80208e-21)
(1.13806 0.200615 2.32279e-21)
(1.13841 0.19205 -3.05562e-21)
(1.1385 0.183879 5.07845e-21)
(1.13837 0.176074 -4.58343e-21)
(1.13805 0.168612 6.1625e-21)
(1.13757 0.161469 -3.2586e-21)
(1.13696 0.154626 5.1967e-21)
(1.13624 0.148062 -4.14907e-21)
(1.13543 0.141761 2.12392e-22)
(1.13456 0.135704 3.83773e-21)
(1.13362 0.129878 -4.76761e-21)
(1.13264 0.124267 4.96378e-21)
(1.13162 0.118858 2.04282e-21)
(1.13058 0.113637 -2.69752e-21)
(1.12952 0.108594 1.66151e-21)
(1.12845 0.103716 7.42991e-22)
(1.12737 0.098994 1.71243e-21)
(1.12629 0.0944173 -1.49601e-21)
(1.12523 0.0899769 2.59098e-22)
(1.12417 0.0856641 2.21704e-21)
(1.12313 0.0814709 7.52743e-22)
(1.12211 0.0773896 -1.19989e-21)
(1.12111 0.073413 -1.83948e-22)
(1.12013 0.0695342 -9.11222e-22)
(1.11919 0.0657468 2.43111e-21)
(1.11828 0.0620447 -1.43105e-21)
(1.1174 0.0584221 1.26535e-21)
(1.11656 0.0548734 2.32192e-21)
(1.11576 0.0513933 5.86572e-22)
(1.11499 0.0479769 6.24709e-22)
(1.11427 0.0446193 -1.70663e-21)
(1.1136 0.0413158 3.31393e-21)
(1.11296 0.0380621 1.46613e-21)
(1.11238 0.0348539 -1.0835e-21)
(1.11184 0.0316869 -5.10048e-22)
(1.11135 0.0285572 8.60151e-22)
(1.1109 0.0254609 -6.61409e-22)
(1.11051 0.0223943 1.88328e-21)
(1.11017 0.0193538 -1.47919e-21)
(1.10988 0.0163357 2.24591e-21)
(1.10964 0.0133366 7.85759e-22)
(1.10945 0.0103535 7.05595e-22)
(1.10931 0.00738315 -3.09716e-22)
(1.10922 0.00442314 6.66318e-22)
(1.10918 0.00146877 1.00832e-21)
(1.13134 0.130573 2.1108e-22)
(1.13044 0.124928 -1.04304e-21)
(1.12951 0.119485 -2.23986e-21)
(1.12854 0.114233 8.19465e-21)
(1.12754 0.109159 -7.3704e-21)
(1.12654 0.104252 5.70535e-21)
(1.12552 0.0995014 -2.7009e-21)
(1.12449 0.0948976 -3.5797e-21)
(1.12347 0.0904312 2.33922e-21)
(1.12246 0.0860935 -2.39828e-21)
(1.12146 0.0818763 7.01704e-22)
(1.12048 0.077772 -5.83149e-23)
(1.11951 0.0737732 2.41617e-21)
(1.11857 0.0698732 1.37777e-21)
(1.11765 0.0660653 -7.78975e-22)
(1.11677 0.0623434 1.1946e-21)
(1.11592 0.0587017 -2.2636e-21)
(1.1151 0.0551346 1.16487e-21)
(1.11431 0.0516367 -1.41154e-21)
(1.11357 0.0482031 1.38131e-21)
(1.11286 0.0448287 -2.38439e-22)
(1.1122 0.041509 -9.10848e-22)
(1.11158 0.0382395 4.15949e-22)
(1.11101 0.0350158 -2.60852e-22)
(1.11048 0.0318337 -5.45572e-22)
(1.11 0.0286893 -1.84847e-21)
(1.10956 0.0255785 -7.06936e-23)
(1.10918 0.0224977 1.71933e-21)
(1.10884 0.019443 -9.86839e-22)
(1.10855 0.016411 -2.95553e-22)
(1.10832 0.0133982 -5.23376e-22)
(1.10813 0.0104013 -5.17105e-22)
(1.10799 0.00741725 -4.76876e-22)
(1.10791 0.00444348 1.50536e-22)
(1.10787 0.00147565 -5.83635e-22)
(1.13483 -0.193087 6.55036e-21)
(1.13513 -0.184879 -5.10648e-21)
(1.13518 -0.177036 5.87637e-22)
(1.13503 -0.169535 -9.5565e-22)
(1.1347 -0.162353 1.08327e-21)
(1.13423 -0.15547 2.3788e-21)
(1.13364 -0.148867 -7.87188e-22)
(1.13295 -0.142528 -3.13747e-21)
(1.13218 -0.136435 -5.19563e-21)
(1.13134 -0.130573 4.27258e-21)
(1.13044 -0.124928 -1.85402e-22)
(1.12951 -0.119485 2.09676e-21)
(1.12854 -0.114233 -7.8828e-21)
(1.12754 -0.109159 6.11714e-21)
(1.12654 -0.104252 -6.84022e-21)
(1.12552 -0.0995014 2.42715e-21)
(1.12449 -0.0948976 2.43129e-21)
(1.12347 -0.0904312 -2.14631e-21)
(1.12246 -0.0860935 1.23736e-21)
(1.12146 -0.0818763 -1.86849e-21)
(1.12048 -0.077772 -2.22776e-22)
(1.11951 -0.0737732 -3.59384e-21)
(1.11857 -0.0698732 -1.1802e-21)
(1.11765 -0.0660653 -4.0844e-22)
(1.11677 -0.0623434 -1.48036e-21)
(1.11592 -0.0587017 1.06756e-21)
(1.1151 -0.0551346 -8.30907e-22)
(1.11431 -0.0516367 7.40894e-23)
(1.11357 -0.0482031 -1.71182e-21)
(1.11286 -0.0448287 -1.1061e-21)
(1.1122 -0.041509 -3.01836e-22)
(1.11158 -0.0382395 -2.12952e-22)
(1.11101 -0.0350158 -9.56571e-22)
(1.11048 -0.0318337 3.88805e-22)
(1.11 -0.0286893 4.91515e-22)
(1.10956 -0.0255785 -1.15182e-21)
(1.10918 -0.0224977 -1.51492e-21)
(1.10884 -0.019443 8.29407e-22)
(1.10855 -0.016411 -1.06597e-21)
(1.10832 -0.0133982 -7.02171e-22)
(1.10813 -0.0104013 -7.08531e-22)
(1.10799 -0.00741725 4.11735e-22)
(1.10791 -0.00444348 -1.37555e-21)
(1.10787 -0.00147565 -7.96417e-22)
(1.0694 -0.431037 7.68991e-21)
(1.08026 -0.404416 -2.57642e-20)
(1.08851 -0.380656 1.90797e-20)
(1.09586 -0.358511 -2.66694e-21)
(1.10249 -0.338474 5.05863e-21)
(1.10863 -0.320373 -3.33334e-21)
(1.11424 -0.303989 -5.27e-21)
(1.11925 -0.289053 -2.93793e-21)
(1.12363 -0.27532 9.82612e-22)
(1.12735 -0.26259 -4.27614e-21)
(1.13044 -0.250706 2.69305e-21)
(1.13293 -0.239548 -1.99529e-21)
(1.13488 -0.229023 1.50613e-21)
(1.13634 -0.219061 -1.76401e-21)
(1.13738 -0.209607 4.08757e-21)
(1.13806 -0.200615 -2.01431e-21)
(1.13841 -0.19205 3.72141e-21)
(1.1385 -0.183879 -4.64768e-21)
(1.13837 -0.176074 4.85576e-21)
(1.13805 -0.168612 -4.6682e-21)
(1.13757 -0.161469 5.2264e-21)
(1.13696 -0.154626 -3.44038e-21)
(1.13624 -0.148062 4.54565e-21)
(1.13543 -0.141761 6.19278e-23)
(1.13456 -0.135704 -2.28469e-21)
(1.13362 -0.129878 5.43807e-21)
(1.13264 -0.124267 -3.38578e-21)
(1.13162 -0.118858 -1.54731e-21)
(1.13058 -0.113637 2.74114e-21)
(1.12952 -0.108594 -2.99261e-23)
(1.12845 -0.103716 -4.82335e-23)
(1.12737 -0.098994 -4.19616e-22)
(1.12629 -0.0944173 3.0067e-21)
(1.12523 -0.0899769 -8.09151e-23)
(1.12417 -0.0856641 -1.5098e-21)
(1.12313 -0.0814709 7.93149e-22)
(1.12211 -0.0773896 1.86077e-21)
(1.12111 -0.073413 1.74579e-21)
(1.12013 -0.0695342 1.08834e-21)
(1.11919 -0.0657468 -1.71074e-21)
(1.11828 -0.0620447 2.12422e-21)
(1.1174 -0.0584221 3.23373e-22)
(1.11656 -0.0548734 -2.2657e-21)
(1.11576 -0.0513933 1.84889e-21)
(1.11499 -0.0479769 -7.82219e-22)
(1.11427 -0.0446193 3.45072e-21)
(1.1136 -0.0413158 -1.70081e-21)
(1.11296 -0.0380621 -1.27207e-21)
(1.11238 -0.0348539 1.81914e-21)
(1.11184 -0.0316869 1.06688e-21)
(1.11135 -0.0285572 9.12485e-22)
(1.1109 -0.0254609 2.28911e-21)
(1.11051 -0.0223943 -1.68696e-21)
(1.11017 -0.0193538 1.1475e-21)
(1.10988 -0.0163357 2.41207e-22)
(1.10964 -0.0133366 8.46704e-22)
(1.10945 -0.0103535 9.27105e-22)
(1.10931 -0.00738315 -1.24275e-22)
(1.10922 -0.00442314 9.65726e-22)
(1.10918 -0.00146877 7.85162e-22)
(1.08363 -0.43128 -2.19439e-21)
(1.09321 -0.404246 -3.23903e-21)
(1.10024 -0.380302 -2.32991e-22)
(1.10648 -0.357982 1.0737e-20)
(1.1121 -0.337783 2.7283e-21)
(1.11731 -0.319535 -8.91471e-21)
(1.12209 -0.303024 4.05391e-21)
(1.12638 -0.287989 5.84967e-21)
(1.13012 -0.274187 -1.22132e-20)
(1.13329 -0.261415 2.10283e-21)
(1.1359 -0.249511 9.11917e-21)
(1.13797 -0.23835 -4.75677e-21)
(1.13956 -0.227837 7.71137e-21)
(1.14069 -0.217897 -8.89109e-21)
(1.14145 -0.208472 8.63273e-22)
(1.14186 -0.199516 -2.43531e-21)
(1.14199 -0.190988 7.1054e-21)
(1.14188 -0.182858 2.44249e-22)
(1.14156 -0.175095 -6.19503e-21)
(1.14107 -0.167675 2.57604e-21)
(1.14044 -0.160574 3.86567e-21)
(1.13969 -0.153771 -3.03434e-21)
(1.13885 -0.147247 -2.60632e-21)
(1.13793 -0.140985 4.09774e-21)
(1.13695 -0.134966 -4.04676e-21)
(1.13591 -0.129176 3.73914e-21)
(1.13484 -0.1236 -1.08561e-21)
(1.13375 -0.118225 -5.11809e-22)
(1.13263 -0.113037 -3.19548e-21)
(1.1315 -0.108025 6.82199e-23)
(1.13037 -0.103177 4.14293e-22)
(1.12923 -0.098483 3.99796e-21)
(1.12811 -0.0939337 -3.37674e-21)
(1.12699 -0.0895196 1.49538e-21)
(1.12589 -0.085232 -4.04231e-22)
(1.1248 -0.081063 4.20496e-21)
(1.12375 -0.077005 -5.12719e-21)
(1.12271 -0.0730506 3.1409e-22)
(1.12171 -0.0691933 -2.19662e-22)
(1.12073 -0.0654266 4.2323e-22)
(1.1198 -0.0617444 -1.43548e-22)
(1.11889 -0.0581409 -3.65092e-23)
(1.11803 -0.0546107 -1.27422e-22)
(1.11721 -0.0511486 1.15189e-21)
(1.11643 -0.0477495 -1.93904e-21)
(1.11569 -0.0444088 -6.45859e-22)
(1.115 -0.0411217 -7.54543e-22)
(1.11435 -0.0378839 1.51574e-21)
(1.11375 -0.0346911 1.24249e-21)
(1.1132 -0.0315393 -1.06731e-21)
(1.1127 -0.0284245 3.602e-23)
(1.11225 -0.0253428 1.27717e-21)
(1.11185 -0.0222906 -1.11358e-21)
(1.1115 -0.0192642 1.07012e-21)
(1.11121 -0.0162601 -1.53078e-21)
(1.11096 -0.0132749 -1.01862e-22)
(1.11077 -0.0103056 -3.63382e-23)
(1.11063 -0.00734909 4.24764e-22)
(1.11054 -0.00440288 7.49987e-23)
(1.1105 -0.00146197 -3.45425e-23)
(1.09767 -0.430792 6.47908e-21)
(1.10603 -0.403574 -1.30307e-21)
(1.11186 -0.379545 -6.71117e-21)
(1.117 -0.357127 2.29001e-21)
(1.12162 -0.336827 1.54077e-21)
(1.12592 -0.318484 -7.57643e-21)
(1.12989 -0.301889 4.40396e-22)
(1.13346 -0.286788 3.75934e-21)
(1.13657 -0.272943 -1.10258e-21)
(1.1392 -0.260148 1.86635e-21)
(1.14134 -0.248241 1.79066e-22)
(1.14299 -0.237091 1.17319e-21)
(1.14421 -0.2266 1.58329e-21)
(1.14503 -0.216691 -8.06296e-22)
(1.1455 -0.207303 -1.69834e-21)
(1.14566 -0.198387 1.44824e-21)
(1.14557 -0.189903 -1.01597e-21)
(1.14525 -0.181817 1.39272e-21)
(1.14475 -0.174099 -7.34514e-22)
(1.14409 -0.166723 4.64839e-22)
(1.14331 -0.159665 -1.21619e-21)
(1.14243 -0.152905 3.15613e-21)
(1.14146 -0.146423 -2.37219e-21)
(1.14043 -0.140201 2.12265e-21)
(1.13934 -0.134221 1.35338e-21)
(1.13822 -0.128468 -7.51728e-22)
(1.13706 -0.122928 -1.47811e-21)
(1.13588 -0.117587 -4.19338e-21)
(1.13469 -0.112432 2.04062e-21)
(1.13349 -0.107451 -5.82838e-22)
(1.1323 -0.102634 -3.64052e-21)
(1.13111 -0.0979687 6.89207e-21)
(1.12993 -0.0934471 -1.17101e-21)
(1.12876 -0.0890595 5.53546e-22)
(1.12761 -0.0847974 -6.92333e-21)
(1.12649 -0.0806528 5.04277e-21)
(1.12539 -0.0766181 -1.067e-21)
(1.12432 -0.0726863 -4.65448e-22)
)
;

boundaryField
{
    inlet
    {
        type            uniformFixedValue;
        uniformValue    constant (1 0 0);
        value           nonuniform 0();
    }
    outlet
    {
        type            pressureInletOutletVelocity;
        value           nonuniform 0();
    }
    cylinder
    {
        type            fixedValue;
        value           uniform (0 0 0);
    }
    top
    {
        type            symmetryPlane;
    }
    bottom
    {
        type            symmetryPlane;
    }
    defaultFaces
    {
        type            empty;
    }
    procBoundary4to3
    {
        type            processor;
        value           nonuniform List<vector> 
242
(
(1.04211 0.451228 4.07802e-20)
(1.04211 0.451228 4.07802e-20)
(1.01504 0.461167 -1.05216e-19)
(1.01504 0.461167 -1.05216e-19)
(0.983113 0.471505 -3.23253e-21)
(0.983113 0.471505 -3.23253e-21)
(0.9483 0.482922 -2.18816e-20)
(0.9483 0.482922 -2.18816e-20)
(0.913018 0.494914 1.28224e-20)
(0.866043 0.519159 -2.61576e-20)
(0.913018 0.494914 1.28224e-20)
(0.878413 0.50651 -9.66552e-20)
(0.866043 0.519159 -2.61576e-20)
(0.831052 0.527836 3.4634e-20)
(0.831052 0.527836 3.4634e-20)
(0.795082 0.5341 5.78023e-21)
(0.795082 0.5341 5.78023e-21)
(0.757608 0.537684 -3.14562e-20)
(0.757608 0.537684 -3.14562e-20)
(0.718377 0.538414 1.28633e-20)
(0.718377 0.538414 1.28633e-20)
(0.697062 0.53201 4.57706e-20)
(0.655979 0.528734 2.75335e-20)
(0.655979 0.528734 2.75335e-20)
(0.613256 0.522284 4.97758e-20)
(0.613256 0.522284 4.97758e-20)
(0.569108 0.512504 1.43609e-19)
(0.569108 0.512504 1.43609e-19)
(0.523812 0.499271 8.09996e-20)
(0.523812 0.499271 8.09996e-20)
(0.477699 0.482505 4.45853e-20)
(0.477699 0.482505 4.45853e-20)
(0.457455 0.470059 -3.92136e-20)
(0.411521 0.448953 -2.6689e-20)
(0.411521 0.448953 -2.6689e-20)
(0.365741 0.424443 5.41504e-20)
(0.365741 0.424443 5.41504e-20)
(0.34737 0.409277 -7.97667e-20)
(0.303207 0.381021 -1.78579e-19)
(0.303207 0.381021 -1.78579e-19)
(0.28643 0.364195 -3.96966e-21)
(0.244739 0.332863 -2.55233e-21)
(0.244739 0.332863 -2.55233e-21)
(0.229864 0.314737 6.17001e-20)
(0.191459 0.281242 4.43174e-20)
(0.191459 0.281242 4.43174e-20)
(0.178737 0.262261 -3.3491e-20)
(0.166865 0.242427 2.40172e-20)
(0.133951 0.208445 4.32433e-20)
(0.133951 0.208445 4.32433e-20)
(0.124459 0.188432 -1.72813e-20)
(0.11591 0.167787 7.91046e-20)
(0.0890948 0.135655 5.19367e-21)
(0.0890948 0.135655 5.19367e-21)
(0.0829783 0.115589 -6.85405e-21)
(0.0778368 0.0951236 -5.5735e-20)
(0.0736945 0.074329 -3.02234e-21)
(0.0705707 0.0532769 -8.64835e-21)
(0.0684801 0.0320402 1.16596e-20)
(0.0674323 0.0106924 1.30668e-22)
(0.0674323 -0.0106924 -6.5331e-21)
(0.0684801 -0.0320402 2.83293e-21)
(0.0705707 -0.0532769 9.48576e-22)
(0.0736945 -0.074329 1.86015e-20)
(0.0778368 -0.0951236 -1.07987e-20)
(0.0829783 -0.115589 5.39147e-20)
(0.0829783 -0.115589 5.39147e-20)
(0.108342 -0.146577 2.03835e-20)
(0.11591 -0.167787 -5.24596e-20)
(0.124459 -0.188432 -2.44533e-20)
(0.133951 -0.208445 -6.34945e-21)
(0.133951 -0.208445 -6.34945e-21)
(0.166865 -0.242427 -1.17657e-19)
(0.178737 -0.262261 1.29591e-20)
(0.191459 -0.281242 7.86842e-21)
(0.191459 -0.281242 7.86842e-21)
(0.229864 -0.314737 -2.45144e-20)
(0.244739 -0.332863 -6.20346e-20)
(0.244739 -0.332863 -6.20346e-20)
(0.28643 -0.364195 1.35305e-19)
(0.303207 -0.381021 1.1126e-19)
(0.303207 -0.381021 1.1126e-19)
(0.34737 -0.409277 -6.6431e-20)
(0.34737 -0.409277 -6.6431e-20)
(0.392319 -0.434433 6.48048e-20)
(0.411521 -0.448953 -8.67888e-20)
(0.411521 -0.448953 -8.67888e-20)
(0.457455 -0.470059 4.81232e-20)
(0.457455 -0.470059 4.81232e-20)
(0.503114 -0.487689 -7.89481e-20)
(0.523812 -0.499271 -3.53732e-20)
(0.523812 -0.499271 -3.53732e-20)
(0.569108 -0.512504 -1.99074e-19)
(0.569108 -0.512504 -1.99074e-19)
(0.613256 -0.522284 -6.97139e-20)
(0.613256 -0.522284 -6.97139e-20)
(0.655979 -0.528734 3.2599e-20)
(0.655979 -0.528734 3.2599e-20)
(0.697062 -0.53201 -1.43103e-19)
(0.718377 -0.538414 4.00122e-20)
(0.718377 -0.538414 4.00122e-20)
(0.757608 -0.537684 -1.15964e-20)
(0.757608 -0.537684 -1.15964e-20)
(0.795082 -0.5341 -9.55047e-20)
(0.795082 -0.5341 -9.55047e-20)
(0.831052 -0.527836 -1.97339e-20)
(0.831052 -0.527836 -1.97339e-20)
(0.844264 -0.516604 5.1294e-20)
(0.878413 -0.50651 1.90878e-20)
(0.878413 -0.50651 1.90878e-20)
(0.913018 -0.494914 4.58553e-20)
(0.913018 -0.494914 4.58553e-20)
(0.9483 -0.482922 -8.74069e-20)
(0.9483 -0.482922 -8.74069e-20)
(0.983113 -0.471505 5.22713e-20)
(0.983113 -0.471505 5.22713e-20)
(1.01504 -0.461167 2.26532e-20)
(1.01504 -0.461167 2.26532e-20)
(1.02555 -0.449194 1.36937e-20)
(1.05505 -0.430029 -2.38257e-20)
(1.05505 0.430029 -9.0715e-21)
(1.06719 0.404084 -5.64197e-21)
(1.07667 0.380602 3.30708e-21)
(1.08514 0.358703 -1.95711e-20)
(1.09281 0.338892 5.20921e-21)
(1.09988 0.320991 1.16724e-20)
(1.10632 0.304777 4.64177e-21)
(1.11207 0.289974 -7.97539e-21)
(1.11709 0.276338 5.24355e-21)
(1.12137 0.263672 1.97587e-21)
(1.12494 0.251826 -3.64656e-21)
(1.12786 0.240683 5.26657e-21)
(1.13018 0.230158 -7.27845e-21)
(1.13198 0.220183 2.53285e-21)
(1.13331 0.210706 -4.55966e-21)
(1.13424 0.201686 1.29306e-21)
(1.13483 0.193087 1.01054e-21)
(1.13513 0.184879 5.10648e-21)
(1.13518 0.177036 -5.87637e-22)
(1.13503 0.169535 9.5565e-22)
(1.1347 0.162353 -1.08327e-21)
(1.13423 0.15547 -2.3788e-21)
(1.13364 0.148867 7.87188e-22)
(1.13295 0.142528 3.13747e-21)
(1.13218 0.136435 5.19563e-21)
(1.13218 0.136435 5.19563e-21)
(1.12906 0.131262 -1.73058e-21)
(1.12826 0.125583 -1.56875e-21)
(1.1274 0.120108 2.33117e-21)
(1.12651 0.114824 -5.45597e-21)
(1.12558 0.10972 4.55604e-21)
(1.12464 0.104784 -5.61422e-22)
(1.12367 0.100005 4.11291e-21)
(1.1227 0.0953746 -7.10095e-21)
(1.12173 0.0908824 1.36913e-21)
(1.12076 0.08652 6.80829e-21)
(1.1198 0.0822791 -8.21231e-22)
(1.11885 0.0781519 -1.98848e-21)
(1.11792 0.0741312 -3.16703e-21)
(1.11701 0.07021 -1.8462e-21)
(1.11613 0.0663818 1.71618e-21)
(1.11527 0.0626403 4.95177e-21)
(1.11444 0.0589796 -3.28877e-21)
(1.11364 0.0553943 -2.93605e-22)
(1.11288 0.0518787 1.18401e-21)
(1.11215 0.0484279 -2.47011e-23)
(1.11146 0.045037 2.84038e-21)
(1.11081 0.0417011 9.72118e-22)
(1.11021 0.0384159 -4.09203e-21)
(1.10964 0.0351768 2.56672e-21)
(1.10912 0.0319798 -5.91555e-22)
(1.10865 0.0288207 2.69221e-22)
(1.10822 0.0256956 2.71018e-23)
(1.10784 0.0226006 -6.2604e-22)
(1.10751 0.019532 1.39661e-21)
(1.10723 0.0164861 -6.39741e-22)
(1.107 0.0134596 7.13863e-22)
(1.10681 0.010449 -2.22721e-22)
(1.10668 0.00745137 -2.54101e-22)
(1.10659 0.00446389 4.80119e-22)
(1.10655 0.00148263 1.79339e-22)
(1.13125 -0.194098 1.23694e-20)
(1.13176 -0.185858 -6.86953e-21)
(1.132 -0.177981 1.73988e-21)
(1.13202 -0.170442 -3.78479e-21)
(1.13184 -0.163223 7.31452e-21)
(1.13151 -0.156303 -4.44621e-21)
(1.13105 -0.149663 5.28293e-21)
(1.13047 -0.143287 8.13482e-22)
(1.12981 -0.137158 -9.00861e-21)
(1.12906 -0.131262 2.16063e-21)
(1.12826 -0.125583 8.55382e-22)
(1.1274 -0.120108 -3.00344e-21)
(1.12651 -0.114824 5.88735e-21)
(1.12558 -0.10972 -4.12399e-21)
(1.12464 -0.104784 9.94212e-22)
(1.12367 -0.100005 -4.7895e-21)
(1.1227 -0.0953746 7.53534e-21)
(1.12173 -0.0908824 -1.66913e-21)
(1.12076 -0.08652 -7.48878e-21)
(1.1198 -0.0822791 1.25814e-21)
(1.11885 -0.0781519 1.26286e-21)
(1.11792 -0.0741312 2.48268e-21)
(1.11701 -0.07021 2.28553e-21)
(1.11613 -0.0663818 -1.27609e-21)
(1.11527 -0.0626403 -4.51097e-21)
(1.11444 -0.0589796 2.59982e-21)
(1.11364 -0.0553943 7.35745e-22)
(1.11288 -0.0518787 -7.41267e-22)
(1.11215 -0.0484279 -2.74936e-22)
(1.11146 -0.045037 -3.57608e-21)
(1.11081 -0.0417011 -5.2783e-22)
(1.11021 -0.0384159 3.39807e-21)
(1.10964 -0.0351768 -2.87351e-21)
(1.10912 -0.0319798 1.03694e-21)
(1.10865 -0.0288207 1.76431e-22)
(1.10822 -0.0256956 -7.22869e-22)
(1.10784 -0.0226006 1.07206e-21)
(1.10751 -0.019532 -9.50496e-22)
(1.10723 -0.0164861 -5.64903e-23)
(1.107 -0.0134596 -1.45342e-21)
(1.10681 -0.010449 6.68792e-22)
(1.10668 -0.00745137 7.00041e-22)
(1.10659 -0.00446389 -1.17571e-21)
(1.10655 -0.00148263 2.72507e-22)
(1.05505 -0.430029 -2.38257e-20)
(1.06719 -0.404084 3.83549e-21)
(1.07667 -0.380602 -5.51417e-21)
(1.08514 -0.358703 1.83139e-20)
(1.09281 -0.338892 -5.37667e-21)
(1.09988 -0.320991 -1.15723e-20)
(1.10632 -0.304777 -3.79469e-21)
(1.11207 -0.289974 8.06134e-21)
(1.11709 -0.276338 -4.4998e-21)
(1.12137 -0.263672 -1.89878e-21)
(1.12494 -0.251826 3.49655e-21)
(1.12786 -0.240683 -5.37564e-21)
(1.13018 -0.230158 8.0964e-21)
(1.13198 -0.220183 -2.63709e-21)
(1.13331 -0.210706 4.62716e-21)
(1.13424 -0.201686 -1.41882e-22)
(1.13424 -0.201686 -1.41882e-22)
)
;
    }
    procBoundary4to5
    {
        type            processor;
        value           nonuniform List<vector> 
244
(
(1.09856 0.461131 4.65276e-21)
(1.10399 0.450144 9.6544e-22)
(1.07518 0.473973 8.94252e-21)
(1.07518 0.473973 8.94252e-21)
(1.03736 0.496986 1.17786e-20)
(1.04837 0.486528 5.75466e-22)
(1.04837 0.486528 5.75466e-22)
(1.00634 0.508881 8.54629e-21)
(1.00634 0.508881 8.54629e-21)
(0.973264 0.520137 7.44705e-21)
(0.973264 0.520137 7.44705e-21)
(0.923002 0.537377 -5.49318e-21)
(0.938514 0.530436 -9.12601e-21)
(0.938514 0.530436 -9.12601e-21)
(0.885498 0.544752 -7.77113e-21)
(0.885498 0.544752 -7.77113e-21)
(0.846326 0.549939 1.29179e-20)
(0.846326 0.549939 1.29179e-20)
(0.783289 0.551162 -8.17609e-21)
(0.805392 0.552539 -3.38099e-20)
(0.805392 0.552539 -3.38099e-20)
(0.738636 0.548352 -1.3511e-20)
(0.738636 0.548352 -1.3511e-20)
(0.692122 0.542151 -9.65173e-21)
(0.692122 0.542151 -9.65173e-21)
(0.643876 0.532342 -2.7601e-21)
(0.643876 0.532342 -2.7601e-21)
(0.594107 0.518752 2.30535e-20)
(0.594107 0.518752 2.30535e-20)
(0.543104 0.501248 -1.9478e-20)
(0.543104 0.501248 -1.9478e-20)
(0.491222 0.479747 5.74238e-21)
(0.491222 0.479747 5.74238e-21)
(0.43888 0.454221 5.81908e-20)
(0.43888 0.454221 5.81908e-20)
(0.386553 0.424706 -1.94486e-20)
(0.386553 0.424706 -1.94486e-20)
(0.334763 0.391307 3.78585e-20)
(0.318218 0.385494 -7.84185e-20)
(0.318218 0.385494 -7.84185e-20)
(0.26883 0.347999 -2.1639e-20)
(0.26883 0.347999 -2.1639e-20)
(0.22134 0.307272 6.66869e-20)
(0.22134 0.307272 6.66869e-20)
(0.176358 0.26372 2.37731e-20)
(0.176358 0.26372 2.37731e-20)
(0.134498 0.217842 6.56472e-20)
(0.124534 0.211007 1.02041e-19)
(0.124534 0.211007 1.02041e-19)
(0.0884438 0.164201 -1.06485e-20)
(0.0807622 0.157561 -9.36552e-20)
(0.0807622 0.157561 -9.36552e-20)
(0.051215 0.111446 -6.96686e-20)
(0.051215 0.111446 -6.96686e-20)
(0.0267077 0.065898 -9.46874e-24)
(0.0235258 0.062104 -2.54233e-20)
(0.0235258 0.062104 -2.54233e-20)
(0.00672815 0.0203811 -3.42098e-20)
(0.00573428 0.0188916 4.82292e-20)
(0.0048129 0.0173273 -6.20774e-21)
(0.0048129 0.0173273 -6.20774e-21)
(0.0048129 -0.0173273 -4.75786e-21)
(0.0048129 -0.0173273 -4.75786e-21)
(0.00573428 -0.0188916 -2.52359e-20)
(0.0205193 -0.0580703 -1.68342e-21)
(0.0205193 -0.0580703 -1.68342e-21)
(0.0235258 -0.062104 -1.3802e-20)
(0.0267077 -0.065898 -1.71725e-21)
(0.051215 -0.111446 -1.01964e-20)
(0.051215 -0.111446 -1.01964e-20)
(0.0807622 -0.157561 1.09572e-19)
(0.0807622 -0.157561 1.09572e-19)
(0.0884438 -0.164201 -7.53676e-20)
(0.124534 -0.211007 5.35899e-20)
(0.124534 -0.211007 5.35899e-20)
(0.16449 -0.256431 4.04277e-20)
(0.16449 -0.256431 4.04277e-20)
(0.176358 -0.26372 3.73827e-20)
(0.22134 -0.307272 -4.96974e-20)
(0.22134 -0.307272 -4.96974e-20)
(0.26883 -0.347999 -7.69889e-20)
(0.26883 -0.347999 -7.69889e-20)
(0.318218 -0.385494 3.78141e-22)
(0.318218 -0.385494 3.78141e-22)
(0.334763 -0.391307 1.19597e-20)
(0.386553 -0.424706 -6.23532e-20)
(0.386553 -0.424706 -6.23532e-20)
(0.43888 -0.454221 -3.85758e-21)
(0.43888 -0.454221 -3.85758e-21)
(0.491222 -0.479747 -7.7945e-22)
(0.491222 -0.479747 -7.7945e-22)
(0.543104 -0.501248 2.03316e-20)
(0.543104 -0.501248 2.03316e-20)
(0.594107 -0.518752 -9.5974e-21)
(0.594107 -0.518752 -9.5974e-21)
(0.643876 -0.532342 1.0805e-20)
(0.643876 -0.532342 1.0805e-20)
(0.692122 -0.542151 5.23749e-21)
(0.692122 -0.542151 5.23749e-21)
(0.738636 -0.548352 2.26761e-20)
(0.762611 -0.552209 1.85929e-20)
(0.762611 -0.552209 1.85929e-20)
(0.805392 -0.552539 -6.68164e-21)
(0.805392 -0.552539 -6.68164e-21)
(0.846326 -0.549939 -2.02451e-21)
(0.846326 -0.549939 -2.02451e-21)
(0.885498 -0.544752 1.79679e-20)
(0.885498 -0.544752 1.79679e-20)
(0.923002 -0.537377 -6.17362e-21)
(0.938514 -0.530436 4.79586e-21)
(0.938514 -0.530436 4.79586e-21)
(0.973264 -0.520137 -1.11002e-20)
(0.973264 -0.520137 -1.11002e-20)
(1.00634 -0.508881 -3.83417e-21)
(1.01864 -0.498677 -7.44902e-22)
(1.01864 -0.498677 -7.44902e-22)
(1.04837 -0.486528 2.46481e-20)
(1.04837 -0.486528 2.46481e-20)
(1.07518 -0.473973 9.25312e-21)
(1.08301 -0.462986 8.09375e-21)
(1.08301 -0.462986 8.09375e-21)
(1.10399 -0.450144 1.2544e-21)
(1.11149 0.429602 2.1031e-21)
(1.11868 0.402404 -3.00022e-22)
(1.12336 0.378391 -1.03054e-21)
(1.12742 0.355953 5.71167e-22)
(1.13105 0.335616 2.53245e-22)
(1.13445 0.317227 2.97445e-21)
(1.13761 0.300588 -5.84483e-21)
(1.14048 0.285454 1.95691e-21)
(1.14298 0.271591 -3.17813e-21)
(1.14507 0.258794 1.94747e-21)
(1.14674 0.246899 1.53122e-21)
(1.14799 0.235773 -2.84971e-21)
(1.14885 0.225315 1.31889e-21)
(1.14935 0.215445 1.67346e-21)
(1.14954 0.206101 -1.53453e-21)
(1.14946 0.197231 9.66545e-22)
(1.14914 0.188794 -3.51288e-21)
(1.14862 0.180756 -8.11608e-23)
(1.14794 0.173085 2.09555e-21)
(1.14712 0.165756 -2.01083e-21)
(1.14619 0.158745 3.82653e-21)
(1.14518 0.152029 -3.88343e-21)
(1.14409 0.14559 -2.06571e-21)
(1.14294 0.139409 5.29421e-22)
(1.14175 0.133469 1.55394e-21)
(1.14053 0.127754 1.33662e-21)
(1.13928 0.122251 2.16428e-21)
(1.13803 0.116944 -1.34102e-21)
(1.13676 0.111823 -8.58577e-22)
(1.1355 0.106874 -1.32911e-21)
(1.13424 0.102087 -3.25541e-22)
(1.13299 0.0974512 3.13372e-21)
(1.13176 0.0929576 -1.15967e-21)
(1.13054 0.0885967 -3.77537e-21)
(1.12935 0.0843603 1.05692e-21)
(1.12819 0.0802403 1.98618e-21)
(1.12705 0.0762292 1.65075e-22)
(1.12595 0.07232 -6.8734e-23)
(1.12488 0.0685061 2.14373e-21)
(1.12384 0.0647811 -1.39782e-21)
(1.12285 0.0611391 -7.23757e-22)
(1.1219 0.0575744 2.06918e-22)
(1.12099 0.0540816 -7.47746e-23)
(1.12013 0.0506557 1.48991e-21)
(1.11931 0.0472917 -2.49908e-21)
(1.11853 0.0439849 4.7572e-22)
(1.11781 0.0407308 2.00608e-22)
(1.11714 0.0375251 -1.73703e-21)
(1.11651 0.0343637 1.00899e-21)
(1.11594 0.0312426 8.75574e-22)
(1.11542 0.0281577 3.19079e-22)
(1.1136 0.0252243 -2.88788e-22)
(1.1136 0.0252243 -2.88788e-22)
(1.11319 0.0221865 -1.3847e-21)
(1.11284 0.0191743 8.20755e-22)
(1.11254 0.0161843 6.33705e-22)
(1.11229 0.0132132 -1.06646e-21)
(1.11209 0.0102577 -3.78314e-23)
(1.11195 0.00731509 5.19308e-22)
(1.11186 0.00438269 -8.66202e-22)
(1.11182 0.00145526 2.45591e-22)
(1.12329 -0.0688506 -8.06014e-22)
(1.12229 -0.0651046 5.68119e-22)
(1.12132 -0.0614424 -1.44242e-21)
(1.12039 -0.0578583 1.25449e-21)
(1.11951 -0.0543468 -1.10315e-21)
(1.11866 -0.0509027 4.18154e-22)
(1.11786 -0.0475211 1.58238e-21)
(1.11711 -0.0441972 9.13801e-23)
(1.1164 -0.0409266 -2.23232e-21)
(1.11574 -0.0377049 -3.51391e-22)
(1.11513 -0.0345277 2.5082e-21)
(1.11457 -0.0313912 -4.32036e-22)
(1.11406 -0.0282913 3.48041e-22)
(1.1136 -0.0252243 -4.19729e-22)
(1.11319 -0.0221865 5.26079e-22)
(1.11284 -0.0191743 -3.55148e-22)
(1.11254 -0.0161843 -1.67459e-22)
(1.11229 -0.0132132 9.13382e-22)
(1.11209 -0.0102577 5.04824e-22)
(1.11195 -0.00731509 -3.70602e-22)
(1.11186 -0.00438269 3.21755e-22)
(1.11182 -0.00145526 2.28061e-22)
(1.11149 -0.429602 -2.13783e-21)
(1.11868 -0.402404 2.35843e-22)
(1.12336 -0.378391 8.5101e-22)
(1.12742 -0.355953 -6.69335e-22)
(1.13105 -0.335616 -2.34016e-22)
(1.13445 -0.317227 -3.10711e-21)
(1.13761 -0.300588 5.73733e-21)
(1.14048 -0.285454 -1.93384e-21)
(1.14298 -0.271591 3.21343e-21)
(1.14507 -0.258794 -1.98551e-21)
(1.14674 -0.246899 -1.6859e-21)
(1.14799 -0.235773 2.70615e-21)
(1.14885 -0.225315 -1.31034e-21)
(1.14935 -0.215445 -1.84213e-21)
(1.14954 -0.206101 1.50937e-21)
(1.14946 -0.197231 -9.21541e-22)
(1.14914 -0.188794 3.27073e-21)
(1.14862 -0.180756 1.317e-22)
(1.14794 -0.173085 -2.45015e-21)
(1.14712 -0.165756 1.72858e-21)
(1.14619 -0.158745 -3.43699e-21)
(1.14518 -0.152029 3.57689e-21)
(1.14409 -0.14559 1.69513e-21)
(1.14294 -0.139409 -4.64503e-22)
(1.14175 -0.133469 -1.9443e-21)
(1.14053 -0.127754 -1.2677e-21)
(1.13928 -0.122251 -2.06554e-21)
(1.13803 -0.116944 9.12757e-22)
(1.13676 -0.111823 4.78556e-21)
(1.1355 -0.106874 -2.95943e-21)
(1.13424 -0.102087 4.02859e-22)
(1.13299 -0.0974512 1.45459e-21)
(1.13176 -0.0929576 -2.89995e-21)
(1.13054 -0.0885967 3.85674e-21)
(1.12935 -0.0843603 -1.41206e-21)
(1.12819 -0.0802403 -1.54672e-21)
(1.12705 -0.0762292 -8.0286e-23)
(1.12329 -0.0688506 -8.06014e-22)
(1.12595 -0.07232 -3.00229e-22)
)
;
    }
}


// ************************************************************************* //
