/*--------------------------------*- C++ -*----------------------------------*\
  =========                 |
  \\      /  F ield         | OpenFOAM: The Open Source CFD Toolbox
   \\    /   O peration     | Website:  https://openfoam.org
    \\  /    A nd           | Version:  7
     \\/     M anipulation  |
\*---------------------------------------------------------------------------*/
FoamFile
{
    version     2.0;
    format      ascii;
    class       volScalarField;
    location    "15";
    object      p;
}
// * * * * * * * * * * * * * * * * * * * * * * * * * * * * * * * * * * * * * //

dimensions      [0 2 -2 0 0 0 0];

internalField   nonuniform List<scalar> 
183
(
-0.282194
-0.28271
-0.282366
-0.282874
-0.282701
-0.283193
-0.283193
-0.283661
-0.284077
-0.284268
-0.284654
-0.285003
-0.285352
-0.285853
-0.286156
-0.286802
-0.287052
-0.287834
-0.288023
-0.288187
-0.289052
-0.289147
-0.290123
-0.290139
-0.291223
-0.291147
-0.291065
-0.292156
-0.291973
-0.293158
-0.292856
-0.293711
-0.29329
-0.294539
-0.293972
-0.293424
-0.294621
-0.293918
-0.294386
-0.293528
-0.294863
-0.293825
-0.292764
-0.294159
-0.292903
-0.293098
-0.291512
-0.291523
-0.289422
-0.289119
-0.286281
-0.285452
-0.281721
-0.280126
-0.275458
-0.272931
-0.267503
-0.261843
-0.257858
-0.251964
-0.247333
-0.247238
-0.257715
-0.251866
-0.272687
-0.267307
-0.261695
-0.279824
-0.275202
-0.285102
-0.281409
-0.288736
-0.285924
-0.291123
-0.289037
-0.292698
-0.291118
-0.293772
-0.292515
-0.294498
-0.293454
-0.292391
-0.29404
-0.293176
-0.294303
-0.293593
-0.294252
-0.293676
-0.293123
-0.293446
-0.293019
-0.292923
-0.292615
-0.291943
-0.291755
-0.291038
-0.290956
-0.290871
-0.289958
-0.289971
-0.288907
-0.289
-0.287712
-0.287897
-0.286696
-0.286945
-0.285764
-0.286066
-0.28493
-0.285278
-0.28421
-0.284595
-0.283149
-0.283617
-0.282671
-0.283162
-0.282348
-0.282856
-0.282188
-0.282704
-0.236967
-0.206057
-0.180981
-0.16343
-0.146741
-0.13351
-0.12213
-0.11248
-0.104234
-0.0971889
-0.0911516
-0.0858776
-0.0814565
-0.0775934
-0.0744026
-0.0717165
-0.0695034
-0.0677928
-0.0664476
-0.065676
-0.065134
-0.231337
-0.201392
-0.176442
-0.159152
-0.142972
-0.130131
-0.119123
-0.109814
-0.101856
-0.231321
-0.201445
-0.17642
-0.159093
-0.142764
-0.129854
-0.118588
-0.109169
-0.101113
-0.0941475
-0.088335
-0.0833449
-0.236961
-0.206106
-0.180958
-0.163375
-0.146539
-0.133246
-0.121625
-0.111867
-0.103528
-0.0963193
-0.0902872
-0.0851167
-0.0807326
-0.0771575
-0.0740526
-0.0716159
-0.069547
-0.0680085
-0.0668596
-0.0660833
-0.0656501
)
;

boundaryField
{
    inlet
    {
        type            zeroGradient;
    }
    outlet
    {
        type            fixedValue;
        value           nonuniform 0();
    }
    cylinder
    {
        type            zeroGradient;
    }
    top
    {
        type            symmetryPlane;
    }
    bottom
    {
        type            symmetryPlane;
    }
    defaultFaces
    {
        type            empty;
    }
    procBoundary27to26
    {
        type            processor;
        value           nonuniform List<scalar> 
134
(
-0.281598
-0.281779
-0.282131
-0.282649
-0.283832
-0.283832
-0.284607
-0.285504
-0.286509
-0.287607
-0.288936
-0.288936
-0.290091
-0.291287
-0.29234
-0.29234
-0.293468
-0.29415
-0.29415
-0.295135
-0.295355
-0.295355
-0.295262
-0.295262
-0.295928
-0.295392
-0.295392
-0.29457
-0.29457
-0.293375
-0.293375
-0.291572
-0.291572
-0.288746
-0.288746
-0.284401
-0.284401
-0.278183
-0.278183
-0.270035
-0.264042
-0.264042
-0.253658
-0.253658
-0.242608
-0.242519
-0.253523
-0.253523
-0.269804
-0.263856
-0.263856
-0.277895
-0.277895
-0.284061
-0.284061
-0.288368
-0.288368
-0.291171
-0.291171
-0.292969
-0.292969
-0.294171
-0.294171
-0.295012
-0.295012
-0.295573
-0.294924
-0.294924
-0.295047
-0.295047
-0.294857
-0.293893
-0.293893
-0.29324
-0.292134
-0.292134
-0.291107
-0.28993
-0.288794
-0.288794
-0.287488
-0.286407
-0.285418
-0.284536
-0.283775
-0.283775
-0.282607
-0.282102
-0.281761
-0.281592
-0.095067
-0.0892427
-0.0841426
-0.0798707
-0.0761252
-0.073037
-0.0704325
-0.0682814
-0.0666163
-0.0653032
-0.0645592
-0.0640194
-0.225735
-0.196512
-0.171883
-0.154872
-0.139194
-0.126764
-0.11612
-0.107149
-0.095067
-0.0994753
-0.225713
-0.196571
-0.171865
-0.154811
-0.138981
-0.126475
-0.115551
-0.10647
-0.0986942
-0.091966
-0.0863711
-0.0815588
-0.0791177
-0.0791177
-0.0756815
-0.0726844
-0.070341
-0.0683389
-0.0668572
-0.0657512
-0.0649977
-0.0645742
)
;
    }
    procBoundary27to28
    {
        type            processor;
        value           nonuniform List<scalar> 
124
(
-0.283171
-0.283327
-0.283632
-0.283632
-0.284457
-0.285006
-0.285668
-0.28643
-0.287275
-0.287275
-0.28833
-0.289227
-0.290144
-0.290144
-0.290975
-0.29179
-0.292564
-0.292564
-0.292879
-0.292879
-0.292874
-0.293223
-0.293223
-0.29264
-0.29264
-0.291601
-0.291543
-0.291543
-0.289696
-0.289696
-0.286946
-0.286946
-0.282992
-0.282992
-0.277562
-0.277562
-0.270599
-0.270599
-0.265502
-0.256483
-0.256483
-0.256385
-0.270394
-0.256385
-0.265351
-0.270394
-0.277297
-0.277297
-0.282673
-0.282673
-0.286587
-0.286587
-0.289315
-0.289315
-0.291159
-0.291159
-0.291232
-0.292287
-0.292287
-0.292893
-0.292893
-0.292569
-0.292603
-0.292603
-0.292317
-0.292317
-0.291568
-0.290779
-0.289973
-0.289973
-0.289077
-0.288059
-0.288059
-0.287166
-0.286338
-0.285593
-0.284946
-0.284032
-0.284032
-0.2836
-0.283309
-0.283164
-0.242896
-0.210624
-0.185601
-0.16771
-0.150508
-0.136906
-0.125139
-0.115146
-0.106609
-0.0993058
-0.0930519
-0.0876005
-0.083028
-0.0790455
-0.0757513
-0.0729829
-0.0707069
-0.0689503
-0.0675734
-0.0667752
-0.0662312
-0.242908
-0.210671
-0.185582
-0.167661
-0.150313
-0.136654
-0.124662
-0.114566
-0.105937
-0.0984816
-0.0922277
-0.0868737
-0.0823319
-0.0786174
-0.075404
-0.0728735
-0.0707372
-0.0691424
-0.0679516
-0.0671527
-0.0667106
)
;
    }
}


// ************************************************************************* //
