/*--------------------------------*- C++ -*----------------------------------*\
  =========                 |
  \\      /  F ield         | OpenFOAM: The Open Source CFD Toolbox
   \\    /   O peration     | Website:  https://openfoam.org
    \\  /    A nd           | Version:  7
     \\/     M anipulation  |
\*---------------------------------------------------------------------------*/
FoamFile
{
    version     2.0;
    format      ascii;
    class       volVectorField;
    location    "30";
    object      U;
}
// * * * * * * * * * * * * * * * * * * * * * * * * * * * * * * * * * * * * * //

dimensions      [0 1 -1 0 0 0 0];

internalField   nonuniform List<vector> 
36
(
(1.02769 0.310483 -1.72522e-19)
(1.03746 0.27053 -6.01715e-20)
(0.968763 0.344951 -1.41943e-19)
(0.894308 0.377914 -1.8059e-19)
(0.799962 0.404716 7.55071e-20)
(0.840439 0.34846 -5.97588e-19)
(0.74194 0.362317 4.63755e-19)
(0.620767 0.359334 -1.9806e-20)
(0.690304 0.310553 -1.7503e-19)
(0.569782 0.290977 -2.72349e-19)
(0.529779 0.21416 -3.42526e-19)
(0.502255 0.13107 6.72873e-20)
(0.488233 0.0441238 7.97984e-20)
(0.488233 -0.0441238 6.62878e-20)
(0.502255 -0.13107 -1.5275e-19)
(0.529779 -0.21416 -2.13457e-19)
(0.569782 -0.290977 7.57565e-19)
(0.620767 -0.359334 2.99242e-20)
(0.690304 -0.310553 -5.11764e-19)
(0.74194 -0.362317 5.83842e-19)
(0.840439 -0.34846 -2.29214e-19)
(0.894308 -0.377914 5.13558e-19)
(0.92011 -0.325298 -1.06774e-19)
(0.968763 -0.344951 1.08631e-20)
(0.98436 -0.298848 8.13521e-20)
(1.02769 -0.310483 1.30393e-19)
(1.03746 -0.27053 -1.26824e-19)
(1.08829 0.220716 -6.17887e-21)
(1.09973 0.190008 -5.1895e-20)
(1.09085 0.0191955 6.17709e-21)
(1.09041 0.00628989 -8.79952e-22)
(1.09303 -0.0463582 -6.83263e-21)
(1.09176 -0.0324625 -6.36359e-21)
(1.09085 -0.0191955 5.74784e-22)
(1.09041 -0.00628989 8.79951e-22)
(1.08829 -0.220716 6.17886e-21)
)
;

boundaryField
{
    inlet
    {
        type            uniformFixedValue;
        uniformValue    constant (1 0 0);
        value           nonuniform 0();
    }
    outlet
    {
        type            pressureInletOutletVelocity;
        value           nonuniform 0();
    }
    cylinder
    {
        type            fixedValue;
        value           nonuniform 0();
    }
    top
    {
        type            symmetryPlane;
    }
    bottom
    {
        type            symmetryPlane;
    }
    defaultFaces
    {
        type            empty;
    }
    procBoundary12to10
    {
        type            processor;
        value           nonuniform List<vector> 7((1.00003 0.261483 2.3239e-19) (1.08325 0.0194215 -1.05935e-22) (1.08288 0.00640016 -6.47587e-21) (1.08478 -0.0468262 -2.05326e-20) (1.08394 -0.0328125 6.55558e-21) (1.08325 -0.0194215 -6.95985e-21) (1.08288 -0.00640016 -3.57888e-22));
    }
    procBoundary12to11
    {
        type            processor;
        value           nonuniform List<vector> 
34
(
(0.98436 0.298848 -2.3453e-19)
(1.05615 0.21811 -5.59831e-21)
(0.98436 0.298848 -2.3453e-19)
(0.92011 0.325298 -1.72464e-19)
(0.92011 0.325298 -1.72464e-19)
(0.873983 0.299084 9.34465e-20)
(0.790722 0.310786 -4.70811e-20)
(0.790722 0.310786 -4.70811e-20)
(0.746773 0.265633 2.5064e-19)
(0.646768 0.250619 -6.12938e-20)
(0.646768 0.250619 -6.12938e-20)
(0.612784 0.184005 8.64113e-21)
(0.58948 0.112437 -1.76434e-19)
(0.577632 0.0378217 -5.81093e-20)
(0.577632 -0.0378217 6.07462e-20)
(0.58948 -0.112437 -2.03847e-19)
(0.612784 -0.184005 1.96117e-19)
(0.646768 -0.250619 2.34153e-19)
(0.646768 -0.250619 2.34153e-19)
(0.746773 -0.265633 -3.81357e-19)
(0.790722 -0.310786 1.77785e-19)
(0.790722 -0.310786 1.77785e-19)
(0.873983 -0.299084 -1.42715e-20)
(0.873983 -0.299084 -1.42715e-20)
(0.942961 -0.279303 8.04276e-20)
(0.942961 -0.279303 8.04276e-20)
(1.00003 -0.261483 -4.53621e-20)
(1.00003 -0.261483 -4.53621e-20)
(1.05615 -0.21811 5.59831e-21)
(1.05615 0.21811 -5.59831e-21)
(1.07382 0.189016 -6.58295e-20)
(1.09176 0.0324625 6.3636e-21)
(1.05615 -0.21811 5.59831e-21)
(1.09444 -0.0611849 -5.78531e-21)
)
;
    }
    procBoundary12to13
    {
        type            processor;
        value           nonuniform List<vector> 
30
(
(1.07558 0.275662 1.03139e-19)
(1.07558 0.275662 1.03139e-19)
(0.950696 0.398781 1.48218e-20)
(0.950696 0.398781 1.48218e-20)
(0.680809 0.41734 -5.69654e-20)
(0.680809 0.41734 -5.69654e-20)
(0.474842 0.327515 -7.40027e-19)
(0.428981 0.241958 2.23536e-19)
(0.397267 0.148445 8.39392e-20)
(0.381064 0.0500328 1.38e-19)
(0.381064 -0.0500328 -5.42982e-20)
(0.397267 -0.148445 -1.55557e-19)
(0.428981 -0.241958 9.82669e-20)
(0.474842 -0.327515 4.06161e-19)
(0.680809 -0.41734 5.69654e-20)
(0.680809 -0.41734 5.69654e-20)
(0.799962 -0.404716 -7.55071e-20)
(0.799962 -0.404716 -7.55071e-20)
(0.950696 -0.398781 -1.48218e-20)
(0.950696 -0.398781 -1.48218e-20)
(1.07558 -0.275662 -1.03138e-19)
(1.07558 -0.275662 -1.03138e-19)
(1.10654 0.160544 -6.96544e-20)
(1.09852 0.0188827 -5.57462e-21)
(1.09799 0.0061559 3.23107e-21)
(1.10141 -0.0456397 -3.70928e-21)
(1.09969 -0.0319497 1.50481e-21)
(1.09852 -0.0188827 -1.24204e-22)
(1.09799 -0.0061559 -3.23106e-21)
(1.09973 -0.190008 4.446e-20)
)
;
    }
    procBoundary12to14
    {
        type            processor;
        value           nonuniform List<vector> 
15
(
(1.0719 0.315787 9.69679e-20)
(1.01887 0.356892 -4.44435e-20)
(1.01887 0.356892 -4.44435e-20)
(0.862358 0.436856 -2.44858e-19)
(0.862358 0.436856 -2.44858e-19)
(0.74761 0.463472 -4.1821e-20)
(0.53286 0.402363 1.25798e-19)
(0.53286 -0.402363 1.37592e-19)
(0.862358 -0.436856 2.19025e-19)
(1.01887 -0.356892 4.44435e-20)
(1.01887 -0.356892 4.44435e-20)
(1.0719 -0.315787 -9.69678e-20)
(1.11833 0.22198 -5.75822e-20)
(1.12277 0.189241 2.67125e-20)
(1.11833 -0.22198 5.75822e-20)
)
;
    }
}


// ************************************************************************* //
