/*--------------------------------*- C++ -*----------------------------------*\
  =========                 |
  \\      /  F ield         | OpenFOAM: The Open Source CFD Toolbox
   \\    /   O peration     | Website:  https://openfoam.org
    \\  /    A nd           | Version:  7
     \\/     M anipulation  |
\*---------------------------------------------------------------------------*/
FoamFile
{
    version     2.0;
    format      ascii;
    class       surfaceScalarField;
    location    "35";
    object      phi;
}
// * * * * * * * * * * * * * * * * * * * * * * * * * * * * * * * * * * * * * //

dimensions      [0 3 -1 0 0 0 0];

internalField   nonuniform List<scalar> 
650
(
0.00180194
-8.44376e-06
-1.0597e-09
0.00181021
-8.26407e-06
-1.05239e-09
-8.08859e-06
-1.03969e-09
0.00180311
-1.68783e-05
0.00181137
-1.65196e-05
-1.61694e-05
0.00180545
-2.52926e-05
0.00181369
-2.47564e-05
-2.42327e-05
0.00180893
-3.36772e-05
0.00181714
-3.29656e-05
-3.22706e-05
0.00181353
-4.20237e-05
0.00182171
-4.11394e-05
-4.02759e-05
0.00181921
-5.03247e-05
0.00182735
-4.92712e-05
-4.82424e-05
0.00182594
-5.85741e-05
0.00183402
-5.73555e-05
-5.61654e-05
0.00183365
-6.67677e-05
0.00184168
-6.53885e-05
-6.40416e-05
0.00184229
-7.49029e-05
0.00185027
-7.33684e-05
-7.18698e-05
0.00185179
-8.29794e-05
0.00185971
-8.12951e-05
-7.96502e-05
0.00186208
-9.0999e-05
0.00186995
-8.9171e-05
-8.73857e-05
0.00187308
-9.89659e-05
0.00188091
-9.70005e-05
-9.50812e-05
0.00188472
-0.000106887
0.00189251
-0.000104791
-0.000102744
0.00189689
-0.000114771
0.00190465
-0.000112551
-0.000110383
0.00190952
-0.00012263
0.00191727
-0.000120294
-0.000118012
0.00192251
-0.000130478
0.00193025
-0.000128033
-0.000125645
0.00193577
-0.000138334
0.00194352
-0.000135786
-0.000133299
0.00194919
-0.000146215
0.00195698
-0.000143573
-0.000140994
0.00196268
-0.000154146
0.00197052
-0.000151417
-0.000148752
0.00197615
-0.00016215
0.00198407
-0.000159341
-0.000156598
0.0019895
-0.000170254
0.00199753
-0.000167373
-0.000164559
0.00200263
-0.000178488
0.0020108
-0.000175541
-0.000172663
0.00201546
-0.000186884
0.0020238
-0.000183877
-0.000180942
0.0020279
0.00203644
-0.000192414
0.00204492
-0.000189428
-0.000186511
0.00617235
-0.000203184
0.00618301
-0.000200089
-0.000197066
0.00640802
-0.000211363
0.00641613
-0.000208202
-0.000205116
0.00665049
-0.000216992
0.0066561
-0.000213806
-0.000210696
0.00689608
-0.000220162
0.00689926
-0.00021699
-0.000213893
0.00714124
-0.000221016
0.00714214
-0.000217891
-0.00021484
0.00738269
-0.000219732
0.00738148
-0.000216685
-0.00021371
0.00761746
-0.000216526
0.00761436
-0.000213581
-0.000210706
0.00784294
-0.000211635
0.00783817
-0.000208812
-0.000206055
0.00805694
-0.000205311
0.00805075
-0.000202624
-0.0002
0.00825768
-0.000197812
0.00825032
-0.00019527
-0.000192789
0.00844383
-0.000189394
0.00843557
-0.000187002
-0.000184668
0.00861451
-0.000180302
0.00860557
-0.00017806
-0.000175873
0.00876924
-0.000170764
0.00875984
-0.000168669
-0.000166626
0.0089079
-0.000160985
0.00889826
-0.000159031
-0.000157127
0.00903074
-0.000151145
0.00902103
-0.000149324
-0.000147551
0.00913829
-0.000141396
0.00912866
-0.000139699
-0.000138048
0.0092313
-0.000131861
0.00922188
-0.000130278
-0.00012874
0.00931074
-0.000122635
0.00930161
-0.000121157
-0.000119721
0.00937767
-0.000113785
0.00936891
-0.000112403
-0.00011106
0.00943326
-0.000105356
0.00942492
-0.000104061
-0.000102803
0.00947871
-9.73704e-05
0.0094708
-9.61544e-05
-9.4975e-05
0.00951521
-8.98327e-05
0.00950774
-8.869e-05
-8.75823e-05
0.00954393
-8.27333e-05
0.0095369
-8.16591e-05
-8.06181e-05
0.00956598
-7.60516e-05
0.00955937
-7.50421e-05
-7.40641e-05
0.0095824
-6.97589e-05
0.00957617
-6.88116e-05
-6.78939e-05
0.00959414
-6.38219e-05
0.00958826
-6.29347e-05
-6.20757e-05
0.00960205
-5.82037e-05
0.00959649
-5.7376e-05
-5.65748e-05
0.00960689
-5.28671e-05
0.00960161
-5.20988e-05
-5.13549e-05
0.00960933
-4.77757e-05
0.0096043
-4.7067e-05
-4.63808e-05
0.00960996
-4.28944e-05
0.00960514
-4.2246e-05
-4.1618e-05
0.00960926
-3.81911e-05
0.00960461
-3.76038e-05
-3.7035e-05
0.00960765
-3.36364e-05
0.00960316
-3.31113e-05
-3.26025e-05
0.00960548
-2.92043e-05
0.00960112
-2.87422e-05
-2.82944e-05
0.00960305
-2.48715e-05
0.00959878
-2.44735e-05
-2.40877e-05
0.00960058
-2.06181e-05
0.0095964
-2.02849e-05
-1.9962e-05
0.00959827
-1.64265e-05
0.00959414
-1.6159e-05
-1.58997e-05
0.00959626
-1.22814e-05
0.00959218
-1.20804e-05
-1.18854e-05
0.00959465
-8.16992e-06
0.00959061
-8.03555e-06
-7.90526e-06
0.00959354
-4.07984e-06
0.00958952
-4.01234e-06
-3.94723e-06
0.00959298
0.00958896
-0.000208064
0.00806326
-0.000200417
0.00826517
-0.000191846
0.00845225
-0.000182601
0.00862361
-0.000172912
0.00877877
-0.000162989
0.00891768
-0.000153014
0.00904058
-0.000143138
0.00914803
-0.000133487
0.00924084
-0.000124154
0.00931996
-0.000115207
0.00938652
-0.00010669
0.00944169
-9.86228e-05
0.00948669
-9.101e-05
0.00952274
-8.38405e-05
0.00955103
-7.70925e-05
0.00957266
-7.0736e-05
0.00958869
-6.47367e-05
0.00960007
-5.90572e-05
0.00960766
-5.36594e-05
0.00961222
-4.85063e-05
0.00961442
-4.35628e-05
0.00961484
-3.87965e-05
0.00961396
-3.41777e-05
0.0096122
-2.96805e-05
0.00960992
-2.52816e-05
0.00960738
-2.09613e-05
0.00960484
-1.6702e-05
0.00960246
-1.24887e-05
0.0096004
-8.30828e-06
0.00959877
-4.14887e-06
0.00959763
0.00959705
-0.000203185
0.00617235
0.000192416
-0.000211364
0.00640802
-0.000216993
0.00665049
-0.000220164
0.00689608
-0.000221017
0.00714124
-0.000219734
0.00738269
-0.000216527
0.00761746
-0.000211636
0.00784294
-0.000205312
0.00805694
-0.000197813
0.00825768
-0.000189395
0.00844383
-0.000180303
0.00861451
-0.000170764
0.00876923
-0.000160985
0.0089079
-0.000151145
0.00903074
-0.000141396
0.00913828
-0.000131861
0.0092313
-0.000122635
0.00931074
-0.000113785
0.00937767
-0.000105356
0.00943326
-9.73707e-05
0.0094787
-8.98329e-05
0.00951521
-8.27335e-05
0.00954393
-7.60518e-05
0.00956598
-6.97593e-05
0.0095824
-6.3822e-05
0.00959414
-5.82037e-05
0.00960205
-5.28672e-05
0.00960689
-4.77759e-05
0.00960933
-4.28945e-05
0.00960996
-3.81911e-05
0.00960926
-3.36365e-05
0.00960765
-2.92045e-05
0.00960548
-2.48716e-05
0.00960305
-2.06181e-05
0.00960058
-1.64265e-05
0.00959827
-1.22816e-05
0.00959626
-8.16994e-06
0.00959465
-4.07979e-06
0.00959354
0.00959297
-0.00020009
0.00618301
0.000189429
-0.000208204
0.00641613
-0.000213808
0.0066561
-0.000216992
0.00689926
-0.000217892
0.00714214
-0.000216686
0.00738148
-0.000213582
0.00761436
-0.000208813
0.00783817
-0.000202624
0.00805075
-0.000195271
0.00825032
-0.000187003
0.00843556
-0.000178061
0.00860557
-0.000168669
0.00875984
-0.000159031
0.00889826
-0.000149325
0.00902103
-0.0001397
-0.000130279
-0.000121157
-0.000112403
-0.000104061
-9.61547e-05
-8.86903e-05
-8.16593e-05
-7.50422e-05
-6.88116e-05
-6.29349e-05
-5.73763e-05
-5.2099e-05
-4.70671e-05
-4.22461e-05
-3.76039e-05
-3.31113e-05
-2.87421e-05
-2.44735e-05
-2.0285e-05
-1.61591e-05
-1.20803e-05
-8.03556e-06
-4.0124e-06
-0.000197068
-0.000205117
-0.000210697
-0.000213894
-0.000214841
-0.000213711
-0.000210707
-0.000206056
-0.000200001
-0.00019279
-0.000184669
-0.000175874
-0.000166627
-0.000157127
0.0020279
0.000186886
0.00203644
0.000183879
0.000180943
0.00201546
0.00017849
0.0020238
0.000175543
0.000172665
0.00200263
0.000170256
0.0020108
0.000167374
0.000164561
0.0019895
0.000162151
0.00199753
0.000159343
0.0001566
0.00197615
0.000154148
0.00198407
0.000151419
0.000148754
0.00196268
0.000146217
0.00197052
0.000143575
0.000140996
0.00194919
0.000138335
0.00195698
0.000135788
0.000133301
0.00193577
0.00013048
0.00194352
0.000128035
0.000125647
0.00192251
0.000122632
0.00193025
0.000120295
0.000118014
0.00190952
0.000114773
0.00191727
0.000112553
0.000110385
0.00189689
0.000106889
0.00190465
0.000104793
0.000102746
0.00188472
9.89679e-05
0.00189251
9.70025e-05
9.50831e-05
0.00187308
9.10011e-05
0.00188091
8.9173e-05
8.73877e-05
0.00186208
8.29815e-05
0.00186995
8.12971e-05
7.96522e-05
0.00185179
7.4905e-05
0.00185971
7.33704e-05
7.18718e-05
0.00184229
6.67697e-05
0.00185027
6.53906e-05
6.40437e-05
0.00183365
5.85762e-05
0.00184168
5.73575e-05
5.61674e-05
0.00182594
5.03268e-05
0.00183402
4.92733e-05
4.82444e-05
0.00181921
4.20258e-05
0.00182735
4.11415e-05
4.02779e-05
0.00181353
3.36794e-05
0.00182171
3.29677e-05
3.22727e-05
0.00180893
2.52947e-05
0.00181714
2.47585e-05
2.42348e-05
0.00180545
1.68804e-05
0.00181369
1.65217e-05
1.61714e-05
0.00180311
8.44588e-06
0.00181137
8.26617e-06
8.09067e-06
0.00180194
0.00181021
)
;

boundaryField
{
    inlet
    {
        type            calculated;
        value           nonuniform 0();
    }
    outlet
    {
        type            calculated;
        value           nonuniform 0();
    }
    cylinder
    {
        type            calculated;
        value           nonuniform 0();
    }
    top
    {
        type            symmetryPlane;
        value           uniform 0;
    }
    bottom
    {
        type            symmetryPlane;
        value           uniform 0;
    }
    defaultFaces
    {
        type            empty;
        value           nonuniform 0();
    }
    procBoundary54to53
    {
        type            processor;
        value           nonuniform List<scalar> 
131
(
-0.0017935
-0.00179468
-0.00179704
-0.00180055
-0.00180519
-0.00181091
-0.00181769
-0.00182545
-0.00183415
-0.00184371
-0.00185406
-0.00186512
-0.0018768
-0.00188901
-0.00190167
-0.00191466
-0.00192791
-0.00194131
-0.00195475
-0.00196815
-0.00198139
-0.0019944
-0.00200707
-0.00201931
-0.000195474
-0.00616158
-0.00639984
-0.00664486
-0.00689291
-0.00714038
-0.00738397
-0.00762067
-0.00784783
-0.00806326
-0.00826517
-0.00845225
-0.00862361
-0.00877877
-0.00891768
-0.00904058
-0.00914803
-0.00924084
-0.00931996
-0.00938652
-0.00944169
-0.00948669
-0.00952274
-0.00955103
-0.00957266
-0.00958869
-0.00960007
-0.00960766
-0.00961222
-0.00961442
-0.00961484
-0.00961396
-0.0096122
-0.00960992
-0.00960738
-0.00960484
-0.00960246
-0.0096004
-0.00959877
-0.00959763
-0.00959706
-0.00806972
-0.00827282
-0.00846082
-0.00863285
-0.00878846
-0.0089276
-0.00905055
-0.00915791
-0.00925049
-0.0093293
-0.00939546
-0.0094502
-0.00949476
-0.00953036
-0.0095582
-0.00957941
-0.00959505
-0.00960607
-0.00961334
-0.00961762
-0.00961958
-0.00961978
-0.00961873
-0.00961682
-0.00961441
-0.00961178
-0.00960916
-0.00960672
-0.00960461
-0.00960295
-0.00960179
-0.0096012
-0.00616158
-0.000195475
-0.00639984
-0.00664486
-0.00689291
-0.00714038
-0.00738397
-0.00762067
0.000214527
-0.00784783
-0.00201931
-0.00200707
-0.0019944
-0.00198139
-0.00196815
-0.00195475
-0.00194131
-0.00192791
-0.00191466
-0.00190167
-0.00188901
-0.0018768
-0.00186512
-0.00185406
-0.00184371
-0.00183415
-0.00182545
-0.00181769
-0.00181091
-0.00180519
-0.00180055
-0.00179704
-0.00179468
-0.0017935
)
;
    }
    procBoundary54to55
    {
        type            processor;
        value           nonuniform List<scalar> 
131
(
0.0018183
0.00181945
0.00182175
0.00182518
0.00182971
0.00183531
0.00184194
0.00184956
0.00185809
0.00186749
0.00187769
0.00188861
0.00190017
0.00191229
0.0019249
0.00193789
0.00195117
0.00196467
0.00197828
0.00199192
0.00200549
0.00201891
0.00203208
0.000178076
0.00205336
0.00619357
0.00642418
0.00666168
0.00690246
0.00714309
0.00738035
0.00761135
0.00783352
0.00804469
0.00824311
0.00842744
0.00859678
0.0087506
0.00888876
0.00901146
0.00911916
0.00921257
0.0092926
0.00936025
0.00941666
0.00946297
0.00950035
0.00952993
0.00955281
0.00957
0.00958244
0.00959099
0.00959639
0.00959933
0.00960037
0.00960003
0.00959872
0.00959681
0.00959458
0.00959227
0.00959008
0.00958816
0.00958663
0.00958556
0.00958502
0.00912866
0.00922188
0.00930161
0.00936891
0.00942492
0.0094708
0.00950774
0.0095369
0.00955936
0.00957617
0.00958826
0.00959649
0.00960161
0.0096043
0.00960514
0.00960461
0.00960316
0.00960112
0.00959878
0.0095964
0.00959414
0.00959218
0.00959061
0.00958952
0.00958896
0.00619357
0.000186513
0.00642418
0.00666168
0.00690246
0.00714309
0.00738035
0.00761135
0.00783352
0.00804469
0.00824311
0.00842744
0.00859678
0.0087506
0.00888876
-0.000147551
0.00901146
0.00204492
0.00203208
0.00201891
0.00200549
0.00199192
0.00197828
0.00196467
0.00195117
0.00193789
0.0019249
0.00191229
0.00190017
0.00188861
0.00187769
0.00186749
0.00185809
0.00184956
0.00184194
0.00183531
0.00182971
0.00182518
0.00182175
0.00181945
0.0018183
)
;
    }
}


// ************************************************************************* //
