/*--------------------------------*- C++ -*----------------------------------*\
  =========                 |
  \\      /  F ield         | OpenFOAM: The Open Source CFD Toolbox
   \\    /   O peration     | Website:  https://openfoam.org
    \\  /    A nd           | Version:  7
     \\/     M anipulation  |
\*---------------------------------------------------------------------------*/
FoamFile
{
    version     2.0;
    format      ascii;
    class       volVectorField;
    location    "5";
    object      U;
}
// * * * * * * * * * * * * * * * * * * * * * * * * * * * * * * * * * * * * * //

dimensions      [0 1 -1 0 0 0 0];

internalField   nonuniform List<vector> 
36
(
(-0.0288023 0.00760643 1.03789e-19)
(-0.0129701 0.00960066 -6.38137e-20)
(0.0116538 0.00753414 -2.78841e-19)
(0.0462265 0.000871193 -8.89388e-20)
(0.160124 -0.0269562 -4.07277e-20)
(0.243635 -0.0385475 -4.33401e-19)
(0.470911 -0.0554321 -2.92905e-19)
(0.750259 -0.0456698 2.86249e-20)
(1.02243 -0.00665193 -2.21135e-19)
(1.26866 0.0466608 2.25455e-19)
(1.26866 -0.0466608 -2.25455e-19)
(1.02243 0.00665193 2.21135e-19)
(0.750259 0.0456698 -2.86249e-20)
(0.470911 0.0554321 2.92905e-19)
(0.243635 0.0385475 2.21676e-19)
(0.160124 0.0269562 2.52481e-19)
(0.0462265 -0.000871176 1.15554e-19)
(0.0116538 -0.00753412 4.62439e-19)
(-0.0129701 -0.00960064 -1.39463e-19)
(1.24549 0.0601219 3.62367e-21)
(1.22345 0.0520429 -5.9745e-20)
(1.20493 0.0441403 3.26935e-20)
(1.18972 0.0366047 1.06986e-20)
(1.1775 0.029469 -1.13644e-20)
(1.16798 0.0226447 2.78084e-21)
(1.16095 0.0160461 -1.11723e-21)
(1.1563 0.0096132 1.12798e-22)
(1.15394 0.00327658 2.07545e-21)
(1.22345 -0.0520429 1.69066e-21)
(1.20493 -0.0441403 -3.26935e-20)
(1.18972 -0.0366047 -1.06986e-20)
(1.1775 -0.029469 1.13644e-20)
(1.16798 -0.0226447 -2.78084e-21)
(1.16095 -0.0160461 -2.7708e-21)
(1.1563 -0.0096132 3.75714e-21)
(1.15394 -0.00327658 -2.07545e-21)
)
;

boundaryField
{
    inlet
    {
        type            uniformFixedValue;
        uniformValue    constant (1 0 0);
        value           nonuniform 0();
    }
    outlet
    {
        type            pressureInletOutletVelocity;
        value           nonuniform 0();
    }
    cylinder
    {
        type            fixedValue;
        value           nonuniform 0();
    }
    top
    {
        type            symmetryPlane;
    }
    bottom
    {
        type            symmetryPlane;
    }
    defaultFaces
    {
        type            empty;
    }
    procBoundary32to30
    {
        type            processor;
        value           nonuniform List<vector> 
14
(
(1.13423 0.0333796 4.83322e-19)
(1.30396 0.0848389 -2.13448e-19)
(1.30396 -0.0848389 2.13448e-19)
(1.13423 -0.0333796 -4.83322e-19)
(1.18353 0.0406078 1.05934e-20)
(1.17212 0.0324786 7.31866e-21)
(1.16322 0.0248344 -4.80921e-22)
(1.15665 0.0175354 -3.14734e-21)
(1.15229 0.0104827 -8.76937e-23)
(1.15006 0.00356224 1.12825e-21)
(1.16322 -0.0248344 -1.08946e-20)
(1.15665 -0.0175354 3.14734e-21)
(1.15229 -0.0104827 8.76937e-23)
(1.15006 -0.00356224 -1.12825e-21)
)
;
    }
    procBoundary32to31
    {
        type            processor;
        value           nonuniform List<vector> 
34
(
(-0.0246954 0.0129466 3.60722e-20)
(-0.017467 0.0182303 1.40284e-19)
(-0.00541055 0.0190535 -6.74375e-20)
(0.012914 0.014686 -3.2161e-20)
(0.0922884 -0.00990657 -1.73183e-19)
(0.0922884 -0.00990657 -1.73183e-19)
(0.15148 -0.0231834 -1.99459e-19)
(0.342704 -0.0474929 8.64098e-20)
(0.342704 -0.0474929 8.64098e-20)
(0.604193 -0.0498164 -1.09046e-18)
(0.604193 -0.0498164 -1.09046e-18)
(0.89195 -0.0200397 2.94114e-19)
(0.89195 -0.0200397 2.94114e-19)
(1.2174 0.0452853 2.18433e-19)
(1.2174 -0.0452853 -2.18433e-19)
(0.89195 0.0200397 -2.94114e-19)
(0.89195 0.0200397 -2.94114e-19)
(0.604193 0.0498164 1.09046e-18)
(0.604193 0.0498164 1.09046e-18)
(0.342704 0.0474929 -8.64098e-20)
(0.342704 0.0474929 -8.64098e-20)
(0.15148 0.0231834 1.28606e-19)
(0.0922884 0.00990658 2.44042e-19)
(0.0922884 0.00990658 2.44042e-19)
(0.012914 -0.014686 -3.35404e-19)
(-0.00541054 -0.0190535 2.68755e-19)
(-0.017467 -0.0182303 7.67186e-20)
(1.23645 0.0694162 3.93363e-20)
(1.21512 0.0589368 -3.60909e-20)
(1.19772 0.0493836 3.53638e-20)
(1.21512 -0.0589368 3.60909e-20)
(1.19772 -0.0493836 -3.53638e-20)
(1.18353 -0.0406078 1.23876e-20)
(1.17212 -0.0324786 -7.31866e-21)
)
;
    }
    procBoundary32to33
    {
        type            processor;
        value           nonuniform List<vector> 
35
(
(-0.036554 0.00285881 2.86959e-20)
(-0.0263288 0.000424597 8.72407e-20)
(-0.000321887 -0.00175487 1.37349e-19)
(0.0389833 -0.00709884 -5.0688e-19)
(0.0921726 -0.0157893 -2.43695e-20)
(0.0921726 -0.0157893 -2.43695e-20)
(0.240416 -0.0440184 5.39476e-20)
(0.348225 -0.0524006 4.65588e-19)
(0.348225 -0.0524006 4.65588e-19)
(0.603386 -0.0600176 -6.66475e-19)
(0.603386 -0.0600176 -6.66475e-19)
(0.885996 -0.0388308 -2.14818e-19)
(0.885996 -0.0388308 -2.14818e-19)
(1.12786 0.00590041 -3.20999e-19)
(1.20227 0.00730906 2.34636e-19)
(1.29996 0.066596 -1.21829e-20)
(1.20227 -0.00730906 5.66374e-20)
(1.29996 -0.066596 1.21829e-20)
(1.12786 -0.00590041 3.20999e-19)
(0.885996 0.0388308 2.14818e-19)
(0.885996 0.0388308 2.14818e-19)
(0.603386 0.0600176 2.66034e-19)
(0.603386 0.0600176 2.66034e-19)
(0.348225 0.0524006 -1.0179e-19)
(0.348225 0.0524006 -1.0179e-19)
(0.240416 0.0440184 -4.17805e-19)
(0.0921726 0.0157893 1.70075e-20)
(0.0921726 0.0157893 1.70075e-20)
(0.0389833 0.00709887 1.92744e-19)
(-0.000321886 0.0017549 2.20481e-19)
(-0.0288023 -0.0076064 -4.01829e-20)
(1.15983 0.00865424 4.01912e-21)
(1.15736 0.00295039 -5.63114e-22)
(1.27072 0.0680995 7.17963e-20)
(1.24549 -0.0601219 -3.88587e-20)
)
;
    }
    procBoundary32to34
    {
        type            processor;
        value           nonuniform List<vector> 
15
(
(1.25532 0.051216 -8.44995e-22)
(1.23154 0.0451891 3.72972e-20)
(1.21155 0.0387104 -5.66616e-21)
(1.19529 0.0323616 -1.67804e-20)
(1.18229 0.0262345 4.21078e-21)
(1.17219 0.0202688 -7.82363e-21)
(1.16475 0.0144181 4.33147e-21)
(1.23154 -0.0451891 -3.72972e-20)
(1.21155 -0.0387104 5.66616e-21)
(1.19529 -0.0323616 1.67804e-20)
(1.18229 -0.0262345 -4.21078e-21)
(1.17219 -0.0202688 7.82363e-21)
(1.16475 -0.0144181 -4.33147e-21)
(1.15983 -0.00865424 4.45896e-22)
(1.15736 -0.00295039 5.63114e-22)
)
;
    }
}


// ************************************************************************* //
