/*--------------------------------*- C++ -*----------------------------------*\
  =========                 |
  \\      /  F ield         | OpenFOAM: The Open Source CFD Toolbox
   \\    /   O peration     | Website:  https://openfoam.org
    \\  /    A nd           | Version:  7
     \\/     M anipulation  |
\*---------------------------------------------------------------------------*/
FoamFile
{
    version     2.0;
    format      ascii;
    class       volScalarField;
    location    "35";
    object      p;
}
// * * * * * * * * * * * * * * * * * * * * * * * * * * * * * * * * * * * * * //

dimensions      [0 2 -2 0 0 0 0];

internalField   nonuniform List<scalar> 
392
(
-0.164698
-0.146559
-0.130048
-0.217669
-0.199101
-0.180636
-0.162513
-0.14481
-0.127053
-0.11092
-0.248995
-0.231524
-0.213567
-0.19534
-0.177059
-0.158943
-0.141238
-0.124013
-0.106695
-0.271822
-0.257094
-0.241341
-0.224733
-0.207467
-0.189761
-0.17184
-0.153924
-0.136235
-0.271023
-0.258919
-0.245553
-0.23103
-0.215494
-0.19913
-0.182145
-0.164768
-0.147229
-0.270191
-0.262358
-0.25322
-0.242731
-0.230904
-0.217806
-0.203553
-0.188306
-0.172259
-0.155633
-0.254582
-0.250441
-0.245386
-0.239229
-0.23182
-0.223064
-0.212926
-0.201432
-0.188663
-0.174748
-0.225975
-0.223241
-0.220394
-0.216864
-0.212367
-0.206717
-0.199769
-0.191436
-0.181699
-0.170595
-0.190832
-0.188771
-0.186846
-0.184684
-0.181784
-0.177871
-0.172756
-0.166304
-0.158439
-0.151254
-0.150131
-0.149029
-0.147568
-0.145318
-0.14201
-0.137459
-0.110358
-0.110185
-0.10992
-0.109174
-0.107589
-0.0682847
-0.0690777
-0.0696591
-0.069638
-0.0251934
-0.0269581
-0.0251934
-0.026958
-0.0682847
-0.0690777
-0.0696591
-0.0696379
-0.110358
-0.110185
-0.10992
-0.109174
-0.107589
-0.104908
-0.151254
-0.150131
-0.149029
-0.147568
-0.145318
-0.14201
-0.137459
-0.131538
-0.190832
-0.188771
-0.186846
-0.184684
-0.181784
-0.177871
-0.172756
-0.166304
-0.158439
-0.225975
-0.223241
-0.220394
-0.216864
-0.212367
-0.206717
-0.199769
-0.191436
-0.181699
-0.170595
-0.254582
-0.250441
-0.245386
-0.239229
-0.23182
-0.223064
-0.212926
-0.201432
-0.188663
-0.174748
-0.159862
-0.270191
-0.262358
-0.25322
-0.242731
-0.230904
-0.217806
-0.203553
-0.188306
-0.172259
-0.155633
-0.271023
-0.258919
-0.245553
-0.23103
-0.215494
-0.19913
-0.182145
-0.164768
-0.147229
-0.257094
-0.241341
-0.224733
-0.207467
-0.189761
-0.17184
-0.153924
-0.136235
-0.231524
-0.213567
-0.19534
-0.177059
-0.158943
-0.141238
-0.124013
-0.106695
-0.199101
-0.180636
-0.162513
-0.14481
-0.127053
-0.11092
-0.164698
-0.146559
-0.130048
-0.118789
-0.0966407
-0.0822575
-0.0695578
-0.0587606
-0.0497362
-0.0417618
-0.0348318
-0.0287275
-0.0232923
-0.0184405
-0.0140886
-0.0101716
-0.00663329
-0.00343684
-0.000532409
0.00210421
0.00450258
0.00668596
0.00867485
0.0104871
0.0121383
0.0136419
0.0150104
0.016253
0.0173806
0.0184007
0.0193203
0.020146
0.0208831
0.0215365
0.0221104
0.0226084
0.0230335
0.0233884
0.0236752
0.0238955
0.0240501
0.0241431
0.0241594
-0.101848
-0.0827544
-0.0701372
-0.058908
-0.0494407
-0.0413932
-0.0343039
-0.0280857
-0.0225796
-0.0176608
-0.0132532
-0.00928781
-0.00570916
-0.00246959
0.000464347
0.00313349
0.005561
0.00777223
0.00978784
0.011626
0.0133027
0.0148317
0.0162252
0.0174943
0.0186476
0.0196945
0.0206419
0.0214964
0.0222636
0.0229485
0.0235555
0.0240883
0.0245504
0.0249444
0.0252726
0.0255369
0.025739
0.0258794
0.0259621
0.0259713
0.017527
0.0188099
0.0199793
0.0210429
0.022009
0.0228837
0.0236728
0.0243816
0.0250144
0.0255751
0.0260671
0.0264934
0.0268564
0.0271583
0.0274006
0.0275847
0.0277112
0.0277841
0.0277868
0.00437856
0.00680969
0.00902568
0.0110479
0.0128943
0.0145807
0.0161208
0.017527
0.0188099
0.0199793
0.0210429
0.022009
0.0228837
0.0236728
0.0243816
0.0250144
0.0255751
0.0260671
0.0264934
0.0268565
0.0271583
0.0274006
0.0275848
0.0277112
0.0277841
0.0277868
-0.101848
-0.0827544
-0.0701372
-0.0589079
-0.0494407
-0.0413932
-0.0343039
-0.0280857
-0.0225796
-0.0176608
-0.0132532
-0.00928781
-0.00570915
-0.00246958
0.000464353
0.0031335
0.005561
0.00777224
0.00978784
0.011626
0.0133027
0.0148317
0.0162252
0.0174943
0.0186476
0.0196945
0.020642
0.0214964
0.0222636
0.0229485
0.0235555
0.0240884
0.0245504
0.0249444
0.0252726
0.0255369
0.025739
0.0258794
0.0259621
0.0259713
-0.118789
-0.0966406
-0.0822575
-0.0695578
-0.0587606
-0.0497362
-0.0417618
-0.0348318
-0.0287275
-0.0232923
-0.0184405
-0.0140886
-0.0101716
-0.00663328
-0.00343683
-0.000532403
0.00210421
0.00450259
0.00668596
0.00867486
0.0104871
0.0121383
0.0136419
0.0150104
0.016253
0.0173806
0.0184007
0.0193203
0.020146
0.0208831
0.0215365
0.0221104
0.0226084
0.0230336
0.0233885
0.0236752
0.0238955
0.0240501
0.0241431
)
;

boundaryField
{
    inlet
    {
        type            zeroGradient;
    }
    outlet
    {
        type            fixedValue;
        value           nonuniform 0();
    }
    cylinder
    {
        type            zeroGradient;
    }
    top
    {
        type            symmetryPlane;
    }
    bottom
    {
        type            symmetryPlane;
    }
    defaultFaces
    {
        type            empty;
    }
    procBoundary10to9
    {
        type            processor;
        value           nonuniform List<scalar> 
152
(
-0.0909082
-0.119022
-0.102333
-0.0909082
-0.0855172
-0.129753
-0.119022
-0.112563
-0.138661
-0.129753
-0.121579
-0.159862
-0.144209
-0.138661
-0.128016
-0.158218
-0.159862
-0.144712
-0.149152
-0.158218
-0.138496
-0.131538
-0.149152
-0.124184
-0.104908
-0.131538
-0.10095
-0.104908
-0.0687326
-0.028394
-0.0687326
-0.0291072
0.0187555
-0.028394
0.0160133
0.0187555
0.0160133
-0.028394
-0.028394
-0.0291072
-0.0687326
-0.0687326
-0.0666999
-0.10095
-0.10095
-0.0955955
-0.124184
-0.124184
-0.149152
-0.149152
-0.138496
-0.158218
-0.158218
-0.144712
-0.13026
-0.144209
-0.144209
-0.128016
-0.138661
-0.138661
-0.121579
-0.129753
-0.129753
-0.112562
-0.119022
-0.119022
-0.102333
-0.0855172
-0.0909081
-0.0909081
-0.0848652
-0.0678249
-0.0575617
-0.0480087
-0.0399043
-0.0329226
-0.0267338
-0.0212546
-0.0163687
-0.0119806
-0.00802872
-0.00445837
-0.00122467
0.00171137
0.00437856
0.00680968
0.00902568
0.0110479
0.0128943
0.0145807
0.0161208
0.0161208
0.0202229
0.0213947
0.022464
0.0234377
0.0243227
0.0251246
0.0258485
0.0264989
0.0270797
0.0275943
0.0280457
0.0284365
0.0287688
0.0290446
0.0292652
0.0294318
0.0295449
0.0296083
0.0296051
0.00830476
0.010495
0.0124971
0.0143285
0.0160042
0.0175375
0.0189403
0.0202229
0.0213947
0.022464
0.0234377
0.0243227
0.0251246
0.0258485
0.0264989
0.0270797
0.0275943
0.0280457
0.0284365
0.0287688
0.0290446
0.0292652
0.0294318
0.0295449
0.0296083
0.0296051
-0.0848651
-0.0678249
-0.0575617
-0.0480087
-0.0399043
-0.0329226
-0.0267338
-0.0212546
-0.0163687
-0.0119806
-0.00802871
-0.00445837
-0.00122466
0.00171137
0.00171137
)
;
    }
    procBoundary10to11
    {
        type            processor;
        value           nonuniform List<scalar> 
145
(
-0.183636
-0.165169
-0.148205
-0.238775
-0.220001
-0.201266
-0.182802
-0.182802
-0.271853
-0.254253
-0.236122
-0.236122
-0.296543
-0.281673
-0.265773
-0.265773
-0.297724
-0.285394
-0.285394
-0.299516
-0.291293
-0.281815
-0.281815
-0.287144
-0.282414
-0.276825
-0.276825
-0.261619
-0.258097
-0.258097
-0.228954
-0.228954
-0.228954
-0.228954
-0.261619
-0.258097
-0.258097
-0.287144
-0.282414
-0.276825
-0.276825
-0.299516
-0.291293
-0.281815
-0.281815
-0.297724
-0.285394
-0.271822
-0.271822
-0.281673
-0.265773
-0.248995
-0.248995
-0.254253
-0.236122
-0.217669
-0.217669
-0.220001
-0.201266
-0.182802
-0.182802
-0.183636
-0.165169
-0.148205
-0.134766
-0.110385
-0.0940913
-0.0798268
-0.0678183
-0.0579752
-0.04911
-0.0414896
-0.0348156
-0.0288761
-0.0235902
-0.0188603
-0.0146113
-0.0107787
-0.00732418
-0.00418682
-0.00134351
0.0012402
0.00358991
0.0057284
0.00767537
0.009448
0.0110612
0.0125287
0.0138603
0.0150685
0.016161
0.0171459
0.0180299
0.0188193
0.0195192
0.0201343
0.0206684
0.021125
0.0215068
0.0218162
0.0220551
0.0222243
0.0223279
0.0223519
0.0241594
-0.134766
-0.110385
-0.0940912
-0.0798268
-0.0678183
-0.0579752
-0.04911
-0.0414896
-0.0348156
-0.028876
-0.0235902
-0.0188603
-0.0146113
-0.0107787
-0.00732418
-0.00418682
-0.00134351
0.0012402
0.00358992
0.00572841
0.00767537
0.00944801
0.0110612
0.0125287
0.0138603
0.0150685
0.016161
0.0171459
0.0180299
0.0188193
0.0195192
0.0201343
0.0206684
0.021125
0.0215068
0.0218162
0.0220551
0.0222243
0.0241594
0.022328
)
;
    }
}


// ************************************************************************* //
