/*--------------------------------*- C++ -*----------------------------------*\
  =========                 |
  \\      /  F ield         | OpenFOAM: The Open Source CFD Toolbox
   \\    /   O peration     | Website:  https://openfoam.org
    \\  /    A nd           | Version:  7
     \\/     M anipulation  |
\*---------------------------------------------------------------------------*/
FoamFile
{
    version     2.0;
    format      ascii;
    class       labelList;
    note        "nPoints: 644 nCells: 183 nFaces: 870 nInternalFaces: 228";
    location    "constant/polyMesh";
    object      neighbour;
}
// * * * * * * * * * * * * * * * * * * * * * * * * * * * * * * * * * * * * * //


228
(
1
2
122
3
123
3
4
5
5
6
7
7
8
9
9
10
11
12
12
13
14
14
15
16
16
17
18
18
19
20
20
21
22
23
23
24
25
25
26
27
28
29
29
30
31
32
33
33
34
35
36
37
37
38
39
40
40
41
42
43
44
45
46
47
48
49
50
51
52
53
54
55
56
57
58
59
136
62
64
153
64
67
66
69
67
69
71
71
73
73
75
75
77
77
79
79
81
81
83
83
85
86
85
87
86
88
88
90
90
91
92
92
94
94
95
96
96
98
98
99
100
100
102
103
102
104
103
105
105
106
107
107
108
109
109
111
112
111
113
112
114
115
114
116
115
117
117
118
119
119
120
121
121
122
123
123
125
145
126
146
127
147
128
148
129
149
130
150
131
151
132
152
133
134
135
137
138
139
140
141
142
143
144
145
146
147
148
149
150
151
152
154
155
156
157
158
159
160
161
162
163
164
165
166
174
167
175
168
176
169
177
170
178
171
179
172
180
173
181
182
175
176
177
178
179
180
181
182
)


// ************************************************************************* //
