/*--------------------------------*- C++ -*----------------------------------*\
  =========                 |
  \\      /  F ield         | OpenFOAM: The Open Source CFD Toolbox
   \\    /   O peration     | Website:  https://openfoam.org
    \\  /    A nd           | Version:  7
     \\/     M anipulation  |
\*---------------------------------------------------------------------------*/
FoamFile
{
    version     2.0;
    format      ascii;
    class       volVectorField;
    location    "25";
    object      U;
}
// * * * * * * * * * * * * * * * * * * * * * * * * * * * * * * * * * * * * * //

dimensions      [0 1 -1 0 0 0 0];

internalField   nonuniform List<vector> 
392
(
(-0.0339074 -0.00105429 2.61968e-21)
(-0.028375 -0.00135808 3.59051e-22)
(-0.0215321 -0.00162131 -1.34547e-21)
(-0.0316823 -0.00317212 -3.17306e-21)
(-0.0260752 -0.00408021 1.91318e-22)
(-0.0191762 -0.00486681 5.9127e-22)
(-0.0272328 -0.00531707 3.82064e-21)
(-0.0214776 -0.00681971 -1.44072e-20)
(-0.014468 -0.00812047 1.23714e-20)
(-0.02056 -0.00750626 -4.63027e-21)
(-0.0145868 -0.00958732 -6.48364e-21)
(-0.00741519 -0.0113869 -3.33028e-21)
(-0.0116656 -0.00975551 -1.85753e-20)
(-0.0054089 -0.0123924 2.49226e-20)
(0.00197127 -0.0146695 -1.46897e-20)
(-0.000550797 -0.0120789 1.60996e-20)
(0.00604809 -0.0152421 6.78159e-21)
(0.0136768 -0.0179698 -3.05283e-21)
(0.0127835 -0.0144873 -3.63342e-21)
(0.0197749 -0.0181419 -2.14227e-20)
(0.0276835 -0.0212874 1.93617e-20)
(0.0283377 -0.0169887 1.2643e-20)
(0.0357609 -0.0210941 1.66808e-20)
(0.0439703 -0.0246189 -2.77559e-21)
(0.0461128 -0.0195877 3.17058e-20)
(0.0539942 -0.0240967 -2.80317e-20)
(0.0625128 -0.0279573 2.4198e-20)
(0.0661119 -0.0222839 -6.17506e-20)
(0.074462 -0.0271436 1.19833e-20)
(0.0832829 -0.0312919 2.62998e-20)
(0.0924593 -0.0347492 -6.65568e-21)
(0.0971497 -0.0302237 1.6469e-20)
(0.106249 -0.0346076 5.26451e-21)
(0.115547 -0.0382542 -8.97578e-21)
(0.12204 -0.0333201 -8.04477e-20)
(0.131372 -0.0378841 3.36832e-20)
(0.14074 -0.0416737 -1.20314e-20)
(0.149113 -0.0364093 -2.71285e-20)
(0.15861 -0.0410953 3.06497e-20)
(0.167976 -0.0449813 1.68704e-20)
(0.178341 -0.0394605 1.86214e-21)
(0.18791 -0.0442096 3.27815e-20)
(0.197184 -0.0481456 3.29579e-20)
(0.209688 -0.0424349 4.56285e-21)
(0.21921 -0.0471888 -4.72216e-20)
(0.228278 -0.0511311 1.34804e-20)
(0.243107 -0.0452853 -2.16333e-20)
(0.252431 -0.0499887 -7.53994e-21)
(0.261162 -0.0538976 -1.7877e-20)
(0.269425 -0.0571141 1.18551e-20)
(0.28748 -0.052559 -5.80679e-20)
(0.295722 -0.0564014 5.29152e-20)
(0.303422 -0.059582 -1.13465e-20)
(0.324241 -0.0548445 6.06355e-20)
(0.331825 -0.058596 -1.97006e-20)
(0.338825 -0.0617274 -1.86379e-20)
(0.362574 -0.0567861 8.06546e-21)
(0.369318 -0.0604336 4.3906e-20)
(0.375476 -0.0635116 -5.9536e-20)
(0.402309 -0.0583191 1.79991e-20)
(0.408028 -0.0618633 4.89128e-20)
(0.413199 -0.0648942 -3.65118e-20)
(0.447757 -0.0628322 4.53092e-20)
(0.451804 -0.0658332 -5.389e-20)
(0.455542 -0.068403 -3.30846e-20)
(0.488287 -0.0633169 -1.73749e-20)
(0.491083 -0.0663155 3.74247e-20)
(0.493671 -0.0689195 -1.92566e-20)
(0.52938 -0.063351 -6.17046e-20)
(0.530818 -0.0663878 1.22379e-19)
(0.532175 -0.0690596 -8.28211e-20)
(0.570782 -0.0627936 3.76254e-20)
(0.570779 -0.0659245 -1.05178e-19)
(0.570844 -0.0687094 6.02134e-20)
(0.638943 -0.0636037 0)
(0.63694 -0.0666246 0)
(0.635229 -0.0693006 0)
(0.744693 -0.0601907 0)
(0.739521 -0.0636516 0)
(0.734916 -0.0667063 0)
(0.847275 -0.0528133 0)
(0.839444 -0.0570452 0)
(0.832338 -0.0607718 0)
(0.942057 -0.0427619 0)
(0.932405 -0.0478594 0)
(0.923494 -0.0523642 0)
(1.02577 -0.0313687 0)
(1.01522 -0.0372502 0)
(1.00531 -0.0424874 0)
(1.09661 -0.0196104 0)
(1.08599 -0.0261057 0)
(1.07585 -0.0319436 0)
(1.1541 -0.00827637 0)
(1.14404 -0.0151839 0)
(1.13429 -0.0214502 0)
(1.19878 0.00206731 0)
(1.18972 -0.00505596 0)
(1.18081 -0.0115727 0)
(1.2319 0.0110824 0)
(1.22409 0.00391632 0)
(1.21627 -0.0026897 0)
(1.2551 0.0186208 0)
(1.24861 0.0115521 0)
(1.24202 0.00499136 0)
(1.27015 0.0246789 0)
(1.26497 0.0178124 0)
(1.2596 0.0114013 0)
(1.27879 0.0293532 0)
(1.27482 0.0227614 0)
(1.27059 0.0165741 0)
(1.2826 0.032799 0)
(1.27968 0.0265264 0)
(1.27648 0.0206109 0)
(1.28288 0.0351965 0)
(1.28086 0.0292655 0)
(1.27854 0.0236489 0)
(1.28072 0.036726 2.13577e-27)
(1.27944 0.0311433 -1.67958e-27)
(1.27785 0.0258368 0)
(1.27693 0.037553 -2.13577e-27)
(1.27625 0.0323145 1.67958e-27)
(1.27526 0.0273187 0)
(1.27212 0.0378195 0)
(1.27192 0.032915 3.07556e-11)
(1.27142 0.0282238 3.07503e-11)
(1.26673 0.0376425 0)
(1.26691 0.0330586 -3.07556e-11)
(1.2668 0.0286621 -3.07503e-11)
(1.26106 0.0371149 -2.75282e-11)
(1.26155 0.0328371 -2.77304e-11)
(1.26176 0.0287238 0)
(1.25533 0.0363093 2.75282e-11)
(1.25605 0.0323231 2.77304e-11)
(1.25652 0.0284811 0)
(1.24966 0.0352817 -1.07344e-27)
(1.25058 0.0315731 -2.01793e-27)
(1.25126 0.0279907 0)
(1.24415 0.0340751 1.07344e-27)
(1.24523 0.0306309 2.01793e-27)
(1.24608 0.0272971 0)
(1.23886 0.0327228 -9.71851e-28)
(1.24007 0.0295309 -1.83516e-27)
(1.24105 0.0264351 0)
(1.23382 0.0312508 9.71851e-28)
(1.23513 0.0282997 1.83516e-27)
(1.23624 0.0254322 0)
(1.22905 0.0296798 0)
(1.23046 0.026959 0)
(1.23166 0.0243106 0)
(1.22457 0.0280264 0)
(1.22605 0.025526 0)
(1.22734 0.0230883 0)
(1.22038 0.0263043 0)
(1.22193 0.0240151 0)
(1.22329 0.02178 0)
(1.2165 0.0245245 0)
(1.2181 0.0224381 0)
(1.21952 0.0203983 0)
(1.21291 0.0226966 0)
(1.21456 0.0208052 -1.78969e-11)
(1.21603 0.0189538 -1.83421e-11)
(1.20964 0.0208283 0)
(1.21132 0.0191248 1.78969e-11)
(1.21284 0.0174555 1.83421e-11)
(1.20666 0.0189264 -1.62831e-11)
(1.20838 0.0174044 0)
(1.20993 0.0159113 0)
(1.20399 0.0169965 1.62831e-11)
(1.20573 0.0156501 0)
(1.20731 0.0143281 0)
(1.20161 0.0150434 0)
(1.20338 0.0138674 1.59493e-11)
(1.20499 0.0127119 1.64368e-11)
(1.19954 0.0130712 0)
(1.20133 0.0120611 -1.59493e-11)
(1.20296 0.0110679 -1.64368e-11)
(1.19777 0.0110835 0)
(1.19957 0.0102354 0)
(1.20122 0.00940102 0)
(1.19629 0.00908351 0)
(1.1981 0.00839411 0)
(1.19977 0.00771551 0)
(1.19511 0.0070739 6.21587e-28)
(1.19693 0.00654054 0)
(1.19861 0.00601532 0)
(1.19423 0.00505733 -6.21587e-28)
(1.19606 0.0046779 0)
(1.19774 0.00430415 0)
(1.19365 0.00303624 -1.40899e-29)
(1.19548 0.00280923 0)
(1.19716 0.00258555 -4.41593e-28)
(1.19335 0.00101244 1.42412e-29)
(1.19518 0.000936876 0)
(1.19688 0.000862415 4.46336e-28)
(1.28518 -0.0394308 -1.669e-27)
(1.28456 -0.0414407 1.669e-27)
(1.28166 -0.0425817 2.13615e-27)
(1.27728 -0.0430291 -2.13615e-27)
(1.272 -0.0429309 0)
(1.26625 -0.0424064 0)
(1.26029 -0.0415492 -2.72454e-11)
(1.25433 -0.0404314 2.72454e-11)
(1.24848 -0.0391081 0)
(1.24283 -0.0376211 0)
(1.23741 -0.0360025 0)
(1.23227 -0.0342774 0)
(1.22742 -0.0324654 -8.64236e-28)
(1.22287 -0.0305822 8.64236e-28)
(1.21863 -0.0286406 -7.90241e-28)
(1.2147 -0.0266509 7.90241e-28)
(1.21108 -0.0246218 1.67739e-29)
(1.20777 -0.0225603 -1.67739e-29)
(1.20477 -0.0204724 -6.80241e-28)
(1.20208 -0.0183629 6.80241e-28)
(1.19969 -0.0162359 0)
(1.1976 -0.0140948 0)
(1.19582 -0.0119425 -6.14128e-28)
(1.19433 -0.0097814 6.14128e-28)
(1.19315 -0.00761363 -5.9578e-28)
(1.19226 -0.00544115 5.9578e-28)
(1.19167 -0.00326583 0)
(1.19138 -0.00108885 0)
(0.638943 0.0636037 0)
(0.744693 0.0601907 0)
(0.847275 0.0528133 0)
(0.942057 0.0427619 0)
(1.02577 0.0313687 0)
(1.09661 0.0196104 0)
(1.1541 0.00827633 0)
(1.19878 -0.00206735 0)
(1.2319 -0.0110824 0)
(1.25509 -0.0186208 0)
(1.27015 -0.0246789 4.27832e-11)
(1.27879 -0.0293533 -4.27832e-11)
(1.2826 -0.0327991 1.65941e-27)
(1.28288 -0.0351965 -1.65941e-27)
(1.28072 -0.036726 -2.13577e-27)
(1.27693 -0.037553 2.13577e-27)
(1.27212 -0.0378196 0)
(1.26673 -0.0376425 0)
(1.26106 -0.0371149 -2.75282e-11)
(1.25533 -0.0363094 2.75282e-11)
(1.24966 -0.0352818 2.47946e-11)
(1.24415 -0.0340752 -2.47946e-11)
(1.23886 -0.0327228 9.71851e-28)
(1.23382 -0.0312509 -9.71851e-28)
(1.22905 -0.0296799 0)
(1.22457 -0.0280265 0)
(1.22038 -0.0263043 8.13076e-28)
(1.2165 -0.0245245 -8.13076e-28)
(1.21291 -0.0226966 0)
(1.20964 -0.0208283 0)
(1.20666 -0.0189264 0)
(1.20399 -0.0169965 0)
(1.20161 -0.0150434 0)
(1.19954 -0.0130712 0)
(1.19777 -0.0110836 6.39722e-28)
(1.19629 -0.00908351 -6.39722e-28)
(1.19511 -0.00707391 6.21587e-28)
(1.19423 -0.00505733 -6.21587e-28)
(1.19365 -0.00303624 -1.40899e-29)
(1.19335 -0.00101244 1.42412e-29)
(0.63694 0.0666246 0)
(0.73952 0.0636516 0)
(0.839444 0.0570452 0)
(0.932405 0.0478594 0)
(1.01522 0.0372501 0)
(1.08598 0.0261057 0)
(1.14404 0.0151839 0)
(1.18972 0.00505591 0)
(1.22409 -0.00391636 0)
(1.24861 -0.0115521 0)
(1.26497 -0.0178125 -3.39386e-27)
(1.27482 -0.0227615 3.39386e-27)
(1.27968 -0.0265264 0)
(1.28086 -0.0292655 0)
(1.27944 -0.0311433 1.67958e-27)
(1.27625 -0.0323145 -1.67958e-27)
(1.27192 -0.0329151 0)
(1.26691 -0.0330586 0)
(1.26155 -0.0328371 -2.77304e-11)
(1.25605 -0.0323231 2.77304e-11)
(1.25058 -0.0315731 2.50945e-11)
(1.24523 -0.030631 -2.50945e-11)
(1.24007 -0.0295309 1.83515e-27)
(1.23513 -0.0282997 -1.83515e-27)
(1.23046 -0.026959 -1.67923e-27)
(1.22605 -0.025526 1.67923e-27)
(1.22193 -0.0240151 0)
(1.2181 -0.0224381 0)
(1.21456 -0.0208052 -3.19359e-28)
(1.21132 -0.0191249 3.19359e-28)
(1.20838 -0.0174044 0)
(1.20573 -0.0156501 0)
(1.20338 -0.0138674 0)
(1.20133 -0.0120611 0)
(1.19957 -0.0102354 0)
(1.1981 -0.00839411 0)
(1.19693 -0.00654054 0)
(1.19606 -0.0046779 0)
(1.19548 -0.00280923 -1.47045e-11)
(1.19518 -0.000936876 1.48624e-11)
(0.635229 0.0693006 0)
(0.734916 0.0667063 0)
(0.832338 0.0607717 0)
(0.923494 0.0523641 0)
(1.00531 0.0424874 0)
(1.07585 0.0319435 0)
(1.13429 0.0214501 0)
(1.18081 0.0115727 0)
(1.21627 0.00268965 0)
(1.24202 -0.00499141 0)
(1.2596 -0.0114014 0)
(1.27059 -0.0165741 0)
(1.27648 -0.020611 0)
(1.27854 -0.0236489 0)
(1.27785 -0.0258369 0)
(1.27526 -0.0273188 0)
(0.570782 0.0627936 -3.93919e-20)
(0.570779 0.0659246 1.03478e-19)
(0.570844 0.0687094 -6.18287e-20)
(0.52938 0.063351 6.26405e-20)
(0.530817 0.0663878 -1.20279e-19)
(0.532174 0.0690596 8.33366e-20)
(0.488287 0.0633169 1.9672e-20)
(0.491083 0.0663156 -3.52917e-20)
(0.493671 0.0689195 2.03856e-20)
(0.447757 0.0628323 -4.77695e-20)
(0.451804 0.0658332 5.05393e-20)
(0.455542 0.068403 3.14446e-20)
(0.402308 0.0583191 -1.90071e-20)
(0.408028 0.0618633 -4.57803e-20)
(0.413199 0.0648942 3.62746e-20)
(0.362574 0.0567861 -4.50834e-21)
(0.369318 0.0604336 -4.80074e-20)
(0.375476 0.0635117 6.31627e-20)
(0.324241 0.0548446 -1.26132e-20)
(0.331824 0.058596 -3.22112e-20)
(0.338825 0.0617275 1.71433e-20)
(0.28748 0.0525591 5.72075e-20)
(0.295722 0.0564014 -4.60046e-20)
(0.303422 0.0595821 1.18856e-20)
(0.243107 0.0452853 1.93526e-20)
(0.252431 0.0499888 5.52717e-21)
(0.261162 0.0538977 1.23154e-20)
(0.269425 0.0571141 -1.35516e-20)
(0.209688 0.042435 4.75203e-20)
(0.21921 0.0471889 -4.24504e-20)
(0.228278 0.0511312 4.25603e-20)
(0.178341 0.0394606 -5.0328e-21)
(0.18791 0.0442096 -3.58462e-20)
(0.197184 0.0481457 -4.09122e-20)
(0.149113 0.0364094 -1.71715e-20)
(0.15861 0.0410954 -3.13199e-20)
(0.167976 0.0449813 3.34227e-20)
(0.12204 0.0333202 8.34158e-20)
(0.131372 0.0378841 -3.45954e-20)
(0.14074 0.0416738 7.6515e-21)
(0.0971497 0.0302238 3.09857e-20)
(0.106248 0.0346077 -5.02998e-20)
(0.115547 0.0382542 1.58219e-20)
(0.0661118 0.022284 6.69523e-20)
(0.0744619 0.0271437 -1.87276e-20)
(0.0832828 0.031292 -2.21148e-20)
(0.0924592 0.0347493 2.42111e-21)
(0.0461128 0.0195878 -3.80805e-20)
(0.0539941 0.0240968 3.22958e-20)
(0.0625127 0.0279573 -3.01219e-20)
(0.0283377 0.0169888 -1.05369e-20)
(0.0357608 0.0210942 -2.01141e-20)
(0.0439702 0.0246189 4.6482e-21)
(0.0127835 0.0144874 3.78399e-21)
(0.0197749 0.018142 2.27712e-20)
(0.0276834 0.0212875 -1.91365e-20)
(-0.000550831 0.012079 -1.73744e-20)
(0.00604805 0.0152422 -5.32014e-21)
(0.0136768 0.0179699 -2.15595e-22)
(-0.0116656 0.00975561 1.79188e-20)
(-0.00540893 0.0123925 -2.6532e-20)
(0.00197123 0.0146696 1.68357e-20)
(-0.0205601 0.00750637 4.49141e-21)
(-0.0145868 0.00958742 6.20183e-21)
(-0.00741522 0.011387 4.1045e-21)
(-0.0272328 0.00531718 -2.82929e-21)
(-0.0214776 0.00681981 1.4809e-20)
(-0.0144681 0.00812055 -1.24168e-20)
(-0.0316823 0.00317223 2.96266e-21)
(-0.0260752 0.00408031 -7.46875e-22)
(-0.0191762 0.0048669 -1.17925e-21)
(-0.0339074 0.0010544 -2.39024e-21)
(-0.028375 0.00135818 2.147e-22)
(-0.0215321 0.0016214 1.34061e-21)
)
;

boundaryField
{
    inlet
    {
        type            uniformFixedValue;
        uniformValue    constant (1 0 0);
        value           nonuniform 0();
    }
    outlet
    {
        type            pressureInletOutletVelocity;
        value           nonuniform 0();
    }
    cylinder
    {
        type            fixedValue;
        value           nonuniform 0();
    }
    top
    {
        type            symmetryPlane;
    }
    bottom
    {
        type            symmetryPlane;
    }
    defaultFaces
    {
        type            empty;
    }
    procBoundary27to26
    {
        type            processor;
        value           nonuniform List<vector> 
137
(
(-0.0379651 -0.00071552 1.44611e-21)
(-0.0358338 -0.00215909 -1.11028e-20)
(-0.0315701 -0.00363956 1.67046e-21)
(-0.0251721 -0.00518037 -2.02407e-20)
(-0.0166368 -0.00680338 -1.23902e-20)
(-0.0059591 -0.00852879 1.82032e-20)
(0.00686871 -0.0103748 1.15684e-20)
(0.0218611 -0.0123537 5.70048e-20)
(0.039028 -0.0144763 5.6365e-21)
(0.0583874 -0.0167495 -2.74425e-20)
(0.0883394 -0.0250716 -4.26845e-20)
(0.0883394 -0.0250716 -4.26845e-20)
(0.112801 -0.0279388 -7.58945e-20)
(0.139501 -0.0308664 -1.80791e-20)
(0.168444 -0.0338269 4.14085e-20)
(0.199628 -0.0367836 1.3212e-20)
(0.233043 -0.0396894 -5.88374e-20)
(0.278532 -0.0479558 -3.58687e-20)
(0.278532 -0.0479558 -3.58687e-20)
(0.315874 -0.0503824 -3.62545e-21)
(0.355016 -0.0524931 1.11316e-20)
(0.395803 -0.0542063 6.07781e-20)
(0.443245 -0.059376 1.62268e-20)
(0.443245 -0.059376 1.62268e-20)
(0.485153 -0.059918 6.46866e-20)
(0.527769 -0.0599609 9.53454e-20)
(0.570806 -0.0593393 -3.36141e-20)
(0.641269 -0.0602502 0)
(0.641269 -0.0602502 0)
(0.750526 -0.0563029 0)
(0.855933 -0.0480258 0)
(0.952521 -0.0370089 0)
(1.03699 -0.0247826 0)
(1.10771 -0.0124063 0)
(1.16444 -0.000686266 0)
(1.20794 0.00982837 0)
(1.23966 0.0188316 0)
(1.26141 0.0262141 0)
(1.27507 0.0320114 0)
(1.28246 0.0363553 0)
(1.28518 0.0394307 0)
(1.28456 0.0414407 0)
(1.28166 0.0425816 0)
(1.27728 0.0430291 0)
(1.272 0.0429309 0)
(1.26625 0.0424063 0)
(1.26029 0.0415492 2.71295e-29)
(1.25433 0.0404314 -2.71295e-29)
(1.24848 0.0391081 0)
(1.24283 0.037621 0)
(1.23741 0.0360025 0)
(1.23227 0.0342773 0)
(1.22742 0.0324653 -8.64237e-28)
(1.22287 0.0305822 8.64237e-28)
(1.21863 0.0286406 0)
(1.2147 0.0266509 0)
(1.21108 0.0246218 0)
(1.20777 0.0225603 0)
(1.20477 0.0204724 -1.57124e-11)
(1.20208 0.0183629 1.57124e-11)
(1.19969 0.0162359 0)
(1.1976 0.0140948 0)
(1.19582 0.0119425 0)
(1.19433 0.0097814 0)
(1.19315 0.00761363 -5.9578e-28)
(1.19226 0.00544115 5.9578e-28)
(1.19167 0.00326583 1.3494e-29)
(1.19138 0.00108885 -1.36389e-29)
(1.28739 -0.0464208 -3.92e-28)
(1.28585 -0.0479944 3.92e-28)
(1.28222 -0.0487042 3.41979e-11)
(1.27726 -0.0487352 -3.41979e-11)
(1.27154 -0.0482403 0)
(1.26543 -0.0473406 0)
(1.25921 -0.0461298 -5.37537e-11)
(1.25304 -0.044679 5.37537e-11)
(1.24702 -0.0430417 0)
(1.24123 -0.0412584 0)
(1.23571 -0.0393598 0)
(1.23049 -0.0373697 0)
(1.22557 -0.0353064 1.94047e-11)
(1.22097 -0.0331846 -1.94047e-11)
(1.21668 -0.031016 0)
(1.21272 -0.02881 0)
(1.20907 -0.0265742 4.71254e-28)
(1.20573 -0.0243149 -4.71254e-28)
(1.20271 -0.0220369 -1.52948e-28)
(1.2 -0.0197444 1.52948e-28)
(1.1976 -0.0174407 0)
(1.1955 -0.0151283 0)
(1.19371 -0.0128093 0)
(1.19222 -0.0104853 0)
(1.19103 -0.00815777 -1.32985e-28)
(1.19014 -0.00582799 1.32985e-28)
(1.18955 -0.00349716 0)
(1.18926 -0.00116581 0)
(0.641269 0.0602502 0)
(0.641269 0.0602502 0)
(0.750526 0.056303 0)
(0.855933 0.0480258 0)
(0.952521 0.0370089 0)
(1.03699 0.0247826 0)
(1.10771 0.0124063 0)
(1.16444 0.000686238 0)
(1.20794 -0.0098284 0)
(1.23966 -0.0188316 3.01221e-27)
(1.26141 -0.0262141 -3.01221e-27)
(1.27507 -0.0320114 4.32781e-11)
(1.28246 -0.0363554 -4.32781e-11)
(1.28246 -0.0363554 -4.32781e-11)
(0.570806 0.0593393 3.36187e-20)
(0.527769 0.0599609 -9.45825e-20)
(0.485152 0.0599181 -6.34242e-20)
(0.443245 0.059376 -1.82218e-20)
(0.443245 0.059376 -1.82218e-20)
(0.395803 0.0542063 -6.37394e-20)
(0.355016 0.0524931 -7.05402e-21)
(0.315874 0.0503824 4.76076e-21)
(0.278532 0.0479559 3.17639e-20)
(0.278532 0.0479559 3.17639e-20)
(0.233043 0.0396895 5.55317e-20)
(0.199628 0.0367837 -6.31228e-21)
(0.168444 0.033827 -4.59283e-20)
(0.139501 0.0308665 2.05953e-20)
(0.112801 0.0279389 7.09698e-20)
(0.0883393 0.0250717 4.55823e-20)
(0.0883393 0.0250717 4.55823e-20)
(0.0583873 0.0167496 2.21829e-20)
(0.039028 0.0144764 -3.72493e-21)
(0.0218611 0.0123538 -5.77984e-20)
(0.00686868 0.0103749 -9.52912e-21)
(-0.00595913 0.0085289 -2.03358e-20)
(-0.0166368 0.00680349 1.53691e-20)
(-0.0251722 0.00518048 1.81951e-20)
(-0.0315701 0.00363967 -9.34111e-22)
(-0.0358338 0.00215921 1.01104e-20)
(-0.0379651 0.000715635 -8.32186e-22)
)
;
    }
    procBoundary27to28
    {
        type            processor;
        value           nonuniform List<vector> 
137
(
(-0.0135697 -0.00184323 -1.45064e-21)
(-0.0111754 -0.00552977 6.60201e-22)
(-0.00639208 -0.00921615 -8.28585e-21)
(0.000769805 -0.0129015 -3.56331e-21)
(0.0102946 -0.0165839 1.17036e-20)
(0.0221615 -0.0202599 4.71287e-21)
(0.0363449 -0.0239239 3.45749e-21)
(0.0528139 -0.0275679 -9.83772e-21)
(0.0715325 -0.0311811 7.0392e-21)
(0.0715325 -0.0311811 7.0392e-21)
(0.101901 -0.0375756 2.88887e-20)
(0.12498 -0.0412328 6.66781e-21)
(0.15011 -0.0447681 -4.43459e-21)
(0.177213 -0.048155 7.95237e-21)
(0.206201 -0.0513639 2.00683e-21)
(0.236976 -0.0543621 -3.73756e-20)
(0.236976 -0.0543621 -3.73756e-20)
(0.277333 -0.0597271 -4.5201e-20)
(0.310721 -0.0621837 1.39624e-20)
(0.345402 -0.0643115 5.50516e-21)
(0.381217 -0.0660793 -3.21099e-20)
(0.417992 -0.0674544 -9.30418e-21)
(0.417992 -0.0674544 -9.30418e-21)
(0.459085 -0.0705667 -1.82577e-20)
(0.496143 -0.0711408 8.60617e-21)
(0.533515 -0.0713671 -9.80251e-20)
(0.571007 -0.0711409 -1.49703e-20)
(0.571007 -0.0711409 -1.49703e-20)
(0.633794 -0.0716315 0)
(0.730811 -0.0693746 0)
(0.825877 -0.0640346 0)
(0.91526 -0.0563296 0)
(0.996017 -0.0471351 0)
(1.0662 -0.0371727 0)
(1.12488 -0.0271155 0)
(1.17207 -0.0175155 0)
(1.2085 -0.00876037 0)
(1.23535 -0.0010791 0)
(1.25407 0.00543312 0)
(1.26615 0.0107834 0)
(1.27302 0.0150485 0)
(1.27594 0.0183455 0)
(1.27598 0.0208079 2.10363e-27)
(1.274 0.0225687 -2.10363e-27)
(1.27065 0.0237502 0)
(1.26644 0.0244582 0)
(1.26172 0.0247809 2.77961e-29)
(1.25674 0.0247897 -2.77961e-29)
(1.2517 0.0245413 0)
(1.2467 0.0240804 0)
(1.24182 0.0234424 -1.01195e-27)
(1.23713 0.0226552 1.01195e-27)
(1.23266 0.0217416 0)
(1.22843 0.0207198 0)
(1.22446 0.0196053 0)
(1.22076 0.0184109 0)
(1.21733 0.0171476 0)
(1.21418 0.0158251 0)
(1.21132 0.0144516 1.76939e-11)
(1.20874 0.0130345 -1.76939e-11)
(1.20645 0.0115802 0)
(1.20444 0.0100946 0)
(1.20272 0.00858285 0)
(1.20129 0.0070498 0)
(1.20014 0.00549988 0)
(1.19929 0.00393724 0)
(1.19871 0.00236592 -1.56162e-29)
(1.19843 0.00078929 1.5784e-29)
(1.27142 -0.0282239 0)
(1.2668 -0.0286621 0)
(1.26176 -0.0287238 -2.78574e-11)
(1.25652 -0.0284811 2.78574e-11)
(1.25126 -0.0279907 0)
(1.24608 -0.0272971 0)
(1.24105 -0.0264351 0)
(1.23624 -0.0254322 0)
(1.23166 -0.0243107 0)
(1.22734 -0.0230883 0)
(1.22329 -0.02178 0)
(1.21952 -0.0203983 0)
(1.21603 -0.0189538 0)
(1.21284 -0.0174555 0)
(1.20993 -0.0159113 0)
(1.20731 -0.0143281 0)
(1.20499 -0.0127119 0)
(1.20296 -0.0110679 0)
(1.20122 -0.00940103 0)
(1.19977 -0.00771551 0)
(1.19861 -0.00601533 0)
(1.19774 -0.00430416 0)
(1.19716 -0.00258555 -3.04305e-11)
(1.19688 -0.000862415 3.07574e-11)
(0.633794 0.0716315 0)
(0.571007 0.0711409 1.45825e-20)
(0.730811 0.0693745 0)
(0.825876 0.0640346 0)
(0.91526 0.0563296 0)
(0.996017 0.047135 0)
(1.0662 0.0371727 0)
(1.12488 0.0271155 0)
(1.17207 0.0175154 0)
(1.2085 0.00876031 9.44364e-28)
(1.23535 0.00107904 -9.44364e-28)
(1.25407 -0.00543317 0)
(1.26615 -0.0107834 0)
(1.27302 -0.0150486 0)
(1.27594 -0.0183456 0)
(1.27598 -0.0208079 7.14108e-28)
(1.27142 -0.0282239 0)
(1.274 -0.0225687 -7.14108e-28)
(0.571007 0.0711409 1.45825e-20)
(0.533515 0.0713671 9.90321e-20)
(0.496143 0.0711408 -8.93371e-21)
(0.459085 0.0705667 1.7295e-20)
(0.417992 0.0674545 9.84834e-21)
(0.417992 0.0674545 9.84834e-21)
(0.381217 0.0660793 3.52666e-20)
(0.345402 0.0643115 -4.86464e-21)
(0.310721 0.0621837 -1.45557e-20)
(0.277333 0.0597271 4.10046e-20)
(0.236976 0.0543622 4.08501e-20)
(0.236976 0.0543622 4.08501e-20)
(0.206201 0.051364 -3.19014e-21)
(0.177213 0.048155 -1.155e-20)
(0.15011 0.0447681 9.46763e-21)
(0.12498 0.0412329 -6.24773e-21)
(0.101901 0.0375757 -3.53098e-20)
(0.0715325 0.0311812 -7.91072e-21)
(0.0715325 0.0311812 -7.91072e-21)
(0.0528138 0.027568 1.01231e-20)
(0.0363448 0.0239239 -2.14679e-21)
(0.0221615 0.0202599 -4.55545e-21)
(0.0102945 0.016584 -1.33707e-20)
(0.000769773 0.0129016 5.15144e-21)
(-0.0063921 0.00921622 7.46408e-21)
(-0.0111754 0.00552984 -7.10889e-22)
(-0.0135697 0.0018433 4.09213e-21)
)
;
    }
}


// ************************************************************************* //
