/*--------------------------------*- C++ -*----------------------------------*\
  =========                 |
  \\      /  F ield         | OpenFOAM: The Open Source CFD Toolbox
   \\    /   O peration     | Website:  https://openfoam.org
    \\  /    A nd           | Version:  7
     \\/     M anipulation  |
\*---------------------------------------------------------------------------*/
FoamFile
{
    version     2.0;
    format      ascii;
    class       labelList;
    note        "nPoints: 610 nCells: 183 nFaces: 853 nInternalFaces: 245";
    location    "constant/polyMesh";
    object      neighbour;
}
// * * * * * * * * * * * * * * * * * * * * * * * * * * * * * * * * * * * * * //


245
(
2
115
2
4
127
4
6
6
8
8
10
10
12
12
14
15
14
16
15
17
17
19
19
21
22
21
23
22
24
24
26
27
26
28
27
29
29
31
32
31
33
32
34
34
35
36
36
38
39
38
40
39
41
41
42
43
43
44
45
45
47
48
47
49
48
50
50
51
52
52
53
54
54
55
56
56
57
58
58
59
60
60
61
62
62
63
64
64
66
65
67
68
67
68
69
70
70
71
72
72
73
74
74
75
76
76
77
78
79
79
80
81
81
82
83
83
84
85
86
86
87
88
88
89
90
91
91
92
93
93
94
95
96
96
97
98
99
100
100
101
102
103
103
104
105
106
106
107
108
109
110
111
112
113
114
154
116
127
117
128
118
129
119
130
120
131
121
132
122
133
123
134
124
135
125
136
126
137
138
128
129
130
131
132
133
134
135
136
137
138
139
140
141
142
143
144
145
146
147
149
169
150
170
151
171
152
172
153
173
174
155
175
156
176
157
177
158
178
159
179
160
180
161
181
162
182
163
164
165
166
167
168
169
170
171
172
173
174
176
177
178
179
180
181
182
)


// ************************************************************************* //
