/*--------------------------------*- C++ -*----------------------------------*\
  =========                 |
  \\      /  F ield         | OpenFOAM: The Open Source CFD Toolbox
   \\    /   O peration     | Website:  https://openfoam.org
    \\  /    A nd           | Version:  7
     \\/     M anipulation  |
\*---------------------------------------------------------------------------*/
FoamFile
{
    version     2.0;
    format      ascii;
    class       volVectorField;
    location    "70";
    object      U;
}
// * * * * * * * * * * * * * * * * * * * * * * * * * * * * * * * * * * * * * //

dimensions      [0 1 -1 0 0 0 0];

internalField   nonuniform List<vector> 
928
(
(0.430317 -0.00105544 -1.53593e-23)
(0.433465 -0.00104457 1.85789e-22)
(0.436581 -0.00103383 3.20663e-23)
(0.439667 -0.00102321 5.24445e-23)
(0.442723 -0.00101271 -2.46504e-22)
(0.430995 -0.00316414 2.22538e-22)
(0.434136 -0.00313156 1.05988e-22)
(0.437247 -0.00309936 -7.63209e-23)
(0.440327 -0.00306753 2.45817e-22)
(0.443376 -0.00303608 -3.32538e-22)
(0.432349 -0.00526632 5.16032e-22)
(0.435478 -0.00521212 -7.28012e-22)
(0.438576 -0.00515854 5.45353e-22)
(0.441643 -0.00510559 -8.09045e-23)
(0.444681 -0.00505325 3.19993e-22)
(0.434373 -0.00735766 -1.76538e-22)
(0.437484 -0.00728197 6.28209e-23)
(0.440563 -0.00720716 7.00376e-22)
(0.443613 -0.00713323 -5.26363e-22)
(0.446633 -0.00706015 1.68574e-22)
(0.437062 -0.00943389 -5.25566e-22)
(0.440148 -0.00933692 -2.99931e-22)
(0.443203 -0.00924108 1.16755e-21)
(0.446229 -0.00914635 -1.54791e-21)
(0.449225 -0.00905273 1.58483e-21)
(0.440406 -0.0114908 -3.3691e-22)
(0.443461 -0.0113728 1.39158e-21)
(0.446486 -0.0112562 -1.49384e-21)
(0.449482 -0.0111409 1.30361e-21)
(0.452448 -0.011027 -1.27985e-21)
(0.444394 -0.0135244 1.77247e-21)
(0.447412 -0.0133856 -1.03328e-21)
(0.450401 -0.0132485 5.40154e-22)
(0.453361 -0.013113 9.45296e-22)
(0.456292 -0.0129791 -1.81624e-21)
(0.459195 -0.0128467 1.71114e-21)
(0.449011 -0.0155305 -4.00422e-21)
(0.451987 -0.0153714 2.03711e-21)
(0.454935 -0.0152142 -6.90128e-22)
(0.457853 -0.0150588 5.95179e-22)
(0.460744 -0.0149052 -1.76177e-21)
(0.463606 -0.0147534 3.64824e-21)
(0.454243 -0.0175053 -3.25852e-21)
(0.457172 -0.0173263 2.08642e-21)
(0.460072 -0.0171494 -1.20798e-21)
(0.462944 -0.0169745 3.92379e-22)
(0.465789 -0.0168016 -1.68682e-22)
(0.468606 -0.0166307 7.15386e-22)
(0.460072 -0.0194452 2.45426e-21)
(0.462948 -0.0192467 -2.58043e-21)
(0.465796 -0.0190505 2.07705e-21)
(0.468616 -0.0188566 -3.68988e-21)
(0.47141 -0.0186649 -8.42979e-23)
(0.474177 -0.0184754 2.3067e-21)
(0.466479 -0.0213465 2.05005e-21)
(0.469297 -0.0211291 -1.86852e-21)
(0.472087 -0.0209141 7.24648e-22)
(0.474851 -0.0207016 -2.56305e-23)
(0.477589 -0.0204915 8.58377e-22)
(0.480301 -0.0202839 -1.01668e-21)
(0.473443 -0.0232059 3.73031e-22)
(0.476198 -0.02297 -2.55872e-21)
(0.478926 -0.0227368 1.97384e-23)
(0.481629 -0.0225063 3.11511e-21)
(0.484306 -0.0222784 3.86783e-22)
(0.486958 -0.0220531 8.48892e-22)
(0.483628 -0.0247664 4.29528e-21)
(0.48629 -0.0245155 -3.69936e-21)
(0.488927 -0.0242675 3.2597e-21)
(0.49154 -0.0240224 -1.09518e-21)
(0.494127 -0.02378 1.16164e-21)
(0.491564 -0.0265152 -1.32584e-21)
(0.494156 -0.0262473 -1.25766e-21)
(0.496723 -0.0259825 4.1492e-21)
(0.499266 -0.0257206 -3.89435e-21)
(0.501786 -0.0254618 2.20536e-21)
(0.499981 -0.0282138 2.13688e-21)
(0.502498 -0.0279295 -6.54181e-21)
(0.504991 -0.0276484 8.06173e-21)
(0.507462 -0.0273706 -6.26055e-21)
(0.50991 -0.0270958 -7.0382e-22)
(0.508852 -0.0298596 2.45974e-21)
(0.51129 -0.0295596 -6.70037e-21)
(0.513707 -0.0292629 3.54969e-21)
(0.516101 -0.0289697 -3.05418e-21)
(0.518473 -0.0286797 4.354e-21)
(0.518149 -0.0314502 4.12758e-21)
(0.520506 -0.0311352 -1.88834e-21)
(0.522842 -0.0308237 5.54586e-21)
(0.525157 -0.0305157 -5.44134e-21)
(0.527451 -0.0302112 1.8444e-21)
(0.529724 -0.0299101 -3.29465e-21)
(0.527845 -0.0329836 -1.42132e-21)
(0.530118 -0.0326543 4.47901e-22)
(0.53237 -0.0323287 -5.51441e-23)
(0.534603 -0.0320067 5.96734e-21)
(0.536815 -0.0316883 -6.2277e-21)
(0.539008 -0.0313735 1.55752e-21)
(0.53791 -0.034458 2.3148e-21)
(0.540096 -0.0341152 -4.82089e-21)
(0.542262 -0.0337761 4.77996e-21)
(0.54441 -0.0334409 -6.74924e-22)
(0.546539 -0.0331093 -4.01643e-21)
(0.548649 -0.0327815 -1.25931e-21)
(0.550411 -0.0355162 -3.41508e-22)
(0.55249 -0.0351645 2.39773e-22)
(0.55455 -0.0348166 -1.71196e-22)
(0.556593 -0.0344726 2.26912e-21)
(0.558618 -0.0341325 -3.18461e-21)
(0.561035 -0.036856 -2.28649e-21)
(0.563023 -0.0364923 2.14808e-22)
(0.564994 -0.0361327 1.95546e-21)
(0.566949 -0.035777 -5.86832e-21)
(0.568887 -0.0354253 4.78037e-21)
(0.571936 -0.0381334 2.02656e-21)
(0.573832 -0.0377587 3.57206e-21)
(0.575713 -0.037388 4.50536e-21)
(0.577578 -0.0370213 -9.58334e-21)
(0.579428 -0.0366587 7.92627e-21)
(0.583084 -0.0393478 -4.90144e-21)
(0.584887 -0.0389626 8.03578e-21)
(0.586676 -0.0385816 -1.38437e-21)
(0.588451 -0.0382047 -6.51295e-22)
(0.590211 -0.037832 -6.1962e-21)
(0.591957 -0.0374633 4.82082e-21)
(0.59445 -0.0404983 -4.20301e-22)
(0.596159 -0.0401035 -4.53963e-21)
(0.597855 -0.039713 5.53324e-21)
(0.599538 -0.0393266 2.05567e-21)
(0.601208 -0.0389445 3.46488e-22)
(0.602864 -0.0385665 -7.58318e-22)
(0.607617 -0.0411812 -2.36216e-21)
(0.60922 -0.0407818 -2.12513e-21)
(0.61081 -0.0403867 -8.3528e-22)
(0.612389 -0.0399959 -3.90313e-21)
(0.613955 -0.0396093 1.43234e-21)
(0.619233 -0.0421953 -3.57638e-21)
(0.620742 -0.0417879 -9.45663e-22)
(0.622239 -0.0413848 -8.69567e-22)
(0.623726 -0.040986 2.37318e-21)
(0.625202 -0.0405915 2.84136e-21)
(0.630976 -0.0431451 -8.06026e-21)
(0.632391 -0.0427304 1.92446e-22)
(0.633796 -0.0423201 3.64944e-21)
(0.635192 -0.0419141 1.77856e-22)
(0.636578 -0.0415124 -3.21304e-21)
(0.637954 -0.041115 4.42631e-21)
(0.642819 -0.0440312 -6.89689e-21)
(0.644141 -0.0436099 4.24287e-21)
(0.645453 -0.0431931 2.17797e-21)
(0.646758 -0.0427805 -4.76253e-21)
(0.648053 -0.0423724 3.21867e-21)
(0.64934 -0.0419685 -3.37403e-21)
(0.655962 -0.0444347 4.03503e-21)
(0.657183 -0.0440118 -1.57892e-22)
(0.658396 -0.0435933 -1.99069e-21)
(0.659602 -0.0431792 -4.29108e-21)
(0.660801 -0.0427694 1.38188e-21)
(0.667829 -0.0452101 -6.48615e-21)
(0.668959 -0.0447816 2.0948e-21)
(0.670082 -0.0443575 -3.13219e-21)
(0.671199 -0.0439378 4.64399e-21)
(0.67231 -0.0435225 -2.28518e-21)
(0.687545 -0.0463204 0)
(0.688539 -0.0458862 0)
(0.689528 -0.0454563 0)
(0.690513 -0.0450308 0)
(0.691492 -0.0446096 0)
(0.716476 -0.0475585 0)
(0.717271 -0.0471193 0)
(0.718063 -0.0466844 0)
(0.718852 -0.0462538 0)
(0.719638 -0.0458274 0)
(0.745809 -0.0485471 0)
(0.746406 -0.0481055 0)
(0.747003 -0.047668 0)
(0.747598 -0.0472347 0)
(0.748193 -0.0468055 0)
(0.775302 -0.0492554 0)
(0.775705 -0.0488144 0)
(0.77611 -0.0483774 0)
(0.776516 -0.0479444 0)
(0.776923 -0.0475153 0)
(0.80472 -0.0496891 0)
(0.804936 -0.0492517 0)
(0.805155 -0.0488181 0)
(0.805377 -0.0483881 0)
(0.805602 -0.047962 0)
(0.83384 -0.0498606 0)
(0.833876 -0.0494296 0)
(0.833917 -0.0490021 0)
(0.833963 -0.0485779 0)
(0.834015 -0.0481573 0)
(0.862451 -0.0497832 0)
(0.862318 -0.0493611 -2.48401e-28)
(0.862191 -0.0489421 2.48401e-28)
(0.862072 -0.0485263 0)
(0.861959 -0.0481137 0)
(0.89036 -0.0494725 0)
(0.890069 -0.0490616 0)
(0.889787 -0.0486535 0)
(0.889513 -0.0482482 0)
(0.889247 -0.0478459 0)
(0.917393 -0.0489466 0)
(0.916958 -0.048549 -3.91106e-28)
(0.916533 -0.0481537 3.91106e-28)
(0.916117 -0.047761 0)
(0.915711 -0.0473707 0)
(0.943395 -0.0482251 0)
(0.94283 -0.0478425 0)
(0.942276 -0.0474619 0)
(0.941733 -0.0470833 0)
(0.9412 -0.0467069 0)
(0.968235 -0.0473293 0)
(0.967555 -0.0469631 0)
(0.966887 -0.0465984 0)
(0.966231 -0.0462354 0)
(0.965585 -0.0458742 0)
(0.991803 -0.0462809 0)
(0.991023 -0.0459321 0)
(0.990257 -0.0455845 0)
(0.989502 -0.0452382 0)
(0.988759 -0.0448932 0)
(1.01401 -0.0451022 0)
(1.01315 -0.0447716 4.05304e-28)
(1.0123 -0.0444418 -4.05304e-28)
(1.01146 -0.0441129 0)
(1.01064 -0.0437849 0)
(1.0348 -0.0438154 0)
(1.03387 -0.0435034 5.59645e-28)
(1.03295 -0.0431918 -5.59645e-28)
(1.03204 -0.0428807 0)
(1.03115 -0.0425702 0)
(1.05413 -0.0424421 0)
(1.05314 -0.0421488 0)
(1.05217 -0.0418556 0)
(1.05121 -0.0415624 0)
(1.05026 -0.0412696 0)
(1.07197 -0.041003 0)
(1.07095 -0.0407283 0)
(1.06993 -0.0404533 0)
(1.06894 -0.0401781 0)
(1.06795 -0.0399027 0)
(1.08834 -0.0395176 0)
(1.08729 -0.0392612 0)
(1.08625 -0.039004 0)
(1.08522 -0.0387463 0)
(1.0842 -0.0384882 0)
(1.10324 -0.0380039 0)
(1.10217 -0.0377652 4.22849e-28)
(1.10112 -0.0375253 -4.22849e-28)
(1.10008 -0.0372847 0)
(1.09905 -0.0370433 0)
(1.11671 -0.0364783 0)
(1.11565 -0.0362564 0)
(1.11459 -0.0360332 0)
(1.11354 -0.0358088 0)
(1.1125 -0.0355835 0)
(1.12881 -0.034955 0)
(1.12775 -0.0347491 0)
(1.1267 -0.0345417 0)
(1.12565 -0.0343329 0)
(1.12462 -0.0341228 0)
(1.13959 -0.0334465 0)
(1.13854 -0.0332557 -4.32591e-28)
(1.1375 -0.0330632 4.32591e-28)
(1.13647 -0.032869 0)
(1.13545 -0.0326734 0)
(1.14913 -0.0319634 0)
(1.1481 -0.0317867 0)
(1.14708 -0.031608 0)
(1.14607 -0.0314276 0)
(1.14506 -0.0312455 0)
(1.15749 -0.0305141 0)
(1.15648 -0.0303505 0)
(1.15549 -0.0301848 0)
(1.1545 -0.030017 0)
(1.15353 -0.0298475 0)
(1.16476 -0.0291055 0)
(1.16379 -0.0289539 -2.8532e-28)
(1.16282 -0.0288001 2.8532e-28)
(1.16187 -0.0286441 0)
(1.16092 -0.0284863 0)
(1.17103 -0.0277424 0)
(1.17009 -0.0276019 0)
(1.16916 -0.027459 0)
(1.16823 -0.0273139 0)
(1.16732 -0.0271668 0)
(1.17639 -0.0264283 0)
(1.17548 -0.026298 6.11441e-28)
(1.17458 -0.0261651 -6.11441e-28)
(1.17369 -0.02603 0)
(1.1728 -0.0258927 0)
(1.18091 -0.0251652 0)
(1.18004 -0.0250441 0)
(1.17917 -0.0249205 0)
(1.17832 -0.0247944 0)
(1.17746 -0.0246662 0)
(1.18468 -0.0239538 0)
(1.18384 -0.0238412 0)
(1.18302 -0.0237259 0)
(1.18219 -0.0236083 0)
(1.18138 -0.0234883 0)
(1.18778 -0.0227939 0)
(1.18698 -0.022689 0)
(1.18619 -0.0225815 0)
(1.1854 -0.0224715 0)
(1.18462 -0.0223591 0)
(1.19029 -0.0216844 0)
(1.18953 -0.0215866 4.55883e-28)
(1.18877 -0.0214861 -4.55883e-28)
(1.18801 -0.0213831 0)
(1.18727 -0.0212778 0)
(1.19228 -0.0206235 0)
(1.19155 -0.0205322 -4.57872e-28)
(1.19082 -0.0204382 4.57872e-28)
(1.1901 -0.0203417 0)
(1.18939 -0.0202428 0)
(1.19381 -0.0196089 0)
(1.19312 -0.0195236 0)
(1.19242 -0.0194356 0)
(1.19173 -0.019345 0)
(1.19104 -0.0192522 0)
(1.19496 -0.0186379 0)
(1.19429 -0.0185582 0)
(1.19362 -0.0184757 0)
(1.19296 -0.0183908 0)
(1.1923 -0.0183035 0)
(1.19576 -0.0177078 0)
(1.19512 -0.0176332 0)
(1.19448 -0.0175559 0)
(1.19385 -0.0174761 0)
(1.19322 -0.017394 0)
(1.19628 -0.0168154 0)
(1.19567 -0.0167456 -6.36039e-28)
(1.19505 -0.0166732 6.36039e-28)
(1.19445 -0.0165983 0)
(1.19384 -0.0165211 0)
(1.19656 -0.0159577 0)
(1.19597 -0.0158925 0)
(1.19538 -0.0158247 0)
(1.19479 -0.0157544 0)
(1.19421 -0.0156818 0)
(1.19664 -0.0151319 0)
(1.19607 -0.0150709 -4.67481e-28)
(1.1955 -0.0150074 4.67481e-28)
(1.19494 -0.0149414 0)
(1.19438 -0.0148732 0)
(1.19656 -0.0143348 0)
(1.19601 -0.0142779 0)
(1.19546 -0.0142185 0)
(1.19491 -0.0141567 0)
(1.19437 -0.0140927 0)
(1.19634 -0.0135639 0)
(1.19581 -0.0135108 0)
(1.19528 -0.0134553 0)
(1.19475 -0.0133975 0)
(1.19422 -0.0133375 0)
(1.19602 -0.0128164 0)
(1.1955 -0.0127671 0)
(1.19499 -0.0127153 0)
(1.19447 -0.0126612 0)
(1.19396 -0.0126051 0)
(1.19562 -0.0120901 0)
(1.19512 -0.0120442 -6.45966e-28)
(1.19461 -0.011996 6.45966e-28)
(1.19412 -0.0119456 0)
(1.19362 -0.0118932 0)
(1.19516 -0.0113827 0)
(1.19467 -0.0113402 0)
(1.19418 -0.0112954 0)
(1.19369 -0.0112485 0)
(1.19321 -0.0111996 0)
(1.19466 -0.0106922 0)
(1.19418 -0.0106529 -4.73703e-28)
(1.1937 -0.0106114 4.73703e-28)
(1.19322 -0.0105678 0)
(1.19275 -0.0105224 0)
(1.19413 -0.0100167 0)
(1.19366 -0.00998048 0)
(1.19319 -0.00994215 0)
(1.19272 -0.00990185 0)
(1.19226 -0.00985968 0)
(1.19358 -0.00935468 0)
(1.19312 -0.00932136 0)
(1.19266 -0.00928606 0)
(1.1922 -0.00924888 0)
(1.19175 -0.00920992 0)
(1.19303 -0.00870454 0)
(1.19258 -0.00867403 4.75819e-28)
(1.19213 -0.00864164 -4.75819e-28)
(1.19168 -0.00860747 0)
(1.19123 -0.0085716 0)
(1.19249 -0.00806498 0)
(1.19205 -0.00803716 0)
(1.1916 -0.00800757 0)
(1.19116 -0.00797629 0)
(1.19072 -0.00794341 0)
(1.19197 -0.00743479 0)
(1.19153 -0.00740955 -4.76929e-28)
(1.19109 -0.00738264 4.76929e-28)
(1.19065 -0.00735416 0)
(1.19022 -0.00732416 0)
(1.19146 -0.00681289 0)
(1.19103 -0.00679012 0)
(1.19059 -0.0067658 0)
(1.19016 -0.00674 0)
(1.18973 -0.0067128 0)
(1.19098 -0.00619831 0)
(1.19055 -0.0061779 0)
(1.19013 -0.00615606 0)
(1.1897 -0.00613286 0)
(1.18927 -0.00610836 0)
(1.19054 -0.00559016 0)
(1.19011 -0.00557202 0)
(1.18969 -0.00555256 0)
(1.18926 -0.00553186 0)
(1.18884 -0.00550998 0)
(1.19013 -0.00498764 0)
(1.1897 -0.00497166 1.09289e-27)
(1.18928 -0.00495451 -1.09289e-27)
(1.18886 -0.00493623 0)
(1.18845 -0.00491687 0)
(1.18975 -0.00438999 0)
(1.18933 -0.0043761 0)
(1.18892 -0.00436117 0)
(1.1885 -0.00434523 0)
(1.18809 -0.00432834 0)
(1.18942 -0.00379654 0)
(1.18901 -0.00378466 -4.7908e-28)
(1.18859 -0.00377187 4.7908e-28)
(1.18818 -0.0037582 0)
(1.18777 -0.00374371 0)
(1.18914 -0.00320664 0)
(1.18872 -0.0031967 0)
(1.18831 -0.00318599 0)
(1.1879 -0.00317454 0)
(1.18749 -0.00316238 0)
(1.18889 -0.00261968 0)
(1.18848 -0.00261164 0)
(1.18807 -0.00260295 0)
(1.18766 -0.00259366 0)
(1.18725 -0.00258378 0)
(1.1887 -0.00203511 0)
(1.18829 -0.0020289 0)
(1.18788 -0.0020222 0)
(1.18747 -0.00201501 0)
(1.18706 -0.00200737 0)
(1.18855 -0.00145236 0)
(1.18814 -0.00144795 4.79705e-28)
(1.18773 -0.00144319 -4.79705e-28)
(1.18732 -0.00143808 0)
(1.18692 -0.00143265 0)
(1.18845 -0.000870904 0)
(1.18804 -0.000868272 6.56673e-28)
(1.18763 -0.000865424 -6.56673e-28)
(1.18723 -0.00086237 0)
(1.18682 -0.00085912 0)
(1.1884 -0.000290217 0)
(1.18799 -0.000289342 0)
(1.18759 -0.000288394 0)
(1.18718 -0.000287378 0)
(1.18677 -0.000286297 0)
(0.687545 0.0463204 0)
(0.716476 0.0475585 0)
(0.745809 0.0485471 0)
(0.775302 0.0492554 0)
(0.80472 0.0496891 0)
(0.83384 0.0498606 0)
(0.862451 0.0497832 0)
(0.89036 0.0494725 0)
(0.917393 0.0489466 0)
(0.943395 0.0482251 0)
(0.968235 0.0473293 0)
(0.991803 0.0462809 0)
(1.01401 0.0451022 0)
(1.0348 0.0438154 0)
(1.05413 0.0424421 0)
(1.07197 0.041003 0)
(1.08834 0.0395176 0)
(1.10324 0.0380039 0)
(1.11671 0.0364783 0)
(1.12881 0.034955 0)
(1.13959 0.0334465 0)
(1.14913 0.0319634 0)
(1.15749 0.0305141 0)
(1.16476 0.0291055 0)
(1.17103 0.0277424 0)
(1.17639 0.0264283 0)
(1.18091 0.0251652 0)
(1.18468 0.0239538 0)
(1.18778 0.0227939 0)
(1.19029 0.0216844 0)
(1.19228 0.0206235 0)
(1.19381 0.0196089 0)
(1.19496 0.0186379 0)
(1.19576 0.0177078 0)
(1.19628 0.0168154 0)
(1.19656 0.0159577 0)
(1.19664 0.0151319 0)
(1.19656 0.0143348 0)
(1.19634 0.0135639 0)
(1.19602 0.0128164 0)
(1.19562 0.0120901 0)
(1.19516 0.0113827 0)
(1.19466 0.0106922 0)
(1.19413 0.0100167 0)
(1.19358 0.00935468 0)
(1.19303 0.00870454 0)
(1.19249 0.00806498 0)
(1.19197 0.00743479 0)
(1.19146 0.00681289 0)
(1.19098 0.00619831 0)
(1.19054 0.00559016 0)
(1.19013 0.00498764 0)
(1.18975 0.00438999 0)
(1.18942 0.00379654 0)
(1.18914 0.00320664 0)
(1.18889 0.00261968 0)
(1.1887 0.00203511 0)
(1.18855 0.00145236 0)
(1.18845 0.000870904 0)
(1.1884 0.000290217 0)
(0.688539 0.0458862 -1.38885e-11)
(0.717271 0.0471193 -1.43428e-11)
(0.746406 0.0481055 1.07617e-28)
(0.775705 0.0488144 -1.45665e-11)
(0.804936 0.0492517 -9.92124e-30)
(0.833876 0.0494296 1.48091e-11)
(0.862318 0.0493611 2.48401e-28)
(0.890069 0.0490616 0)
(0.916958 0.048549 3.91106e-28)
(0.94283 0.0478425 -1.53368e-11)
(0.967555 0.0469631 -1.54746e-11)
(0.991023 0.0459321 4.01721e-28)
(1.01315 0.0447716 -4.05304e-28)
(1.03387 0.0435034 -5.59645e-28)
(1.05314 0.0421488 -1.60301e-11)
(1.07095 0.0407283 -1.6167e-11)
(1.08729 0.0392612 5.74092e-28)
(1.10217 0.0377652 0)
(1.11565 0.0362564 0)
(1.12775 0.0347491 0)
(1.13854 0.0332557 -1.68132e-11)
(1.1481 0.0317867 -1.69319e-11)
(1.15648 0.0303505 -1.21776e-28)
(1.16379 0.0289539 0)
(1.17009 0.0276019 0)
(1.17548 0.026298 -6.11441e-28)
(1.18004 0.0250441 -1.74587e-11)
(1.18384 0.0238412 -3.51e-11)
(1.18698 0.022689 -1.76366e-11)
(1.18953 0.0215866 -4.55883e-28)
(1.19155 0.0205322 -1.77958e-11)
(1.19312 0.0195236 1.95199e-29)
(1.19429 0.0185582 3.5874e-11)
(1.19512 0.0176332 1.80011e-11)
(1.19567 0.0167456 6.36039e-28)
(1.19597 0.0158925 0)
(1.19607 0.0150709 0)
(1.19601 0.0142779 0)
(1.19581 0.0135108 1.82628e-11)
(1.1955 0.0127671 1.83045e-11)
(1.19512 0.0120442 6.45966e-28)
(1.19467 0.0113402 0)
(1.19418 0.0106529 0)
(1.19366 0.00998048 -1.8441e-11)
(1.19312 0.00932136 -5.42604e-28)
(1.19258 0.00867403 1.84933e-11)
(1.19205 0.00803716 0)
(1.19153 0.00740955 4.76929e-28)
(1.19103 0.00679012 -4.77404e-28)
(1.19055 0.0061779 1.85714e-11)
(1.19011 0.00557202 1.85861e-11)
(1.1897 0.00497166 -1.09289e-27)
(1.18933 0.0043761 0)
(1.18901 0.00378466 4.7908e-28)
(1.18872 0.0031967 -4.79292e-28)
(1.18848 0.00261164 1.8635e-11)
(1.18829 0.0020289 1.86404e-11)
(1.18814 0.00144795 -4.79705e-28)
(1.18804 0.000868272 1.8647e-11)
(1.18799 0.000289342 1.89989e-11)
(0.689528 0.0454563 1.38885e-11)
(0.718063 0.0466844 1.43428e-11)
(0.747003 0.047668 -1.07617e-28)
(0.77611 0.0483774 1.45665e-11)
(0.805155 0.0488181 9.92124e-30)
(0.833917 0.049002 -1.48091e-11)
(0.862191 0.0489421 -2.48401e-28)
(0.889787 0.0486535 0)
(0.916533 0.0481537 -3.91106e-28)
(0.942276 0.0474619 1.53368e-11)
(0.966887 0.0465984 1.54746e-11)
(0.990257 0.0455845 -4.01721e-28)
(1.0123 0.0444418 4.05304e-28)
(1.03295 0.0431918 5.59645e-28)
(1.05217 0.0418556 1.60301e-11)
(1.06993 0.0404533 1.6167e-11)
(1.08625 0.039004 -5.74092e-28)
(1.10112 0.0375253 0)
(1.11459 0.0360332 0)
(1.1267 0.0345417 0)
(1.1375 0.0330632 1.68132e-11)
(1.14708 0.031608 1.69319e-11)
(1.15549 0.0301848 1.21776e-28)
(1.16282 0.0288001 0)
(1.16916 0.027459 0)
(1.17458 0.0261651 6.11441e-28)
(1.17917 0.0249205 1.74587e-11)
(1.18302 0.0237259 3.51e-11)
(1.18619 0.0225815 1.76366e-11)
(1.18877 0.0214861 4.55883e-28)
(1.19082 0.0204382 1.77958e-11)
(1.19242 0.0194356 -1.95199e-29)
(1.19362 0.0184757 -3.5874e-11)
(1.19448 0.0175559 -1.80011e-11)
(1.19505 0.0166732 -6.36039e-28)
(1.19538 0.0158247 0)
(1.1955 0.0150074 0)
(1.19546 0.0142185 0)
(1.19528 0.0134553 -1.82628e-11)
(1.19499 0.0127153 -1.83045e-11)
(1.19461 0.011996 -6.45966e-28)
(1.19418 0.0112954 0)
(1.1937 0.0106114 0)
(1.19319 0.00994215 1.8441e-11)
(1.19266 0.00928606 5.42604e-28)
(1.19213 0.00864164 -1.84933e-11)
(1.1916 0.00800757 0)
(1.19109 0.00738264 -4.76929e-28)
(1.19059 0.0067658 4.77404e-28)
(1.19013 0.00615606 -1.85714e-11)
(1.18969 0.00555256 -1.85861e-11)
(1.18928 0.00495451 1.09289e-27)
(1.18892 0.00436117 0)
(1.18859 0.00377187 -4.7908e-28)
(1.18831 0.00318599 4.79292e-28)
(1.18807 0.00260295 -1.8635e-11)
(1.18788 0.0020222 -1.86404e-11)
(1.18773 0.00144319 4.79705e-28)
(1.18763 0.000865424 -1.8647e-11)
(1.18759 0.000288394 -1.89989e-11)
(0.690513 0.0450308 0)
(0.718852 0.0462538 0)
(0.747598 0.0472347 0)
(0.776516 0.0479444 0)
(0.805377 0.0483881 0)
(0.833963 0.0485779 0)
(0.862072 0.0485263 0)
(0.889513 0.0482482 0)
(0.916117 0.047761 0)
(0.941733 0.0470833 0)
(0.966231 0.0462354 0)
(0.989502 0.0452382 0)
(1.01146 0.0441129 0)
(1.03204 0.0428807 0)
(1.05121 0.0415624 0)
(1.06894 0.0401781 0)
(1.08522 0.0387463 0)
(1.10008 0.0372847 0)
(1.11354 0.0358088 0)
(1.12565 0.0343329 0)
(1.13647 0.032869 0)
(1.14607 0.0314276 0)
(1.1545 0.030017 0)
(1.16187 0.0286441 0)
(1.16823 0.0273139 0)
(1.17369 0.02603 0)
(1.17832 0.0247944 0)
(1.18219 0.0236083 0)
(1.1854 0.0224715 0)
(1.18801 0.0213831 0)
(1.1901 0.0203417 0)
(1.19173 0.019345 0)
(1.19296 0.0183908 0)
(1.19385 0.0174761 0)
(1.19445 0.0165983 0)
(1.19479 0.0157544 0)
(1.19494 0.0149414 0)
(1.19491 0.0141567 0)
(1.19475 0.0133975 0)
(1.19447 0.0126612 0)
(1.19412 0.0119456 0)
(1.19369 0.0112485 0)
(1.19322 0.0105678 0)
(1.19272 0.00990185 0)
(1.1922 0.00924888 0)
(1.19168 0.00860747 0)
(1.19116 0.00797629 0)
(1.19065 0.00735416 0)
(1.19016 0.00674 0)
(1.1897 0.00613286 0)
(1.18926 0.00553186 0)
(1.18886 0.00493622 0)
(1.1885 0.00434523 0)
(1.18818 0.0037582 0)
(1.1879 0.00317454 0)
(1.18766 0.00259366 0)
(1.18747 0.00201501 0)
(1.18732 0.00143808 0)
(1.18723 0.00086237 0)
(1.18718 0.000287378 0)
(0.691492 0.0446096 0)
(0.719638 0.0458273 0)
(0.748193 0.0468055 0)
(0.776923 0.0475153 0)
(0.805602 0.047962 0)
(0.834015 0.0481573 0)
(0.861959 0.0481137 0)
(0.889247 0.0478458 0)
(0.915711 0.0473707 0)
(0.9412 0.0467069 0)
(0.965585 0.0458742 0)
(0.988759 0.0448932 0)
(1.01064 0.0437849 0)
(1.03115 0.0425702 0)
(1.05026 0.0412696 0)
(1.06795 0.0399027 0)
(1.0842 0.0384882 0)
(1.09905 0.0370433 0)
(1.1125 0.0355835 0)
(1.12462 0.0341228 0)
(1.13545 0.0326734 0)
(1.14506 0.0312455 0)
(1.15353 0.0298475 0)
(1.16092 0.0284863 0)
(1.16732 0.0271668 0)
(1.1728 0.0258927 0)
(1.17746 0.0246662 0)
(1.18138 0.0234883 0)
(1.18462 0.0223591 0)
(1.18727 0.0212778 0)
(1.18939 0.0202428 0)
(1.19104 0.0192522 0)
(1.1923 0.0183035 0)
(1.19322 0.017394 0)
(1.19384 0.0165211 0)
(1.19421 0.0156818 0)
(1.19438 0.0148732 0)
(1.19437 0.0140927 0)
(1.19422 0.0133375 0)
(1.19396 0.0126051 0)
(1.19362 0.0118932 0)
(1.19321 0.0111996 0)
(1.19275 0.0105224 0)
(1.19226 0.00985968 0)
(1.19175 0.00920992 0)
(1.19123 0.0085716 0)
(1.19072 0.00794341 0)
(1.19022 0.00732416 0)
(1.18973 0.0067128 0)
(1.18927 0.00610836 0)
(1.18884 0.00550998 0)
(1.18845 0.00491687 0)
(1.18809 0.00432834 0)
(1.18777 0.00374371 0)
(1.18749 0.00316238 0)
(1.18725 0.00258378 0)
(1.18706 0.00200737 0)
(1.18692 0.00143265 0)
(1.18682 0.00085912 0)
(1.18677 0.000286297 0)
(0.667829 0.0452101 6.52278e-21)
(0.668959 0.0447816 -2.10314e-21)
(0.670082 0.0443575 3.12308e-21)
(0.671199 0.0439378 -4.65201e-21)
(0.67231 0.0435225 2.27732e-21)
(0.654734 0.0448619 4.24628e-21)
(0.655962 0.0444347 -6.16752e-21)
(0.657183 0.0440118 1.87986e-22)
(0.658396 0.0435933 2.01359e-21)
(0.659602 0.0431792 4.33566e-21)
(0.660801 0.0427694 -1.38001e-21)
(0.642819 0.0440312 6.77672e-21)
(0.644141 0.0436099 -4.36961e-21)
(0.645453 0.0431931 -2.35263e-21)
(0.646758 0.0427805 4.66408e-21)
(0.648053 0.0423724 -3.40218e-21)
(0.64934 0.0419685 3.29867e-21)
(0.630976 0.0431451 8.32635e-21)
(0.632391 0.0427304 -1.29962e-22)
(0.633796 0.0423201 -3.39389e-21)
(0.635192 0.0419141 -9.74211e-25)
(0.636578 0.0415124 3.45871e-21)
(0.637954 0.041115 -4.34583e-21)
(0.619233 0.0421953 3.40489e-21)
(0.620742 0.0417879 1.01823e-21)
(0.622239 0.0413848 8.13192e-22)
(0.623726 0.040986 -2.39606e-21)
(0.625202 0.0405915 -2.96985e-21)
(0.607617 0.0411812 2.44341e-21)
(0.60922 0.0407818 2.14663e-21)
(0.61081 0.0403867 8.36269e-22)
(0.612389 0.0399959 3.93755e-21)
(0.613955 0.0396093 -1.35723e-21)
(0.59445 0.0404983 9.15323e-23)
(0.596159 0.0401035 4.27552e-21)
(0.597855 0.039713 -5.68628e-21)
(0.599538 0.0393266 -2.41352e-21)
(0.601208 0.0389445 -2.21188e-22)
(0.602864 0.0385665 9.07948e-22)
(0.583084 0.0393478 5.16124e-21)
(0.584887 0.0389626 -7.63064e-21)
(0.586676 0.0385816 1.17054e-21)
(0.588451 0.0382047 6.91748e-22)
(0.590211 0.037832 5.68109e-21)
(0.591957 0.0374633 -5.01615e-21)
(0.571936 0.0381334 -2.11908e-21)
(0.573832 0.0377587 -4.00338e-21)
(0.575713 0.037388 -3.89037e-21)
(0.577578 0.0370213 9.62057e-21)
(0.579428 0.0366587 -7.50377e-21)
(0.561035 0.036856 2.32531e-21)
(0.563023 0.0364923 -2.15264e-22)
(0.564994 0.0361327 -2.37954e-21)
(0.566949 0.035777 5.94802e-21)
(0.568887 0.0354253 -5.10815e-21)
(0.550411 0.0355162 5.63094e-22)
(0.55249 0.0351645 2.30695e-22)
(0.55455 0.0348166 5.01839e-22)
(0.556593 0.0344726 -2.02372e-21)
(0.558618 0.0341325 3.51404e-21)
(0.53791 0.034458 -2.16629e-21)
(0.540096 0.0341152 4.44602e-21)
(0.542262 0.0337761 -4.82376e-21)
(0.54441 0.0334409 1.86636e-22)
(0.546539 0.0331093 4.14095e-21)
(0.548649 0.0327815 8.66518e-22)
(0.527845 0.0329836 1.3875e-21)
(0.530118 0.0326543 1.34177e-22)
(0.53237 0.0323287 -3.4874e-22)
(0.534603 0.0320067 -5.75979e-21)
(0.536815 0.0316883 5.9352e-21)
(0.539008 0.0313735 -1.19013e-21)
(0.518149 0.0314502 -3.99051e-21)
(0.520506 0.0311352 1.27178e-21)
(0.522842 0.0308237 -5.57111e-21)
(0.525157 0.0305157 5.20006e-21)
(0.527451 0.0302112 -1.96049e-21)
(0.529724 0.0299101 3.18136e-21)
(0.508852 0.0298596 -2.72753e-21)
(0.51129 0.0295596 7.19233e-21)
(0.513707 0.0292629 -3.64319e-21)
(0.516101 0.0289697 3.37581e-21)
(0.518473 0.0286797 -4.17993e-21)
(0.499981 0.0282138 -2.13958e-21)
(0.502498 0.0279295 6.67322e-21)
(0.504991 0.0276484 -7.73487e-21)
(0.507462 0.0273706 6.39113e-21)
(0.50991 0.0270958 4.99783e-22)
(0.491564 0.0265152 1.29003e-21)
(0.494156 0.0262473 6.16477e-22)
(0.496723 0.0259825 -4.28594e-21)
(0.499266 0.0257206 3.68737e-21)
(0.501786 0.0254618 -1.97802e-21)
(0.480941 0.0250201 -2.11131e-21)
(0.483628 0.0247664 7.89723e-22)
(0.48629 0.0245155 4.0055e-21)
(0.488927 0.0242675 -3.13487e-21)
(0.49154 0.0240224 8.94022e-22)
(0.494127 0.02378 -1.18106e-21)
(0.473443 0.0232059 -2.24617e-22)
(0.476198 0.02297 3.0541e-21)
(0.478926 0.0227368 2.69991e-23)
(0.481629 0.0225063 -2.85264e-21)
(0.484306 0.0222784 2.07721e-23)
(0.486958 0.0220531 -8.12996e-22)
(0.466479 0.0213465 -2.0268e-21)
(0.469297 0.0211291 1.72734e-21)
(0.472087 0.0209141 -8.03623e-22)
(0.474851 0.0207016 -9.76466e-23)
(0.477589 0.0204915 -8.77805e-22)
(0.480301 0.0202839 9.42123e-22)
(0.460072 0.0194452 -2.66929e-21)
(0.462948 0.0192467 2.59473e-21)
(0.465796 0.0190505 -2.04797e-21)
(0.468616 0.0188566 3.51838e-21)
(0.47141 0.0186649 2.0151e-23)
(0.474177 0.0184754 -2.3375e-21)
(0.454243 0.0175053 3.17388e-21)
(0.457172 0.0173263 -2.15422e-21)
(0.460072 0.0171494 1.16992e-21)
(0.462944 0.0169745 -2.84967e-22)
(0.465789 0.0168016 1.21638e-23)
(0.468606 0.0166307 -5.56523e-22)
(0.449011 0.0155305 4.17403e-21)
(0.451987 0.0153714 -2.13478e-21)
(0.454935 0.0152142 7.20104e-22)
(0.457853 0.0150588 -6.22035e-22)
(0.460744 0.0149052 1.94368e-21)
(0.463606 0.0147534 -3.75644e-21)
(0.444394 0.0135243 -1.67235e-21)
(0.447412 0.0133856 1.12511e-21)
(0.450401 0.0132485 -5.90458e-22)
(0.453361 0.013113 -8.50773e-22)
(0.456292 0.0129791 1.63502e-21)
(0.459195 0.0128467 -1.68098e-21)
(0.440406 0.0114908 3.70717e-22)
(0.443461 0.0113728 -1.36434e-21)
(0.446486 0.0112562 1.41172e-21)
(0.449482 0.0111409 -1.2672e-21)
(0.452448 0.011027 1.28458e-21)
(0.437062 0.00943389 2.92846e-22)
(0.440148 0.00933692 2.13396e-22)
(0.443203 0.00924108 -1.0853e-21)
(0.446229 0.00914635 1.39143e-21)
(0.449225 0.00905272 -1.58339e-21)
(0.434373 0.00735766 1.81638e-22)
(0.437484 0.00728197 -1.04165e-22)
(0.440563 0.00720716 -6.80728e-22)
(0.443613 0.00713322 5.7778e-22)
(0.446633 0.00706015 -1.49661e-22)
(0.432349 0.00526632 -4.33013e-22)
(0.435478 0.00521211 7.87921e-22)
(0.438576 0.00515854 -4.73543e-22)
(0.441643 0.00510558 4.5005e-23)
(0.444681 0.00505325 -2.50715e-22)
(0.430995 0.00316414 -2.40605e-22)
(0.434136 0.00313156 -1.12723e-22)
(0.437247 0.00309936 5.02899e-23)
(0.440327 0.00306753 -2.60077e-22)
(0.443376 0.00303607 3.35038e-22)
(0.430317 0.00105544 1.51309e-23)
(0.433465 0.00104457 -1.88923e-22)
(0.436581 0.00103383 -1.55559e-23)
(0.439667 0.00102321 -5.54604e-23)
(0.442723 0.00101271 2.34686e-22)
)
;

boundaryField
{
    inlet
    {
        type            uniformFixedValue;
        uniformValue    constant (1 0 0);
        value           nonuniform 0();
    }
    outlet
    {
        type            pressureInletOutletVelocity;
        value           nonuniform 0();
    }
    cylinder
    {
        type            fixedValue;
        value           nonuniform 0();
    }
    top
    {
        type            symmetryPlane;
    }
    bottom
    {
        type            symmetryPlane;
    }
    defaultFaces
    {
        type            empty;
    }
    procBoundary39to38
    {
        type            processor;
        value           nonuniform List<vector> 
188
(
(0.427138 -0.00106644 2.37857e-22)
(0.427822 -0.0031971 -4.90272e-23)
(0.429189 -0.00532116 -3.64005e-22)
(0.431232 -0.00743423 -7.62463e-22)
(0.433946 -0.00953198 -1.16187e-21)
(0.437321 -0.0116102 1.44687e-21)
(0.441346 -0.0136647 1.28426e-21)
(0.446006 -0.0156914 -3.92559e-22)
(0.451286 -0.0176864 -2.74947e-21)
(0.457169 -0.019646 1.17609e-21)
(0.463635 -0.0215665 -1.95306e-21)
(0.470662 -0.0234445 1.65123e-22)
(0.480941 -0.0250201 3.16627e-21)
(0.480941 -0.0250201 3.16627e-21)
(0.488949 -0.0267862 -1.0266e-21)
(0.497441 -0.0285013 -2.13607e-21)
(0.506391 -0.0301629 1.37045e-21)
(0.51577 -0.0317687 3.67672e-21)
(0.525552 -0.0333166 -3.00854e-21)
(0.535705 -0.0348047 -7.80848e-22)
(0.548315 -0.0358718 -3.59835e-21)
(0.548315 -0.0358718 -3.59835e-21)
(0.55903 -0.0372236 -2.95893e-21)
(0.570023 -0.0385123 7.04478e-21)
(0.581266 -0.0397371 -2.23585e-22)
(0.592727 -0.0408973 1.68091e-21)
(0.606003 -0.0415848 -3.13016e-21)
(0.606003 -0.0415848 -3.13016e-21)
(0.617713 -0.042607 1.54413e-21)
(0.629551 -0.0435641 -9.29086e-21)
(0.641489 -0.0444568 -4.44806e-21)
(0.654734 -0.0448619 2.11111e-21)
(0.654734 -0.0448619 2.11111e-21)
(0.666693 -0.045643 -9.93777e-21)
(0.686546 -0.046759 0)
(0.715678 -0.0480019 0)
(0.745211 -0.0489928 0)
(0.774901 -0.0497002 0)
(0.804509 -0.0501301 0)
(0.833809 -0.050295 0)
(0.862591 -0.0502084 0)
(0.89066 -0.0498861 0)
(0.917838 -0.0493465 0)
(0.943971 -0.0486097 0)
(0.968927 -0.047697 0)
(0.992595 -0.0466307 0)
(1.01489 -0.0454335 0)
(1.03575 -0.0441276 0)
(1.05513 -0.0427351 0)
(1.07301 -0.0412771 0)
(1.0894 -0.0397731 0)
(1.10432 -0.0382415 0)
(1.1178 -0.0366986 0)
(1.12989 -0.035159 0)
(1.14065 -0.0336353 0)
(1.15017 -0.0321379 0)
(1.1585 -0.0306754 0)
(1.16574 -0.0292546 0)
(1.17198 -0.0278803 0)
(1.1773 -0.026556 0)
(1.18178 -0.0252836 0)
(1.18552 -0.0240637 0)
(1.18858 -0.022896 0)
(1.19106 -0.0217794 0)
(1.19301 -0.020712 0)
(1.19452 -0.0196914 0)
(1.19563 -0.0187149 0)
(1.19641 -0.0177796 0)
(1.1969 -0.0168824 0)
(1.19716 -0.0160203 0)
(1.19722 -0.0151901 0)
(1.19711 -0.0143891 0)
(1.19688 -0.0136144 0)
(1.19654 -0.0128633 0)
(1.19613 -0.0121336 0)
(1.19565 -0.0114229 0)
(1.19514 -0.0107293 0)
(1.1946 -0.0100508 0)
(1.19405 -0.00938592 0)
(1.19349 -0.00873307 0)
(1.19294 -0.00809092 0)
(1.19241 -0.00745827 0)
(1.1919 -0.00683403 0)
(1.19142 -0.00621722 0)
(1.19097 -0.00560694 0)
(1.19055 -0.00500237 0)
(1.19018 -0.00440277 0)
(1.18984 -0.00380745 0)
(1.18955 -0.00321575 0)
(1.18931 -0.00262706 0)
(1.18911 -0.00204079 0)
(1.18896 -0.00145639 0)
(1.18886 -0.00087331 0)
(1.18881 -0.000291017 0)
(0.686546 0.046759 0)
(0.715678 0.0480019 0)
(0.745211 0.0489928 0)
(0.774901 0.0497002 0)
(0.804509 0.0501301 0)
(0.833809 0.050295 0)
(0.862591 0.0502084 0)
(0.89066 0.0498861 0)
(0.917838 0.0493465 0)
(0.943971 0.0486097 0)
(0.968927 0.047697 0)
(0.992595 0.0466307 0)
(1.01489 0.0454335 0)
(1.03575 0.0441276 0)
(1.05513 0.0427351 0)
(1.07301 0.0412771 0)
(1.0894 0.0397731 0)
(1.10432 0.0382415 0)
(1.1178 0.0366986 0)
(1.12989 0.035159 0)
(1.14065 0.0336353 0)
(1.15017 0.0321379 0)
(1.1585 0.0306754 0)
(1.16574 0.0292546 0)
(1.17198 0.0278803 0)
(1.1773 0.026556 0)
(1.18178 0.0252836 0)
(1.18552 0.0240637 0)
(1.18858 0.022896 0)
(1.19106 0.0217794 0)
(1.19301 0.020712 0)
(1.19452 0.0196914 0)
(1.19563 0.0187149 0)
(1.19641 0.0177796 0)
(1.1969 0.0168824 0)
(1.19716 0.0160203 0)
(1.19722 0.0151901 0)
(1.19711 0.0143891 0)
(1.19688 0.0136144 0)
(1.19654 0.0128633 0)
(1.19613 0.0121336 0)
(1.19565 0.0114229 0)
(1.19514 0.0107293 0)
(1.1946 0.0100508 0)
(1.19405 0.00938592 0)
(1.19349 0.00873307 0)
(1.19294 0.00809092 0)
(1.19241 0.00745827 0)
(1.1919 0.00683403 0)
(1.19142 0.00621722 0)
(1.19097 0.00560694 0)
(1.19055 0.00500237 0)
(1.19018 0.00440277 0)
(1.18984 0.00380745 0)
(1.18955 0.00321575 0)
(1.18931 0.00262706 0)
(1.18911 0.00204079 0)
(1.18896 0.00145639 0)
(1.18886 0.00087331 0)
(1.18881 0.000291017 0)
(0.666693 0.045643 9.93914e-21)
(0.666693 0.045643 9.93914e-21)
(0.653498 0.0452936 1.04755e-21)
(0.641489 0.0444568 4.28416e-21)
(0.629551 0.0435641 9.52604e-21)
(0.617713 0.042607 -1.66814e-21)
(0.606003 0.0415848 3.14266e-21)
(0.606003 0.0415848 3.14266e-21)
(0.592727 0.0408973 -1.47787e-21)
(0.581266 0.0397371 1.69826e-22)
(0.570023 0.0385123 -6.90596e-21)
(0.55903 0.0372236 2.51267e-21)
(0.548315 0.0358718 3.70771e-21)
(0.548315 0.0358718 3.70771e-21)
(0.535705 0.0348047 4.48269e-22)
(0.525552 0.0333166 3.42127e-21)
(0.51577 0.0317687 -4.06138e-21)
(0.506391 0.0301629 -1.19315e-21)
(0.497441 0.0285013 2.38313e-21)
(0.488949 0.0267862 8.68184e-22)
(0.488949 0.0267862 8.68184e-22)
(0.478228 0.0252767 -2.01997e-21)
(0.470662 0.0234445 1.18489e-22)
(0.463635 0.0215665 1.81889e-21)
(0.457169 0.019646 -1.32844e-21)
(0.451286 0.0176864 2.68018e-21)
(0.446006 0.0156914 5.31985e-22)
(0.441346 0.0136647 -1.42284e-21)
(0.437321 0.0116102 -1.31254e-21)
(0.433946 0.00953198 1.11219e-21)
(0.431232 0.00743422 7.90945e-22)
(0.429189 0.00532116 3.52412e-22)
(0.427822 0.0031971 5.42001e-23)
(0.427138 0.00106644 -2.5086e-22)
)
;
    }
    procBoundary39to40
    {
        type            processor;
        value           nonuniform List<vector> 
188
(
(0.445749 -0.00100234 -1.19839e-22)
(0.446396 -0.00300499 1.4331e-22)
(0.447689 -0.00500153 6.4106e-22)
(0.449623 -0.00698793 7.94153e-22)
(0.452191 -0.0089602 1.10992e-21)
(0.455385 -0.0109144 -2.31339e-22)
(0.455385 -0.0109144 -2.31339e-22)
(0.462069 -0.0127159 6.36234e-22)
(0.466441 -0.0146033 6.27958e-22)
(0.471396 -0.0164619 3.24115e-22)
(0.476917 -0.0182881 5.59565e-22)
(0.482986 -0.0200786 2.8466e-21)
(0.489585 -0.0218304 1.68197e-21)
(0.496691 -0.0235405 1.11812e-21)
(0.504282 -0.0252059 -4.95587e-22)
(0.512335 -0.0268243 -7.74146e-22)
(0.520824 -0.0283931 3.80379e-21)
(0.520824 -0.0283931 3.80379e-21)
(0.531977 -0.0296125 -6.21996e-21)
(0.541182 -0.0310623 1.18778e-21)
(0.550741 -0.0324574 1.94202e-21)
(0.560626 -0.0337962 -3.56503e-21)
(0.570809 -0.0350774 1.92701e-21)
(0.581262 -0.0363001 1.2057e-21)
(0.581262 -0.0363001 1.2057e-21)
(0.593689 -0.0370987 1.84436e-21)
(0.604508 -0.0381926 2.97955e-21)
(0.61551 -0.0392269 -6.85682e-21)
(0.626668 -0.0402012 7.78678e-22)
(0.626668 -0.0402012 7.78678e-22)
(0.63932 -0.0407219 3.38789e-21)
(0.650618 -0.041569 1.98727e-21)
(0.661992 -0.042364 9.50922e-22)
(0.673414 -0.0431115 -1.74806e-22)
(0.692466 -0.0441927 0)
(0.720422 -0.0454052 0)
(0.748787 -0.0463804 0)
(0.777331 -0.0470902 0)
(0.80583 -0.0475396 0)
(0.83407 -0.0477402 0)
(0.861852 -0.0477043 0)
(0.888989 -0.0474464 0)
(0.915314 -0.0469831 0)
(0.940677 -0.0463328 0)
(0.964951 -0.0455149 0)
(0.988028 -0.0445498 0)
(1.00982 -0.0434581 0)
(1.03027 -0.0422605 0)
(1.04933 -0.0409771 0)
(1.06697 -0.0396274 0)
(1.0832 -0.0382298 0)
(1.09803 -0.0368013 0)
(1.11148 -0.0353574 0)
(1.1236 -0.0339118 0)
(1.13444 -0.0324765 0)
(1.14407 -0.0310619 0)
(1.15256 -0.0296764 0)
(1.15997 -0.0283266 0)
(1.1664 -0.0270178 0)
(1.17193 -0.0257535 0)
(1.17662 -0.0245359 0)
(1.18057 -0.0233663 0)
(1.18384 -0.0222447 0)
(1.18652 -0.0211703 0)
(1.18867 -0.0201418 0)
(1.19036 -0.0191571 0)
(1.19165 -0.018214 0)
(1.19259 -0.0173098 0)
(1.19324 -0.0164417 0)
(1.19363 -0.015607 0)
(1.19382 -0.0148029 0)
(1.19383 -0.0140266 0)
(1.1937 -0.0132754 0)
(1.19346 -0.0125469 0)
(1.19312 -0.0118387 0)
(1.19272 -0.0111488 0)
(1.19228 -0.0104751 0)
(1.19179 -0.00981576 0)
(1.19129 -0.00916927 0)
(1.19079 -0.00853412 0)
(1.19028 -0.00790901 0)
(1.18978 -0.00729274 0)
(1.1893 -0.00668427 0)
(1.18885 -0.00608263 0)
(1.18842 -0.00548697 0)
(1.18803 -0.00489651 0)
(1.18767 -0.00431054 0)
(1.18735 -0.00372842 0)
(1.18708 -0.00314954 0)
(1.18684 -0.00257334 0)
(1.18666 -0.0019993 0)
(1.18651 -0.00142691 0)
(1.18642 -0.000855684 0)
(1.18637 -0.000285153 0)
(0.692466 0.0441927 0)
(0.720422 0.0454052 0)
(0.748787 0.0463804 0)
(0.777331 0.0470902 0)
(0.80583 0.0475396 0)
(0.83407 0.0477402 0)
(0.861852 0.0477043 0)
(0.888989 0.0474464 0)
(0.915314 0.0469831 0)
(0.940677 0.0463328 0)
(0.964951 0.0455149 0)
(0.988028 0.0445498 0)
(1.00982 0.0434581 0)
(1.03027 0.0422605 0)
(1.04933 0.0409771 0)
(1.06697 0.0396274 0)
(1.0832 0.0382298 0)
(1.09803 0.0368013 0)
(1.11148 0.0353574 0)
(1.1236 0.0339118 0)
(1.13444 0.0324765 0)
(1.14407 0.0310619 0)
(1.15256 0.0296764 0)
(1.15997 0.0283266 0)
(1.1664 0.0270178 0)
(1.17193 0.0257535 0)
(1.17662 0.0245359 0)
(1.18057 0.0233663 0)
(1.18384 0.0222447 0)
(1.18652 0.0211703 0)
(1.18867 0.0201418 0)
(1.19036 0.0191571 0)
(1.19165 0.018214 0)
(1.19259 0.0173098 0)
(1.19324 0.0164417 0)
(1.19363 0.015607 0)
(1.19382 0.0148029 0)
(1.19383 0.0140266 0)
(1.1937 0.0132754 0)
(1.19346 0.0125469 0)
(1.19312 0.0118387 0)
(1.19272 0.0111488 0)
(1.19228 0.0104751 0)
(1.19179 0.00981576 0)
(1.19129 0.00916927 0)
(1.19079 0.00853412 0)
(1.19028 0.00790901 0)
(1.18978 0.00729274 0)
(1.1893 0.00668427 0)
(1.18885 0.00608263 0)
(1.18842 0.00548697 0)
(1.18803 0.00489651 0)
(1.18767 0.00431054 0)
(1.18735 0.00372842 0)
(1.18708 0.00314954 0)
(1.18684 0.00257334 0)
(1.18666 0.0019993 0)
(1.18651 0.00142691 0)
(1.18642 0.000855684 0)
(1.18637 0.000285153 0)
(0.673414 0.0431115 1.72941e-22)
(0.661992 0.042364 -9.28445e-22)
(0.650618 0.041569 -2.13243e-21)
(0.63932 0.0407219 -3.13899e-21)
(0.626668 0.0402012 -7.34298e-22)
(0.626668 0.0402012 -7.34298e-22)
(0.61551 0.0392269 6.84663e-21)
(0.604508 0.0381926 -3.2772e-21)
(0.593689 0.0370987 -1.85632e-21)
(0.581262 0.0363001 -1.34602e-21)
(0.581262 0.0363001 -1.34602e-21)
(0.570809 0.0350774 -2.00938e-21)
(0.560626 0.0337962 3.75571e-21)
(0.550741 0.0324574 -1.73829e-21)
(0.541182 0.0310623 -1.25798e-21)
(0.531977 0.0296125 5.8934e-21)
(0.520824 0.0283931 -3.81908e-21)
(0.520824 0.0283931 -3.81908e-21)
(0.512335 0.0268243 6.06128e-22)
(0.504282 0.0252059 5.41371e-22)
(0.496691 0.0235405 -1.00028e-21)
(0.489585 0.0218304 -1.43407e-21)
(0.482986 0.0200786 -2.9631e-21)
(0.476917 0.0182881 -8.1972e-22)
(0.471396 0.0164619 -2.58553e-22)
(0.466441 0.0146033 -6.12841e-22)
(0.462069 0.0127159 -6.50788e-22)
(0.455385 0.0109144 7.61748e-23)
(0.455385 0.0109144 7.61748e-23)
(0.452191 0.0089602 -1.01727e-21)
(0.449623 0.00698793 -7.64589e-22)
(0.447689 0.00500153 -6.30815e-22)
(0.446396 0.00300499 -1.20509e-22)
(0.445749 0.00100234 1.19632e-22)
)
;
    }
}


// ************************************************************************* //
