/*--------------------------------*- C++ -*----------------------------------*\
  =========                 |
  \\      /  F ield         | OpenFOAM: The Open Source CFD Toolbox
   \\    /   O peration     | Website:  https://openfoam.org
    \\  /    A nd           | Version:  7
     \\/     M anipulation  |
\*---------------------------------------------------------------------------*/
FoamFile
{
    version     2.0;
    format      ascii;
    class       vectorField;
    location    "constant/polyMesh";
    object      points;
}
// * * * * * * * * * * * * * * * * * * * * * * * * * * * * * * * * * * * * * //


152
(
(0.191341718 0.4619397708 -0.05)
(0.2177506665 0.5256966125 -0.05)
(0.1451423401 0.4784701723 -0.05)
(0.165174859 0.5445085371 -0.05)
(0.1868111761 0.615833916 -0.05)
(0.2101796912 0.6928695862 -0.05)
(0.09754516194 0.4903926439 -0.05)
(0.1110083271 0.5580765461 -0.05)
(0.1255493498 0.6311792038 -0.05)
(0.141254523 0.7101344413 -0.05)
(0.1582170483 0.7954108144 -0.05)
(0.1765375888 0.8875143917 -0.05)
(0.1963248671 0.9869917574 -0.05)
(0.2176963097 1.094433255 -0.05)
(0.2407787445 1.210476491 -0.05)
(0.04900857057 0.4975923655 -0.05)
(0.05577272443 0.5662699723 -0.05)
(0.06307841468 0.6404458903 -0.05)
(0.07096899658 0.7205603129 -0.05)
(0.0794912964 0.8070886753 -0.05)
(0.08869588933 0.9005444758 -0.05)
(0.09863739956 1.001482323 -0.05)
(0.1093748245 1.110501228 -0.05)
(0.1209718849 1.228248159 -0.05)
(0.1470257106 1.492777091 -0.05)
(0 1.5 -0.05)
(0.191341718 0.4619397708 0.05)
(0.2177506665 0.5256966125 0.05)
(0.1451423401 0.4784701723 0.05)
(0.165174859 0.5445085371 0.05)
(0.1868111761 0.615833916 0.05)
(0.2101796912 0.6928695862 0.05)
(0.09754516194 0.4903926439 0.05)
(0.1110083271 0.5580765461 0.05)
(0.1255493498 0.6311792038 0.05)
(0.141254523 0.7101344413 0.05)
(0.1582170483 0.7954108144 0.05)
(0.1765375888 0.8875143917 0.05)
(0.1963248671 0.9869917574 0.05)
(0.2176963097 1.094433255 0.05)
(0.2407787445 1.210476491 0.05)
(0.04900857057 0.4975923655 0.05)
(0.05577272443 0.5662699723 0.05)
(0.06307841468 0.6404458903 0.05)
(0.07096899658 0.7205603129 0.05)
(0.0794912964 0.8070886753 0.05)
(0.08869588933 0.9005444758 0.05)
(0.09863739956 1.001482323 0.05)
(0.1093748245 1.110501228 0.05)
(0.1209718849 1.228248159 0.05)
(0.1470257106 1.492777091 0.05)
(0 1.5 0.05)
(0 -1.361980183 -0.05)
(0 -1.5 -0.05)
(0 -1.361980183 0.05)
(0 -1.5 0.05)
(0.04900857057 -0.4975923655 -0.05)
(0.05577272443 -0.5662699723 -0.05)
(0.06307841468 -0.6404458903 -0.05)
(0.07096899658 -0.7205603129 -0.05)
(0.0794912964 -0.8070886753 -0.05)
(0.08869588933 -0.9005444758 -0.05)
(0.09863739956 -1.001482323 -0.05)
(0.1093748245 -1.110501228 -0.05)
(0.1209718849 -1.228248159 -0.05)
(0.1334974029 -1.355421877 -0.05)
(0.1470257106 -1.492777091 -0.05)
(0.09754516194 -0.4903926439 -0.05)
(0.1110083271 -0.5580765461 -0.05)
(0.1255493498 -0.6311792038 -0.05)
(0.141254523 -0.7101344413 -0.05)
(0.1582170483 -0.7954108144 -0.05)
(0.1765375888 -0.8875143917 -0.05)
(0.1963248671 -0.9869917574 -0.05)
(0.2176963097 -1.094433255 -0.05)
(0.2407787445 -1.210476491 -0.05)
(0.1451423401 -0.4784701723 -0.05)
(0.165174859 -0.5445085371 -0.05)
(0.1868111761 -0.615833916 -0.05)
(0.2101796912 -0.6928695862 -0.05)
(0.191341718 -0.4619397708 -0.05)
(0.2177506665 -0.5256966125 -0.05)
(0.04900857057 -0.4975923655 0.05)
(0.05577272443 -0.5662699723 0.05)
(0.06307841468 -0.6404458903 0.05)
(0.07096899658 -0.7205603129 0.05)
(0.0794912964 -0.8070886753 0.05)
(0.08869588933 -0.9005444758 0.05)
(0.09863739956 -1.001482323 0.05)
(0.1093748245 -1.110501228 0.05)
(0.1209718849 -1.228248159 0.05)
(0.1334974029 -1.355421877 0.05)
(0.1470257106 -1.492777091 0.05)
(0.09754516194 -0.4903926439 0.05)
(0.1110083271 -0.5580765461 0.05)
(0.1255493498 -0.6311792038 0.05)
(0.141254523 -0.7101344413 0.05)
(0.1582170483 -0.7954108144 0.05)
(0.1765375888 -0.8875143917 0.05)
(0.1963248671 -0.9869917574 0.05)
(0.2176963097 -1.094433255 0.05)
(0.2407787445 -1.210476491 0.05)
(0.1451423401 -0.4784701723 0.05)
(0.165174859 -0.5445085371 0.05)
(0.1868111761 -0.615833916 0.05)
(0.2101796912 -0.6928695862 0.05)
(0.191341718 -0.4619397708 0.05)
(0.2177506665 -0.5256966125 0.05)
(0.1458221115 1.701712333 -0.05)
(0 1.708333333 -0.05)
(0.1458221115 1.701712333 0.05)
(0 1.708333333 0.05)
(0 -1.708333333 -0.05)
(0 -1.916666667 -0.05)
(0 -2.125 -0.05)
(0 -2.333333333 -0.05)
(0 -2.541666667 -0.05)
(0 -2.75 -0.05)
(0 -2.958333333 -0.05)
(0 -3.166666667 -0.05)
(0 -3.375 -0.05)
(0 -3.583333333 -0.05)
(0 -1.708333333 0.05)
(0 -1.916666667 0.05)
(0 -2.125 0.05)
(0 -2.333333333 0.05)
(0 -2.541666667 0.05)
(0 -2.75 0.05)
(0 -2.958333333 0.05)
(0 -3.166666667 0.05)
(0 -3.375 0.05)
(0 -3.583333333 0.05)
(0.1458221115 -1.701712333 -0.05)
(0.1446185124 -1.910647576 -0.05)
(0.1434149133 -2.119582818 -0.05)
(0.1422113142 -2.328518061 -0.05)
(0.141007715 -2.537453303 -0.05)
(0.1398041159 -2.746388545 -0.05)
(0.1386005168 -2.955323788 -0.05)
(0.1373969177 -3.16425903 -0.05)
(0.1361933186 -3.373194273 -0.05)
(0.1349897195 -3.582129515 -0.05)
(0.1458221115 -1.701712333 0.05)
(0.1446185124 -1.910647576 0.05)
(0.1434149133 -2.119582818 0.05)
(0.1422113142 -2.328518061 0.05)
(0.141007715 -2.537453303 0.05)
(0.1398041159 -2.746388545 0.05)
(0.1386005168 -2.955323788 0.05)
(0.1373969177 -3.16425903 0.05)
(0.1361933186 -3.373194273 0.05)
(0.1349897195 -3.582129515 0.05)
)


// ************************************************************************* //
