/*--------------------------------*- C++ -*----------------------------------*\
  =========                 |
  \\      /  F ield         | OpenFOAM: The Open Source CFD Toolbox
   \\    /   O peration     | Website:  https://openfoam.org
    \\  /    A nd           | Version:  7
     \\/     M anipulation  |
\*---------------------------------------------------------------------------*/
FoamFile
{
    version     2.0;
    format      ascii;
    class       volScalarField;
    location    "20";
    object      p;
}
// * * * * * * * * * * * * * * * * * * * * * * * * * * * * * * * * * * * * * //

dimensions      [0 2 -2 0 0 0 0];

internalField   nonuniform List<scalar> 
183
(
0.00403356
0.0033431
0.00266743
0.00402826
0.00333865
0.00266358
0.00401756
0.00332983
0.00265604
0.00400142
0.00331663
0.00264483
0.00397985
0.00329903
0.00262998
0.0039528
0.003277
0.00261152
0.0032505
0.00258949
0.00321953
0.00256393
0.00318409
0.00253489
0.00314421
0.00250245
0.00309994
0.00246668
0.00305135
0.00242767
0.00299856
0.0023855
0.00294173
0.0023403
0.00288102
0.0022922
0.00281662
0.00224131
0.00274869
0.00218777
0.00267755
0.00213173
0.002604
0.00207362
0.00252869
0.00201409
0.00244711
0.00195151
0.00217256
0.00174922
0.00163873
0.00132968
0.00109681
0.000902177
0.000545642
0.000463707
-4.20944e-06
2.2602e-05
-0.000546798
-0.000415233
-0.00107856
-0.000845805
-0.00159381
-0.00126413
-0.00208891
-0.00166686
-0.00255992
-0.00205055
-0.00300308
-0.00241205
-0.00341518
-0.00274867
-0.00379336
-0.00305796
-0.00413514
-0.00333783
-0.00443844
-0.00358649
-0.00470151
-0.00380239
-0.00492287
-0.00398426
-0.00510133
-0.00413101
-0.00523596
-0.00424181
-0.00340348
-0.00532609
-0.00431604
-0.00346345
-0.00537121
-0.00435329
-0.00349348
0.00217026
0.00163469
0.00109122
0.000538733
-1.22464e-05
-0.000555748
-0.00108823
-0.00160404
-0.00209949
-0.00257063
-0.00301379
-0.00342586
-0.0038041
-0.00414603
-0.00444954
-0.00471281
-0.00493432
-0.0051129
-0.00524762
-0.0053378
-0.00538295
0.00174858
0.00132739
0.00089842
0.000458626
1.63628e-05
-0.000422427
-0.000853776
-0.00127271
-0.00167586
-0.00205979
-0.00242137
-0.002758
-0.00306734
-0.0033473
-0.00359609
-0.00381213
-0.00399409
-0.00414092
-0.00425177
-0.00432604
-0.00436331
0.0024456
0.00195152
0.0025275
0.00201436
0.00260315
0.00207415
0.00267701
0.0021325
0.00274845
0.00218877
0.00281664
0.00224252
0.00288129
0.00229358
0.00294222
0.00234185
0.00299924
0.00238717
0.00305218
0.00242943
0.00310088
0.0024685
0.00314524
0.00250429
0.00318515
0.0025367
0.00322059
0.00256566
0.00325151
0.00259111
0.0039516
0.00327793
0.00261298
0.00397887
0.00329985
0.00263124
0.00400067
0.0033173
0.00264585
0.00401702
0.00333033
0.00265679
0.00402794
0.00333895
0.00266404
0.00403345
0.0033432
0.00266759
)
;

boundaryField
{
    inlet
    {
        type            zeroGradient;
    }
    outlet
    {
        type            fixedValue;
        value           nonuniform 0();
    }
    cylinder
    {
        type            zeroGradient;
    }
    top
    {
        type            symmetryPlane;
    }
    bottom
    {
        type            symmetryPlane;
    }
    defaultFaces
    {
        type            empty;
    }
    procBoundary44to43
    {
        type            processor;
        value           nonuniform List<scalar> 
86
(
0.00496611
0.00496005
0.00494738
0.00492804
0.00490198
0.00486912
0.00392028
0.00392028
0.00388228
0.00383882
0.00378997
0.00373578
0.00367639
0.00361195
0.00354265
0.00346872
0.0033904
0.00330791
0.0032216
0.00313246
0.00304141
0.00294341
0.00261549
0.00196274
0.00130283
0.000629471
-4.41623e-05
-0.000709502
-0.00136183
-0.0019933
-0.00259919
-0.00317458
-0.00371486
-0.00421622
-0.00467537
-0.00508951
-0.00545639
-0.00577411
-0.00604108
-0.00625606
-0.00641809
-0.00652647
-0.00658076
0.00260906
0.00195507
0.00129401
0.000619752
-5.46683e-05
-0.000720658
-0.00137351
-0.00200536
-0.00261143
-0.00318681
-0.00372697
-0.00422827
-0.00468752
-0.00510194
-0.00546915
-0.00578716
-0.00605437
-0.00626952
-0.00643168
-0.00654016
-0.0065945
0.00293766
0.003036
0.00312743
0.00321693
0.00330358
0.00338641
0.00346506
0.00353931
0.00360892
0.00367366
0.00373333
0.00378778
0.0038369
0.0038806
0.00391884
0.00391884
0.00486383
0.00489756
0.00492454
0.00494484
0.00495851
0.00496559
)
;
    }
    procBoundary44to45
    {
        type            processor;
        value           nonuniform List<scalar> 
85
(
0.00224505
0.0022419
0.00223572
0.0022265
0.00221424
0.00219894
0.0021806
0.00215922
0.00213482
0.00210744
0.00207712
0.00204393
0.00200795
0.00196927
0.00192801
0.0018843
0.00183825
0.00179003
0.0017401
0.00168881
0.00163375
0.00145192
0.00110389
0.000750531
0.000391841
3.40414e-05
-0.000319468
-0.000666237
-0.00100292
-0.00132705
-0.00163595
-0.00192712
-0.00219839
-0.00244777
-0.00267354
-0.00287422
-0.00304853
-0.00319541
-0.00331396
-0.00331396
-0.00269194
-0.00273963
-0.00276356
0.00145155
0.00110221
0.000747662
0.000387847
2.9042e-05
-0.000325319
-0.000672795
-0.00101005
-0.00133461
-0.00164377
-0.00193508
-0.0022064
-0.00245583
-0.00268166
-0.00288242
-0.00305682
-0.00320376
-0.00332236
-0.00341192
-0.00347191
-0.00350196
0.00163393
0.00168919
0.00174067
0.00179077
0.00183915
0.00188535
0.00192919
0.00197056
0.00200932
0.00204537
0.0020786
0.00210892
0.00213627
0.00216061
0.00218189
0.0022001
0.00221524
0.00222731
0.00223631
0.00224226
0.00224517
)
;
    }
}


// ************************************************************************* //
