/*--------------------------------*- C++ -*----------------------------------*\
  =========                 |
  \\      /  F ield         | OpenFOAM: The Open Source CFD Toolbox
   \\    /   O peration     | Website:  https://openfoam.org
    \\  /    A nd           | Version:  7
     \\/     M anipulation  |
\*---------------------------------------------------------------------------*/
FoamFile
{
    version     2.0;
    format      ascii;
    class       volVectorField;
    location    "5";
    object      U;
}
// * * * * * * * * * * * * * * * * * * * * * * * * * * * * * * * * * * * * * //

dimensions      [0 1 -1 0 0 0 0];

internalField   nonuniform List<vector> 
183
(
(-0.00226424 0.00264577 -6.17291e-22)
(-0.0120112 0.00621195 -1.37461e-20)
(-0.00255794 0.00782081 1.85191e-20)
(-0.0124704 0.0183981 -2.02059e-20)
(-0.00312034 0.0126572 5.39746e-20)
(-0.0133523 0.0298902 -1.18357e-20)
(-0.00390414 0.0169563 -1.67886e-20)
(-0.0145875 0.040272 1.13876e-19)
(-0.00484465 0.0205579 -7.52304e-20)
(-0.0160798 0.0491934 -1.10708e-19)
(-0.00586666 0.0233504 1.58358e-20)
(-0.017716 0.0563913 3.4757e-19)
(-0.032559 0.079818 -2.3015e-20)
(-0.0193762 0.0617033 -1.12325e-19)
(-0.0332035 0.0881189 -6.24644e-20)
(-0.0209459 0.0650746 8.3576e-20)
(-0.0337677 0.093865 8.06433e-20)
(-0.0223275 0.0665573 1.39434e-19)
(-0.0342062 0.0970465 -1.36228e-19)
(-0.0234506 0.0663029 1.10728e-20)
(-0.0344911 0.0977775 -3.60036e-19)
(-0.0346174 0.0962845 1.97174e-19)
(-0.0418765 0.120978 -4.82973e-20)
(-0.034603 0.0928878 5.99508e-20)
(-0.0406045 0.117729 3.22109e-19)
(-0.0344862 0.0879755 -1.96606e-19)
(-0.0395033 0.112369 1.08146e-19)
(-0.0405887 0.131209 -9.3348e-20)
(-0.0385995 0.105345 -5.11289e-20)
(-0.0383908 0.123583 -3.52736e-19)
(-0.0378811 0.0971431 2.06088e-19)
(-0.0366142 0.114262 -4.91625e-20)
(-0.0305402 0.126919 -2.03924e-20)
(-0.0350692 0.103792 8.14601e-20)
(-0.0275114 0.115209 3.47648e-19)
(-0.0243197 0.102536 -1.70346e-19)
(-0.00941452 0.108864 -5.07693e-19)
(-0.0202764 0.0895187 1.76733e-19)
(-0.00276042 0.0943613 2.36857e-19)
(0.00632227 0.0799952 3.15403e-19)
(0.0346128 0.0809069 -5.9525e-20)
(0.0528828 0.0662419 -5.15259e-19)
(0.0955359 0.0646386 1.51607e-19)
(0.0773354 0.052998 4.02818e-19)
(0.128358 0.0511735 -3.20431e-19)
(0.189771 0.0488273 -4.99043e-19)
(0.169833 0.0399196 2.71708e-19)
(0.242221 0.0383609 -9.77378e-20)
(0.325752 0.0372173 2.77048e-19)
(0.304445 0.030867 1.39286e-20)
(0.399779 0.0315331 -3.17048e-19)
(0.504388 0.0332553 -5.32169e-19)
(0.481965 0.0293754 4.94823e-19)
(0.595661 0.033593 -4.20175e-20)
(0.71268 0.0388205 8.50875e-19)
(0.809399 0.0451744 -3.75732e-19)
(0.922801 0.052841 -2.81989e-19)
(1.00905 0.0635393 -4.35848e-19)
(1.10157 0.0710658 5.28256e-19)
(1.16482 0.0834005 -3.38089e-19)
(1.2266 0.0881384 2.01157e-19)
(1.29599 0.100579 -7.62377e-20)
(1.31549 0.0987506 4.3941e-19)
(1.32355 0.10803 -2.31914e-20)
(1.32767 0.103349 2.23045e-19)
(1.32705 0.0980513 5.54954e-20)
(1.32377 0.106114 7.53183e-20)
(1.31887 0.0977797 -1.92914e-19)
(1.32377 -0.106113 -3.18972e-19)
(1.31887 -0.0977781 1.92907e-19)
(1.32355 -0.108028 -4.01481e-19)
(1.32767 -0.103348 -2.23038e-19)
(1.29599 -0.100577 7.62354e-20)
(1.31549 -0.0987489 -1.47551e-20)
(1.16482 -0.0833988 1.6637e-19)
(1.22661 -0.0881367 -2.01151e-19)
(1.00906 -0.0635376 3.53824e-20)
(1.10157 -0.0710641 -6.7618e-19)
(0.690072 -0.0375321 3.16877e-20)
(0.809401 -0.0451726 -4.28128e-19)
(0.922804 -0.0528393 6.82475e-19)
(0.481968 -0.0293736 -3.50662e-19)
(0.595664 -0.0335912 1.302e-19)
(0.712683 -0.0388187 -1.5061e-19)
(0.304448 -0.0308651 -1.41854e-19)
(0.399782 -0.0315312 -6.15924e-19)
(0.504391 -0.0332535 1.50768e-19)
(0.169835 -0.0399177 -2.47992e-19)
(0.242223 -0.038359 3.98909e-19)
(0.325755 -0.0372153 5.11845e-19)
(0.0773374 -0.0529959 6.43155e-20)
(0.128361 -0.0511714 7.65595e-21)
(0.189774 -0.0488252 3.25785e-19)
(0.0528847 -0.0662398 -4.03033e-20)
(0.0955379 -0.0646364 -1.09288e-19)
(0.0063239 -0.079993 -9.28779e-20)
(0.0346146 -0.0809047 1.47938e-19)
(-0.0202749 -0.0895165 -2.49205e-19)
(-0.00275891 -0.094359 3.05711e-20)
(-0.0243184 -0.102534 -1.68491e-19)
(-0.00941312 -0.108861 1.77397e-20)
(-0.035068 -0.10379 2.15075e-19)
(-0.0275101 -0.115206 5.97632e-20)
(-0.0378799 -0.0971409 -8.11328e-20)
(-0.036613 -0.11426 2.38755e-19)
(-0.030539 -0.126917 2.4295e-20)
(-0.0385983 -0.105343 -3.0484e-19)
(-0.0383896 -0.123581 -4.10102e-20)
(-0.0344852 -0.0879735 1.23599e-19)
(-0.0395023 -0.112367 -3.55017e-19)
(-0.0405876 -0.131206 9.57822e-22)
(-0.0346021 -0.0928858 -2.35014e-19)
(-0.0406035 -0.117727 3.76747e-19)
(-0.0346166 -0.0962824 3.44729e-19)
(-0.0418756 -0.120975 -1.72665e-19)
(-0.02345 -0.0663012 -2.16163e-20)
(-0.0344903 -0.0977753 -2.03415e-20)
(-0.0223269 -0.0665557 -1.024e-19)
(-0.0342055 -0.0970444 -5.50432e-20)
(-0.0209454 -0.0650729 1.67914e-20)
(-0.0337671 -0.0938628 1.20932e-19)
(-0.0193757 -0.0617016 -2.04623e-19)
(-0.033203 -0.0881168 3.12486e-20)
(-0.00586648 -0.0233495 -2.67995e-21)
(-0.0177156 -0.0563897 9.92864e-20)
(-0.00484451 -0.0205571 -2.85186e-21)
(-0.0160795 -0.0491918 -1.66825e-19)
(-0.00390402 -0.0169555 3.74156e-20)
(-0.0145872 -0.0402703 5.18484e-20)
(-0.00312026 -0.0126564 -5.78045e-20)
(-0.0133522 -0.0298886 -4.80164e-21)
(-0.0025579 -0.00782002 2.8235e-20)
(-0.0124703 -0.0183965 -1.71466e-21)
(-0.00226423 -0.00264498 1.99258e-21)
(-0.0120112 -0.00621034 -2.10278e-21)
(1.07456 0.0065374 -8.36079e-22)
(1.07292 0.00464327 3.12886e-21)
(1.07185 0.00278477 3.59309e-22)
(1.07129 0.000939371 -1.22278e-21)
(1.30262 0.0926034 4.05718e-21)
(1.25924 0.0812836 2.8586e-20)
(1.2258 0.0662459 9.28562e-22)
(1.19882 0.0604641 -1.14978e-20)
(1.17721 0.0510776 4.83789e-21)
(1.15968 0.0453009 2.60526e-20)
(1.14504 0.0392796 3.49936e-21)
(1.13253 0.0345955 -2.57906e-20)
(1.12172 0.0303375 1.30583e-20)
(1.11243 0.026702 3.1332e-21)
(1.10442 0.0234534 1.34207e-21)
(1.09756 0.0205439 -3.32126e-22)
(1.0917 0.0178887 5.93374e-21)
(1.08673 0.0154331 1.45194e-21)
(1.08255 0.0131313 -4.41915e-21)
(1.07909 0.0109492 2.15507e-22)
(1.0763 0.00885513 2.80417e-21)
(1.07411 0.00683219 8.55746e-22)
(1.0725 0.00484942 -9.59419e-22)
(1.07144 0.0029077 -4.75307e-22)
(1.07089 0.000978659 1.15819e-21)
(1.29635 -0.0994054 -8.18303e-23)
(1.2537 -0.0873385 -2.39348e-20)
(1.30262 -0.0926021 -3.56259e-21)
(1.25925 -0.0812823 -1.62462e-20)
(1.2258 -0.0662448 -9.28354e-22)
(1.19882 -0.0604632 1.14966e-20)
(1.17721 -0.0510768 -4.83743e-21)
(1.15968 -0.0453004 -2.60485e-20)
(1.14504 -0.0392792 -3.49832e-21)
(1.13253 -0.0345952 2.57853e-20)
(1.12172 -0.0303374 -1.30554e-20)
(1.11243 -0.026702 -3.13232e-21)
(1.10442 -0.0234535 -1.34171e-21)
(1.09756 -0.020544 3.3188e-22)
(1.0917 -0.0178888 -5.93148e-21)
(1.08673 -0.0154332 -1.45125e-21)
(1.08255 -0.0131315 4.41717e-21)
(1.0791 -0.0109493 -2.15432e-22)
(1.0763 -0.00885524 -2.80276e-21)
(1.07411 -0.00683229 -2.09706e-22)
(1.0725 -0.0048495 -2.36271e-21)
(1.07144 -0.00290775 1.08013e-21)
(1.07089 -0.000978676 -2.84519e-21)
)
;

boundaryField
{
    inlet
    {
        type            uniformFixedValue;
        uniformValue    constant (1 0 0);
        value           nonuniform 0();
    }
    outlet
    {
        type            pressureInletOutletVelocity;
        value           nonuniform 0();
    }
    cylinder
    {
        type            fixedValue;
        value           uniform (0 0 0);
    }
    top
    {
        type            symmetryPlane;
    }
    bottom
    {
        type            symmetryPlane;
    }
    defaultFaces
    {
        type            empty;
    }
    procBoundary25to24
    {
        type            processor;
        value           nonuniform List<vector> 
134
(
(-0.00689208 0.0252766 7.97379e-20)
(-0.00689208 0.0252766 7.97379e-20)
(-0.00784806 0.0263356 5.4684e-20)
(-0.00867447 0.026579 -1.47551e-19)
(-0.00932963 0.0261023 1.50725e-19)
(-0.0242774 0.0645454 4.09181e-19)
(-0.0242774 0.0645454 4.09181e-19)
(-0.0248077 0.0615788 -1.78529e-19)
(-0.0250777 0.0577329 2.48274e-19)
(-0.0343173 0.0819717 1.79876e-19)
(-0.0343173 0.0819717 1.79876e-19)
(-0.0341447 0.0753037 -2.08672e-19)
(-0.0372795 0.0882475 2.04419e-19)
(-0.0372795 0.0882475 2.04419e-19)
(-0.0334433 0.0927163 -3.22335e-19)
(-0.0334433 0.0927163 -3.22335e-19)
(-0.0312994 0.0815379 6.00543e-19)
(-0.014558 0.0767118 2.10316e-19)
(-0.014558 0.0767118 2.10316e-19)
(0.0190266 0.0663559 -2.26761e-19)
(0.0190266 0.0663559 -2.26761e-19)
(0.0364649 0.0538885 5.46163e-20)
(0.108952 0.0415635 1.42368e-19)
(0.108952 0.0415635 1.42368e-19)
(0.220265 0.0311634 -9.43055e-20)
(0.220265 0.0311634 -9.43055e-20)
(0.375533 0.0264989 7.29122e-20)
(0.375533 0.0264989 7.29122e-20)
(0.56995 0.0307105 3.83508e-19)
(0.690069 0.0375338 2.73716e-19)
(0.690069 0.0375338 2.73716e-19)
(0.901956 0.0544618 -2.55445e-19)
(0.901956 0.0544618 -2.55445e-19)
(1.08481 0.0758737 -6.15772e-19)
(1.08481 0.0758737 -6.15772e-19)
(1.21537 0.0960948 5.25865e-19)
(1.26365 0.0998503 3.34948e-19)
(1.26365 0.0998503 3.34948e-19)
(1.31207 0.110816 2.12683e-19)
(1.31207 0.110816 2.12683e-19)
(1.32688 0.117032 2.45125e-19)
(1.32693 0.111844 -6.18553e-20)
(1.32693 0.111844 -6.18553e-20)
(1.31937 0.114164 1.2118e-19)
(1.31362 0.106079 1.48476e-19)
(1.31937 -0.114163 -3.02141e-19)
(1.31363 -0.106077 2.49927e-20)
(1.31363 -0.106077 2.49927e-20)
(1.32688 -0.11703 -2.45117e-19)
(1.32693 -0.111842 -4.66254e-21)
(1.32693 -0.111842 -4.66254e-21)
(1.31207 -0.110814 -2.37871e-21)
(1.31207 -0.110814 -2.37871e-21)
(1.21537 -0.0960932 2.3669e-19)
(1.26365 -0.0998486 -2.33606e-19)
(1.26365 -0.0998486 -2.33606e-19)
(1.08481 -0.0758721 3.76487e-19)
(1.08481 -0.0758721 3.76487e-19)
(0.784236 -0.044751 -3.21534e-20)
(0.901959 -0.0544601 7.63285e-20)
(0.901959 -0.0544601 7.63285e-20)
(0.569953 -0.0307088 -1.06222e-19)
(0.569953 -0.0307088 -1.06222e-19)
(0.375536 -0.0264971 4.10673e-20)
(0.375536 -0.0264971 4.10673e-20)
(0.220267 -0.0311615 3.34209e-19)
(0.220267 -0.0311615 3.34209e-19)
(0.108954 -0.0415616 1.77293e-19)
(0.108954 -0.0415616 1.77293e-19)
(0.0364668 -0.0538865 5.50315e-19)
(0.0190284 -0.0663538 3.87639e-20)
(0.0190284 -0.0663538 3.87639e-20)
(-0.0145565 -0.0767097 1.32261e-19)
(-0.0145565 -0.0767097 1.32261e-19)
(-0.031298 -0.0815358 3.36697e-22)
(-0.033442 -0.0927141 1.05516e-19)
(-0.033442 -0.0927141 1.05516e-19)
(-0.0372783 -0.0882454 -9.56404e-20)
(-0.0372783 -0.0882454 -9.56404e-20)
(-0.0341437 -0.0753018 -1.68338e-19)
(-0.0343162 -0.0819698 7.97051e-20)
(-0.0343162 -0.0819698 7.97051e-20)
(-0.0250769 -0.0577313 7.19088e-20)
(-0.024807 -0.0615772 -3.79408e-19)
(-0.0242768 -0.0645437 -5.81036e-20)
(-0.0242768 -0.0645437 -5.81036e-20)
(-0.00932934 -0.0261016 2.50896e-19)
(-0.00867421 -0.0265782 -1.94562e-19)
(-0.00784783 -0.0263348 2.38448e-20)
(-0.00689188 -0.0252758 -1.63396e-19)
(-0.00689188 -0.0252758 -1.63396e-19)
(1.29635 0.0994067 -3.44073e-20)
(1.25369 0.0873397 2.3936e-20)
(1.22149 0.0708973 1.31821e-20)
(1.1952 0.0644129 -7.13406e-21)
(1.17437 0.0542856 -4.92138e-21)
(1.15734 0.048046 1.71418e-20)
(1.14309 0.0415686 -1.24108e-20)
(1.1309 0.0365516 4.08417e-21)
(1.12034 0.0319983 5.11296e-21)
(1.11125 0.0281166 2.10356e-21)
(1.10342 0.0246564 4.2234e-21)
(1.09669 0.0215636 -1.49316e-21)
(1.09094 0.0187489 3.42452e-21)
(1.08606 0.0161533 -9.39313e-22)
(1.08195 0.0137273 2.12599e-21)
(1.07855 0.0114337 2.63885e-22)
(1.0758 0.00923843 -1.78812e-21)
(1.07364 0.00712233 8.89555e-22)
(1.07205 0.00505216 1.56026e-21)
(1.07101 0.00302845 -6.55098e-22)
(1.07046 0.0010169 2.08584e-21)
(1.28995 -0.106149 -3.88863e-20)
(1.24802 -0.0932897 1.66996e-20)
(1.22149 -0.0708962 2.22075e-21)
(1.22149 -0.0708962 2.22075e-21)
(1.1952 -0.0644119 1.42068e-20)
(1.17437 -0.0542849 -7.10459e-21)
(1.15735 -0.0480455 -9.15642e-21)
(1.14309 -0.0415683 1.96541e-20)
(1.1309 -0.0365514 -7.30703e-21)
(1.12034 -0.0319982 -3.84191e-21)
(1.11126 -0.0281166 -4.37285e-21)
(1.10342 -0.0246565 -4.76374e-23)
(1.09669 -0.0215637 2.39431e-21)
(1.09094 -0.0187491 -3.42316e-21)
(1.08606 -0.0161534 9.38918e-22)
(1.08195 -0.0137274 -2.12499e-21)
(1.07855 -0.0114338 -2.63724e-22)
(1.0758 -0.00923856 1.78717e-21)
(1.07364 -0.00712243 -8.89068e-22)
(1.07205 -0.00505224 9.14857e-22)
(1.07101 -0.0030285 6.54709e-22)
(1.07047 -0.00101692 -2.08461e-21)
)
;
    }
    procBoundary25to26
    {
        type            processor;
        value           nonuniform List<vector> 
139
(
(-0.030139 0.00858674 -6.3888e-21)
(-0.0303417 0.0254735 3.96391e-21)
(-0.0307278 0.0415199 4.29133e-20)
(-0.031261 0.0562109 -1.52278e-20)
(-0.0318911 0.0690972 6.59167e-20)
(-0.0318911 0.0690972 6.59167e-20)
(-0.0489116 0.0960956 2.30151e-19)
(-0.0476049 0.106875 -2.35811e-19)
(-0.0461939 0.114783 -1.30973e-20)
(-0.0447304 0.119725 -5.89067e-20)
(-0.0432712 0.121736 -1.04774e-19)
(-0.0432712 0.121736 -1.04774e-19)
(-0.0464885 0.139426 -6.17125e-20)
(-0.04329 0.136633 -2.98075e-19)
(-0.04329 0.136633 -2.98075e-19)
(-0.0379838 0.144993 4.33352e-19)
(-0.0339211 0.137042 -4.04654e-19)
(-0.0339211 0.137042 -4.04654e-19)
(-0.0198586 0.135485 -3.31396e-19)
(-0.0147854 0.122813 4.87271e-19)
(-0.0147854 0.122813 4.87271e-19)
(0.011151 0.112056 5.71765e-20)
(0.0212046 0.0964208 2.30145e-19)
(0.0212046 0.0964208 2.30145e-19)
(0.0704471 0.0798356 3.94439e-20)
(0.0704471 0.0798356 3.94439e-20)
(0.147265 0.0619451 -5.81844e-19)
(0.147265 0.0619451 -5.81844e-19)
(0.261637 0.0463207 -5.86348e-19)
(0.261637 0.0463207 -5.86348e-19)
(0.419484 0.0367044 -6.00339e-19)
(0.419484 0.0367044 -6.00339e-19)
(0.61548 0.0359326 1.16745e-19)
(0.61548 0.0359326 1.16745e-19)
(0.828437 0.0445119 5.27001e-19)
(0.828437 0.0445119 5.27001e-19)
(1.0256 0.0596774 5.95559e-20)
(1.0256 0.0596774 5.95559e-20)
(1.17718 0.076352 2.41326e-19)
(1.17718 0.076352 2.41326e-19)
(1.27117 0.0899417 -2.597e-20)
(1.27117 0.0899417 -2.597e-20)
(1.30081 0.0890989 -2.49202e-19)
(1.32533 0.0946645 -8.02033e-20)
(1.32533 0.0946645 -8.02033e-20)
(1.32848 0.0898801 -1.3036e-20)
(1.32354 0.0894824 -3.89283e-20)
(1.32354 0.0894824 -3.89283e-20)
(1.32705 -0.0980496 -2.86206e-19)
(1.32354 -0.0894808 2.04323e-19)
(1.32705 -0.0980496 -2.86206e-19)
(1.32533 -0.0946628 -2.90418e-19)
(1.27117 -0.08994 2.42682e-20)
(1.32533 -0.0946628 -2.90418e-19)
(1.30081 -0.0890972 2.49195e-19)
(1.27117 -0.08994 2.42682e-20)
(1.17719 -0.0763502 1.17257e-19)
(1.17719 -0.0763502 1.17257e-19)
(1.0256 -0.0596757 1.17242e-19)
(1.0256 -0.0596757 1.17242e-19)
(0.82844 -0.0445101 1.16742e-19)
(0.82844 -0.0445101 1.16742e-19)
(0.615483 -0.0359307 -1.44761e-19)
(0.615483 -0.0359307 -1.44761e-19)
(0.419487 -0.0367025 2.19614e-19)
(0.419487 -0.0367025 2.19614e-19)
(0.26164 -0.0463186 -1.99856e-19)
(0.26164 -0.0463186 -1.99856e-19)
(0.147267 -0.0619429 3.17517e-19)
(0.147267 -0.0619429 3.17517e-19)
(0.0704489 -0.0798333 1.57996e-19)
(0.0704489 -0.0798333 1.57996e-19)
(0.0212062 -0.0964185 -3.71171e-19)
(0.0212062 -0.0964185 -3.71171e-19)
(0.0111524 -0.112054 5.47574e-19)
(-0.0147841 -0.122811 -5.12662e-19)
(-0.0147841 -0.122811 -5.12662e-19)
(-0.0198574 -0.135483 -1.00143e-19)
(-0.0339199 -0.137039 -1.38007e-19)
(-0.0339199 -0.137039 -1.38007e-19)
(-0.0379827 -0.144991 5.28053e-19)
(-0.0432889 -0.13663 -1.25826e-19)
(-0.0432889 -0.13663 -1.25826e-19)
(-0.0464875 -0.139423 2.91287e-19)
(-0.0432704 -0.121734 3.72761e-20)
(-0.0432704 -0.121734 3.72761e-20)
(-0.0447296 -0.119723 7.84247e-20)
(-0.0461932 -0.114781 1.37949e-19)
(-0.0476042 -0.106873 -1.21721e-19)
(-0.0325585 -0.0798159 -1.31659e-19)
(-0.0325585 -0.0798159 -1.31659e-19)
(-0.0318907 -0.0690951 -1.25236e-19)
(-0.0312607 -0.0562088 -9.62823e-20)
(-0.0307276 -0.0415179 4.06887e-20)
(-0.0303415 -0.0254715 -1.86882e-21)
(-0.030139 -0.00858473 -6.78144e-21)
(1.07499 0.00623812 -2.34006e-21)
(1.07333 0.00443382 3.62374e-21)
(1.07224 0.00265971 -1.4169e-21)
(1.07167 0.000899034 1.72846e-22)
(1.30896 0.0857306 3.18326e-20)
(1.26488 0.0751235 -1.37106e-20)
(1.23021 0.061514 4.0389e-20)
(1.20248 0.0564539 -7.06339e-21)
(1.18004 0.0478046 3.03009e-20)
(1.16201 0.0425113 -2.23536e-20)
(1.14698 0.0369533 1.07069e-20)
(1.13414 0.032609 1.38465e-20)
(1.12309 0.0286524 -1.17768e-20)
(1.11358 0.0252671 1.51682e-20)
(1.10541 0.0222336 -7.12873e-21)
(1.09841 0.01951 2.41801e-21)
(1.09244 0.0170165 -4.24775e-21)
(1.08738 0.0147029 -9.0459e-22)
(1.08313 0.0125269 -3.78364e-21)
(1.07962 0.0104576 2.17e-21)
(1.07678 0.00846597 -1.7664e-21)
(1.07678 0.00846597 -1.7664e-21)
(1.30896 -0.0857293 -3.18313e-20)
(1.26488 -0.0751223 1.37096e-20)
(1.23021 -0.061513 -4.0386e-20)
(1.20248 -0.056453 7.06275e-21)
(1.18004 -0.0478038 -3.02972e-20)
(1.16201 -0.0425107 2.23506e-20)
(1.14698 -0.0369529 -1.07052e-20)
(1.13415 -0.0326087 -1.38436e-20)
(1.12309 -0.0286523 1.1774e-20)
(1.11358 -0.0252671 -1.20508e-20)
(1.10541 -0.0222336 -4.93255e-22)
(1.09841 -0.0195101 -9.24674e-21)
(1.09244 -0.0170166 4.76843e-22)
(1.08738 -0.014703 -4.72547e-21)
(1.08313 -0.012527 5.66424e-21)
(1.07962 -0.0104577 -2.54664e-21)
(1.07678 -0.00846608 -2.76261e-21)
(1.07456 -0.00653749 -1.69003e-22)
(1.07292 -0.00464334 -3.12715e-21)
(1.07185 -0.00278481 -3.59114e-22)
(1.07129 -0.000939388 1.22211e-21)
)
;
    }
}


// ************************************************************************* //
