/*--------------------------------*- C++ -*----------------------------------*\
  =========                 |
  \\      /  F ield         | OpenFOAM: The Open Source CFD Toolbox
   \\    /   O peration     | Website:  https://openfoam.org
    \\  /    A nd           | Version:  7
     \\/     M anipulation  |
\*---------------------------------------------------------------------------*/
FoamFile
{
    version     2.0;
    format      ascii;
    class       volVectorField;
    location    "55";
    object      U;
}
// * * * * * * * * * * * * * * * * * * * * * * * * * * * * * * * * * * * * * //

dimensions      [0 1 -1 0 0 0 0];

internalField   nonuniform List<vector> 
928
(
(0.650827 -0.000387578 -3.80847e-25)
(0.652044 -0.000384567 7.18875e-25)
(0.653252 -0.000381569 -4.11022e-26)
(0.654451 -0.000378582 -1.85288e-25)
(0.655641 -0.000375604 8.34488e-25)
(0.65111 -0.00116215 3.96772e-24)
(0.652325 -0.00115312 -4.15774e-24)
(0.653531 -0.00114413 1.73377e-24)
(0.654728 -0.00113518 -1.45913e-24)
(0.655916 -0.00112625 4.69588e-25)
(0.651674 -0.00193503 2.54601e-24)
(0.652885 -0.00192001 1.15049e-25)
(0.654087 -0.00190505 -1.4656e-24)
(0.655281 -0.00189015 -1.29073e-24)
(0.656465 -0.0018753 4.86896e-25)
(0.652519 -0.00270511 1.23365e-23)
(0.653725 -0.00268413 -7.28575e-24)
(0.654921 -0.00266324 3.5824e-24)
(0.656109 -0.00264243 -2.40489e-24)
(0.657288 -0.00262168 1.5277e-24)
(0.653643 -0.00347128 5.11455e-24)
(0.654841 -0.00344439 2.86132e-24)
(0.656031 -0.00341762 -4.63469e-24)
(0.657211 -0.00339095 -1.05681e-24)
(0.658383 -0.00336436 -2.25478e-24)
(0.655044 -0.00423244 1.37904e-24)
(0.656233 -0.0041997 2.30709e-24)
(0.657413 -0.00416711 1.04074e-25)
(0.658585 -0.00413464 1.78017e-24)
(0.659748 -0.00410228 -4.58815e-24)
(0.656719 -0.0049875 -8.15853e-25)
(0.657897 -0.00494899 3.98627e-24)
(0.659067 -0.00491066 -9.95098e-24)
(0.660228 -0.00487248 5.72228e-24)
(0.66138 -0.00483441 9.0381e-25)
(0.658665 -0.00573539 -7.55398e-24)
(0.65983 -0.0056912 -3.8627e-24)
(0.660987 -0.00564722 5.96527e-24)
(0.662136 -0.00560342 -2.24377e-24)
(0.663276 -0.00555974 3.34949e-24)
(0.660878 -0.00647508 -3.98686e-24)
(0.662029 -0.00642532 4.55045e-24)
(0.663171 -0.00637579 6.97754e-25)
(0.664306 -0.00632646 1.12572e-24)
(0.665432 -0.00627728 -9.33514e-24)
(0.663353 -0.00720554 -3.91726e-24)
(0.664488 -0.00715031 -6.32722e-24)
(0.665615 -0.00709535 -1.83661e-24)
(0.666734 -0.00704061 4.59143e-24)
(0.667845 -0.00698605 -1.46279e-24)
(0.666086 -0.00792578 -1.69739e-24)
(0.667203 -0.00786521 1.43677e-23)
(0.668313 -0.00780494 -1.15508e-23)
(0.669415 -0.00774493 1.19204e-23)
(0.670509 -0.0076851 -1.19868e-23)
(0.669071 -0.00863482 2.86317e-23)
(0.67017 -0.00856906 -1.73706e-23)
(0.671261 -0.00850362 1.91086e-24)
(0.672344 -0.00843846 1.01016e-23)
(0.67342 -0.00837352 6.54735e-24)
(0.672303 -0.00933173 -1.3386e-23)
(0.673381 -0.00926092 -1.48463e-23)
(0.674452 -0.00919047 1.73366e-24)
(0.675516 -0.00912032 1.32593e-24)
(0.676572 -0.00905041 -9.68138e-24)
(0.675775 -0.0100156 -2.08101e-23)
(0.676832 -0.00993993 -1.32066e-23)
(0.677882 -0.00986461 2.11014e-23)
(0.678924 -0.00978963 -1.35506e-23)
(0.679959 -0.00971491 -1.23069e-24)
(0.679481 -0.0106856 -1.84291e-23)
(0.680515 -0.0106052 1.7148e-24)
(0.681542 -0.0105252 2.12568e-23)
(0.682562 -0.0104456 -4.89953e-25)
(0.683576 -0.0103662 9.0627e-24)
(0.683414 -0.0113409 1.59154e-23)
(0.684424 -0.011256 -2.04939e-23)
(0.685428 -0.0111714 1.26842e-23)
(0.686424 -0.0110873 -2.07597e-25)
(0.687414 -0.0110035 -1.27455e-23)
(0.687566 -0.0119807 3.02495e-23)
(0.688551 -0.0118914 5.28118e-24)
(0.68953 -0.0118026 -4.08125e-24)
(0.690503 -0.0117141 -3.18701e-23)
(0.691469 -0.011626 -4.11496e-24)
(0.69193 -0.0126043 -3.20199e-23)
(0.692889 -0.0125108 5.85045e-24)
(0.693843 -0.0124178 2.06746e-23)
(0.69479 -0.0123253 4.00605e-24)
(0.695731 -0.0122331 7.28673e-24)
(0.696497 -0.013211 -2.91672e-24)
(0.69743 -0.0131135 2.11197e-24)
(0.698357 -0.0130166 4.55766e-24)
(0.699279 -0.0129201 -2.53655e-24)
(0.700194 -0.0128241 -1.66499e-23)
(0.70126 -0.0138001 -7.09387e-24)
(0.702165 -0.0136989 1.62662e-23)
(0.703066 -0.0135982 4.46854e-24)
(0.70396 -0.013498 -5.79159e-24)
(0.704849 -0.0133983 1.27888e-23)
(0.706209 -0.0143711 9.20835e-24)
(0.707087 -0.0142663 -2.28366e-23)
(0.707959 -0.0141621 8.7852e-24)
(0.708827 -0.0140584 -2.68443e-23)
(0.709689 -0.0139552 1.29193e-23)
(0.711335 -0.0149233 4.96533e-23)
(0.712185 -0.0148152 1.47474e-23)
(0.71303 -0.0147076 -1.69039e-23)
(0.71387 -0.0146007 -1.15192e-23)
(0.714705 -0.0144942 -9.08965e-24)
(0.716631 -0.0154564 -1.1785e-23)
(0.717452 -0.0153451 1.71227e-23)
(0.718269 -0.0152345 -1.84444e-24)
(0.71908 -0.0151244 -4.65714e-24)
(0.719888 -0.0150149 5.5395e-26)
(0.722086 -0.0159699 2.38913e-23)
(0.722878 -0.0158557 6.50345e-24)
(0.723666 -0.0157421 -4.21893e-24)
(0.72445 -0.0156292 -4.22737e-23)
(0.725229 -0.0155169 1.53673e-23)
(0.727691 -0.0164634 2.41685e-23)
(0.728454 -0.0163464 -6.50757e-24)
(0.729214 -0.0162302 -1.20205e-23)
(0.729969 -0.0161147 1.29842e-23)
(0.73072 -0.0159997 1.67748e-23)
(0.733437 -0.0169365 -6.66257e-23)
(0.734171 -0.0168171 6.93598e-23)
(0.734902 -0.0166984 -2.66089e-23)
(0.735629 -0.0165804 1.35896e-23)
(0.736352 -0.0164631 8.22089e-24)
(0.739314 -0.017389 2.20716e-23)
(0.740019 -0.0172673 -8.43255e-23)
(0.740721 -0.0171464 7.27601e-23)
(0.74142 -0.0170262 -1.5669e-25)
(0.742115 -0.0169067 -1.28291e-23)
(0.745312 -0.0178207 -4.75069e-23)
(0.745989 -0.0176969 3.01783e-23)
(0.746662 -0.017574 -8.26625e-24)
(0.747333 -0.0174519 1.29887e-24)
(0.748 -0.0173304 7.81755e-24)
(0.751422 -0.0182317 8.35887e-23)
(0.75207 -0.0181061 -3.17274e-23)
(0.752716 -0.0179813 1.55316e-23)
(0.753359 -0.0178574 -2.21349e-23)
(0.753999 -0.0177341 2.55614e-23)
(0.754636 -0.0176115 9.94844e-24)
(0.757634 -0.0186215 -1.21408e-22)
(0.758254 -0.0184943 4.25779e-23)
(0.758872 -0.0183679 -4.25656e-13)
(0.759488 -0.0182424 4.25505e-13)
(0.760101 -0.0181176 6.2586e-24)
(0.760711 -0.0179934 2.45681e-23)
(0.768812 -0.0191079 0)
(0.769379 -0.0189792 -1.17744e-12)
(0.769945 -0.0188512 1.17746e-12)
(0.770508 -0.0187241 0)
(0.771069 -0.0185977 0)
(0.784228 -0.0198581 0)
(0.78472 -0.0197269 -6.29469e-13)
(0.78521 -0.0195967 6.29469e-13)
(0.785699 -0.0194673 0)
(0.786186 -0.0193387 0)
(0.800112 -0.0205021 0)
(0.800528 -0.0203693 -6.57411e-13)
(0.800943 -0.0202375 6.57411e-13)
(0.801357 -0.0201067 0)
(0.801771 -0.0199767 0)
(0.816361 -0.0210382 0)
(0.816701 -0.0209047 -6.86436e-13)
(0.817041 -0.0207723 6.86436e-13)
(0.817381 -0.0206409 0)
(0.817721 -0.0205104 0)
(0.832872 -0.0214672 0)
(0.833138 -0.0213339 -7.16746e-13)
(0.833404 -0.0212017 7.16746e-13)
(0.833671 -0.0210706 0)
(0.833938 -0.0209405 0)
(0.849544 -0.0217914 0)
(0.849737 -0.021659 -7.48155e-13)
(0.849931 -0.0215279 7.48155e-13)
(0.850126 -0.0213978 0)
(0.850323 -0.0212689 0)
(0.866279 -0.0220135 0)
(0.866402 -0.0218828 -7.80543e-13)
(0.866526 -0.0217534 7.80543e-13)
(0.866652 -0.0216252 0)
(0.866779 -0.0214981 0)
(0.882983 -0.022137 0)
(0.883038 -0.0220088 -1.62759e-12)
(0.883095 -0.0218818 1.62759e-12)
(0.883154 -0.0217561 0)
(0.883215 -0.0216317 0)
(0.899566 -0.0221664 0)
(0.899557 -0.0220412 -8.47792e-13)
(0.899549 -0.0219173 8.47792e-13)
(0.899545 -0.0217948 0)
(0.899542 -0.0216735 0)
(0.915943 -0.0221066 0)
(0.915873 -0.0219849 -8.82399e-13)
(0.915805 -0.0218647 8.82399e-13)
(0.91574 -0.0217458 0)
(0.915678 -0.0216284 0)
(0.932035 -0.021963 0)
(0.931908 -0.0218454 -9.17486e-13)
(0.931784 -0.0217293 9.17486e-13)
(0.931662 -0.0216146 0)
(0.931544 -0.0215014 0)
(0.94777 -0.0217416 0)
(0.94759 -0.0216285 2.4518e-29)
(0.947413 -0.0215169 -2.4518e-29)
(0.94724 -0.0214068 0)
(0.94707 -0.0212982 0)
(0.963081 -0.0214487 0)
(0.962853 -0.0213404 -2.54353e-29)
(0.962629 -0.0212336 2.54353e-29)
(0.962408 -0.0211284 0)
(0.962191 -0.0210248 0)
(0.977911 -0.0210907 0)
(0.977639 -0.0209875 -3.60723e-29)
(0.977372 -0.0208859 3.60723e-29)
(0.977108 -0.0207858 0)
(0.976848 -0.0206874 0)
(0.992208 -0.0206745 0)
(0.991898 -0.0205765 1.76288e-29)
(0.991591 -0.0204802 -1.76288e-29)
(0.991289 -0.0203855 0)
(0.99099 -0.0202925 0)
(1.00593 -0.0202068 0)
(1.00558 -0.0201142 -1.09557e-12)
(1.00524 -0.0200233 1.09557e-12)
(1.00491 -0.019934 0)
(1.00458 -0.0198465 0)
(1.01903 -0.0196942 0)
(1.01866 -0.0196071 -1.13085e-12)
(1.01829 -0.0195216 1.13085e-12)
(1.01793 -0.0194379 0)
(1.01757 -0.0193559 0)
(1.0315 -0.0191436 0)
(1.0311 -0.0190619 0)
(1.03071 -0.0189819 0)
(1.03032 -0.0189036 0)
(1.02993 -0.0188272 0)
(1.0433 -0.0185613 0)
(1.04288 -0.0184849 -1.20019e-12)
(1.04247 -0.0184103 1.20019e-12)
(1.04206 -0.0183375 0)
(1.04165 -0.0182665 0)
(1.05443 -0.0179536 0)
(1.05399 -0.0178825 -1.23407e-12)
(1.05356 -0.0178131 1.23407e-12)
(1.05313 -0.0177456 0)
(1.05271 -0.0176799 0)
(1.06486 -0.0173263 0)
(1.06442 -0.0172603 -1.2673e-12)
(1.06397 -0.0171961 1.2673e-12)
(1.06354 -0.0171337 0)
(1.0631 -0.0170732 0)
(1.07461 -0.0166851 0)
(1.07416 -0.0166241 -1.29983e-12)
(1.07371 -0.0165648 1.29983e-12)
(1.07326 -0.0165073 0)
(1.07282 -0.0164517 0)
(1.08368 -0.0160352 0)
(1.08322 -0.0159788 -1.33158e-12)
(1.08276 -0.0159242 1.33158e-12)
(1.08231 -0.0158714 0)
(1.08186 -0.0158206 0)
(1.09207 -0.0153811 0)
(1.09161 -0.0153292 -1.36251e-12)
(1.09115 -0.0152791 1.36251e-12)
(1.0907 -0.0152308 0)
(1.09025 -0.0151844 0)
(1.0998 -0.0147274 0)
(1.09934 -0.0146796 -1.39257e-12)
(1.09889 -0.0146336 1.39257e-12)
(1.09843 -0.0145895 0)
(1.09798 -0.0145473 0)
(1.10689 -0.0140776 0)
(1.10643 -0.0140338 -2.84347e-12)
(1.10598 -0.0139917 2.84347e-12)
(1.10553 -0.0139515 0)
(1.10509 -0.0139132 0)
(1.11336 -0.0134353 0)
(1.11291 -0.0133951 -1.44996e-12)
(1.11246 -0.0133566 1.44996e-12)
(1.11202 -0.01332 0)
(1.11158 -0.0132853 0)
(1.11923 -0.0128033 0)
(1.11879 -0.0127664 -1.47724e-12)
(1.11835 -0.0127312 1.47724e-12)
(1.11792 -0.012698 0)
(1.11748 -0.0126665 0)
(1.12453 -0.0121839 0)
(1.1241 -0.0121501 -3.0071e-12)
(1.12367 -0.012118 3.0071e-12)
(1.12325 -0.0120878 0)
(1.12282 -0.0120593 0)
(1.1293 -0.0115793 0)
(1.12888 -0.0115482 -3.05777e-12)
(1.12846 -0.0115189 3.05777e-12)
(1.12805 -0.0114914 0)
(1.12763 -0.0114657 0)
(1.13356 -0.0109909 0)
(1.13315 -0.0109624 -3.10649e-12)
(1.13274 -0.0109356 3.10649e-12)
(1.13234 -0.0109106 0)
(1.13193 -0.0108873 0)
(1.13734 -0.01042 0)
(1.13694 -0.0103938 -3.15325e-12)
(1.13655 -0.0103692 3.15325e-12)
(1.13616 -0.0103464 0)
(1.13577 -0.0103254 0)
(1.14068 -0.00986735 0)
(1.14029 -0.00984318 -1.59903e-12)
(1.13991 -0.00982066 1.59903e-12)
(1.13953 -0.00979984 0)
(1.13916 -0.00978074 0)
(1.1436 -0.00933346 0)
(1.14324 -0.00931113 -1.62048e-12)
(1.14287 -0.00929043 1.62048e-12)
(1.1425 -0.00927138 0)
(1.14213 -0.00925401 0)
(1.14615 -0.00881855 0)
(1.1458 -0.00879787 -1.64097e-12)
(1.14544 -0.00877877 1.64097e-12)
(1.14509 -0.00876129 0)
(1.14474 -0.00874545 0)
(1.14836 -0.00832254 0)
(1.14801 -0.00830334 -9.75724e-29)
(1.14767 -0.00828567 9.75724e-29)
(1.14733 -0.00826958 0)
(1.14699 -0.00825509 0)
(1.15024 -0.00784517 0)
(1.14991 -0.00782728 -1.67913e-12)
(1.14958 -0.0078109 1.67913e-12)
(1.14925 -0.00779603 0)
(1.14893 -0.00778272 0)
(1.15184 -0.00738596 0)
(1.15152 -0.00736926 -1.69683e-12)
(1.15121 -0.00735401 1.69683e-12)
(1.15089 -0.00734023 0)
(1.15058 -0.00732795 0)
(1.15319 -0.00694429 0)
(1.15288 -0.00692866 -1.71363e-12)
(1.15258 -0.00691442 1.71363e-12)
(1.15227 -0.00690161 0)
(1.15197 -0.00689024 0)
(1.1543 -0.00651941 0)
(1.15401 -0.00650474 -3.4591e-12)
(1.15371 -0.00649142 3.4591e-12)
(1.15342 -0.00647946 0)
(1.15313 -0.0064689 0)
(1.15521 -0.00611046 0)
(1.15493 -0.00609668 -3.48921e-12)
(1.15464 -0.00608419 3.48921e-12)
(1.15436 -0.006073 0)
(1.15408 -0.00606315 0)
(1.15594 -0.00571653 0)
(1.15567 -0.00570356 -1.7588e-12)
(1.1554 -0.00569183 1.7588e-12)
(1.15512 -0.00568135 0)
(1.15485 -0.00567214 0)
(1.15651 -0.00533665 0)
(1.15625 -0.00532445 0)
(1.15599 -0.00531342 0)
(1.15573 -0.00530358 0)
(1.15546 -0.00529496 0)
(1.15695 -0.00496982 0)
(1.1567 -0.00495834 -6.28501e-29)
(1.15645 -0.00494798 6.28501e-29)
(1.15619 -0.00493874 0)
(1.15594 -0.00493065 0)
(1.15728 -0.00461504 0)
(1.15703 -0.00460426 -4.62209e-29)
(1.15679 -0.00459452 4.62209e-29)
(1.15654 -0.00458585 0)
(1.1563 -0.00457826 0)
(1.1575 -0.0042713 0)
(1.15726 -0.0042612 -1.80737e-12)
(1.15703 -0.00425207 1.80737e-12)
(1.15679 -0.00424395 0)
(1.15655 -0.00423683 0)
(1.15765 -0.00393764 0)
(1.15742 -0.00392819 -1.81752e-12)
(1.15718 -0.00391966 1.81752e-12)
(1.15695 -0.00391207 0)
(1.15672 -0.00390541 0)
(1.15773 -0.00361308 0)
(1.1575 -0.00360429 4.70048e-29)
(1.15727 -0.00359635 -4.70048e-29)
(1.15705 -0.00358928 0)
(1.15683 -0.00358308 0)
(1.15775 -0.00329672 0)
(1.15753 -0.00328858 -4.72265e-29)
(1.15731 -0.00328123 4.72265e-29)
(1.15709 -0.00327468 0)
(1.15687 -0.00326893 0)
(1.15774 -0.00298767 0)
(1.15752 -0.0029802 -1.84339e-12)
(1.1573 -0.00297344 1.84339e-12)
(1.15709 -0.00296741 0)
(1.15688 -0.00296211 0)
(1.15769 -0.00268511 0)
(1.15748 -0.0026783 -1.85051e-12)
(1.15727 -0.00267214 1.85051e-12)
(1.15706 -0.00266664 0)
(1.15685 -0.0026618 0)
(1.15762 -0.00238823 0)
(1.15742 -0.0023821 0)
(1.15721 -0.00237655 0)
(1.157 -0.00237159 0)
(1.1568 -0.00236722 0)
(1.15754 -0.00209631 0)
(1.15734 -0.00209086 -1.86257e-12)
(1.15714 -0.00208593 1.86257e-12)
(1.15693 -0.00208152 0)
(1.15673 -0.00207763 0)
(1.15746 -0.00180863 0)
(1.15726 -0.00180388 -1.86751e-12)
(1.15706 -0.00179958 1.86751e-12)
(1.15686 -0.00179573 0)
(1.15666 -0.00179233 0)
(1.15738 -0.00152454 0)
(1.15718 -0.0015205 -1.87174e-12)
(1.15698 -0.00151684 1.87174e-12)
(1.15678 -0.00151356 0)
(1.15658 -0.00151067 0)
(1.1573 -0.00124343 0)
(1.1571 -0.00124011 -1.87526e-12)
(1.15691 -0.0012371 1.87526e-12)
(1.15671 -0.0012344 0)
(1.15651 -0.00123201 0)
(1.15723 -0.000964695 0)
(1.15704 -0.000962102 4.83212e-29)
(1.15684 -0.000959749 -4.83212e-29)
(1.15665 -0.000957639 0)
(1.15645 -0.000955774 0)
(1.15718 -0.000687785 0)
(1.15699 -0.000685927 -4.83753e-29)
(1.15679 -0.000684241 4.83753e-29)
(1.1566 -0.000682729 0)
(1.15641 -0.000681391 0)
(1.15715 -0.000412162 0)
(1.15695 -0.000411045 -1.88157e-12)
(1.15676 -0.000410031 1.88157e-12)
(1.15657 -0.000409122 0)
(1.15637 -0.000408317 0)
(1.15713 -0.000137304 0)
(1.15693 -0.000136931 -3.8353e-12)
(1.15674 -0.000136592 3.8353e-12)
(1.15655 -0.000136289 0)
(1.15636 -0.00013602 0)
(0.768243 0.0192376 0)
(0.783735 0.0199902 0)
(0.799695 0.0206359 0)
(0.81602 0.0211727 0)
(0.832606 0.0216017 0)
(0.849352 0.021925 0)
(0.866158 0.0221454 0)
(0.88293 0.0222666 0)
(0.899578 0.0222931 0)
(0.916016 0.0222297 0)
(0.932165 0.0220821 0)
(0.947953 0.0218562 0)
(0.963312 0.0215585 0)
(0.978186 0.0211956 0)
(0.992521 0.0207741 0)
(1.00628 0.020301 0)
(1.01941 0.0197831 0)
(1.0319 0.019227 0)
(1.04372 0.0186394 0)
(1.05486 0.0180264 0)
(1.06531 0.0173941 0)
(1.07507 0.016748 0)
(1.08414 0.0160933 0)
(1.09253 0.0154348 0)
(1.10026 0.0147769 0)
(1.10735 0.0141232 0)
(1.11381 0.0134773 0)
(1.11967 0.0128419 0)
(1.12497 0.0122195 0)
(1.12972 0.011612 0)
(1.13397 0.0110211 0)
(1.13774 0.0104479 0)
(1.14106 0.00989314 0)
(1.14398 0.00935738 0)
(1.14651 0.00884078 0)
(1.1487 0.00834326 0)
(1.15057 0.00786452 0)
(1.15216 0.00740408 0)
(1.15349 0.00696129 0)
(1.15459 0.00653539 0)
(1.15549 0.0061255 0)
(1.15621 0.0057307 0)
(1.15678 0.00534999 0)
(1.15721 0.00498238 0)
(1.15752 0.00462685 0)
(1.15774 0.00428238 0)
(1.15788 0.00394799 0)
(1.15795 0.00362271 0)
(1.15797 0.00330563 0)
(1.15795 0.00299586 0)
(1.1579 0.00269256 0)
(1.15783 0.00239494 0)
(1.15775 0.00210226 0)
(1.15766 0.00181382 0)
(1.15758 0.00152896 0)
(1.1575 0.00124705 0)
(1.15743 0.000967525 0)
(1.15738 0.000689812 0)
(1.15734 0.000413381 0)
(1.15732 0.00013771 0)
(0.768812 0.0191079 0)
(0.784228 0.0198581 0)
(0.800112 0.0205021 0)
(0.816361 0.0210381 0)
(0.832872 0.0214672 0)
(0.849544 0.0217914 0)
(0.866279 0.0220135 0)
(0.882983 0.022137 0)
(0.899566 0.0221664 0)
(0.915943 0.0221066 0)
(0.932035 0.021963 0)
(0.94777 0.0217416 0)
(0.963081 0.0214486 0)
(0.977911 0.0210907 0)
(0.992207 0.0206745 0)
(1.00593 0.0202067 0)
(1.01903 0.0196942 0)
(1.0315 0.0191436 0)
(1.0433 0.0185613 0)
(1.05443 0.0179535 0)
(1.06486 0.0173263 0)
(1.07461 0.0166851 0)
(1.08368 0.0160351 0)
(1.09207 0.0153811 0)
(1.0998 0.0147273 0)
(1.10689 0.0140776 0)
(1.11336 0.0134353 0)
(1.11923 0.0128032 0)
(1.12453 0.0121839 0)
(1.1293 0.0115793 0)
(1.13356 0.0109909 0)
(1.13734 0.01042 0)
(1.14068 0.00986734 0)
(1.1436 0.00933345 0)
(1.14615 0.00881854 0)
(1.14836 0.00832253 0)
(1.15024 0.00784516 0)
(1.15184 0.00738595 0)
(1.15319 0.00694428 0)
(1.1543 0.0065194 0)
(1.15521 0.00611045 0)
(1.15594 0.00571652 0)
(1.15651 0.00533664 0)
(1.15695 0.00496981 0)
(1.15728 0.00461503 0)
(1.1575 0.0042713 0)
(1.15765 0.00393763 0)
(1.15773 0.00361308 0)
(1.15775 0.00329671 0)
(1.15774 0.00298767 0)
(1.15769 0.0026851 0)
(1.15762 0.00238823 0)
(1.15754 0.0020963 0)
(1.15746 0.00180863 0)
(1.15738 0.00152454 0)
(1.1573 0.00124343 0)
(1.15723 0.000964694 0)
(1.15718 0.000687784 0)
(1.15715 0.000412162 0)
(1.15713 0.000137303 0)
(0.769379 0.0189791 -5.8872e-13)
(0.78472 0.0197269 0)
(0.800528 0.0203693 0)
(0.816701 0.0209047 0)
(0.833138 0.0213339 0)
(0.849737 0.021659 0)
(0.866402 0.0218828 0)
(0.883038 0.0220088 0)
(0.899557 0.0220412 0)
(0.915873 0.0219849 0)
(0.931908 0.0218454 0)
(0.94759 0.0216285 -2.45179e-29)
(0.962853 0.0213403 2.54352e-29)
(0.977639 0.0209875 -1.02431e-12)
(0.991898 0.0205765 -1.06002e-12)
(1.00558 0.0201142 -1.09557e-12)
(1.01866 0.0196071 -1.13085e-12)
(1.0311 0.0190619 0)
(1.04288 0.0184849 0)
(1.05399 0.0178825 0)
(1.06442 0.0172603 0)
(1.07416 0.016624 0)
(1.08322 0.0159788 0)
(1.09161 0.0153292 0)
(1.09934 0.0146796 0)
(1.10643 0.0140338 0)
(1.11291 0.0133951 0)
(1.11879 0.0127664 0)
(1.1241 0.0121501 0)
(1.12888 0.0115482 0)
(1.13315 0.0109624 0)
(1.13694 0.0103938 0)
(1.14029 0.00984316 0)
(1.14324 0.00931112 0)
(1.1458 0.00879786 5.7788e-29)
(1.14801 0.00830333 9.75718e-29)
(1.14991 0.00782727 0)
(1.15152 0.00736925 0)
(1.15288 0.00692865 0)
(1.15401 0.00650473 0)
(1.15493 0.00609667 0)
(1.15567 0.00570356 0)
(1.15625 0.00532444 0)
(1.1567 0.00495834 6.28497e-29)
(1.15703 0.00460425 4.62205e-29)
(1.15726 0.00426119 0)
(1.15742 0.00392818 0)
(1.1575 0.00360429 -4.70044e-29)
(1.15753 0.00328858 4.72262e-29)
(1.15752 0.00298019 0)
(1.15748 0.00267829 0)
(1.15742 0.0023821 0)
(1.15734 0.00209086 0)
(1.15726 0.00180388 0)
(1.15718 0.0015205 0)
(1.1571 0.00124011 0)
(1.15704 0.000962101 -4.83208e-29)
(1.15699 0.000685926 4.83749e-29)
(1.15695 0.000411045 0)
(1.15693 0.000136931 0)
(0.769945 0.0188512 5.88729e-13)
(0.78521 0.0195966 0)
(0.800943 0.0202375 0)
(0.817041 0.0207723 0)
(0.833404 0.0212017 0)
(0.849931 0.0215279 0)
(0.866526 0.0217534 0)
(0.883095 0.0218818 0)
(0.899549 0.0219173 0)
(0.915805 0.0218647 0)
(0.931784 0.0217293 0)
(0.947413 0.0215169 2.45179e-29)
(0.962629 0.0212336 -2.54352e-29)
(0.977372 0.0208858 1.02431e-12)
(0.991591 0.0204802 1.06002e-12)
(1.00524 0.0200232 1.09557e-12)
(1.01829 0.0195216 1.13085e-12)
(1.03071 0.0189819 0)
(1.04247 0.0184103 0)
(1.05356 0.0178131 0)
(1.06397 0.0171961 0)
(1.07371 0.0165648 0)
(1.08276 0.0159242 0)
(1.09115 0.015279 0)
(1.09889 0.0146336 0)
(1.10598 0.0139917 0)
(1.11246 0.0133566 0)
(1.11835 0.0127312 0)
(1.12367 0.012118 0)
(1.12846 0.0115189 0)
(1.13274 0.0109356 0)
(1.13655 0.0103692 0)
(1.13991 0.00982065 0)
(1.14287 0.00929042 0)
(1.14544 0.00877876 -5.7788e-29)
(1.14767 0.00828566 -9.75718e-29)
(1.14958 0.00781089 0)
(1.15121 0.007354 0)
(1.15258 0.00691441 0)
(1.15371 0.00649141 0)
(1.15464 0.00608418 0)
(1.1554 0.00569183 0)
(1.15599 0.00531342 0)
(1.15645 0.00494797 -6.28497e-29)
(1.15679 0.00459452 -4.62205e-29)
(1.15703 0.00425207 0)
(1.15718 0.00391966 0)
(1.15727 0.00359635 4.70044e-29)
(1.15731 0.00328123 -4.72262e-29)
(1.1573 0.00297343 0)
(1.15727 0.00267213 0)
(1.15721 0.00237654 0)
(1.15714 0.00208592 0)
(1.15706 0.00179958 0)
(1.15698 0.00151684 0)
(1.15691 0.00123709 0)
(1.15684 0.000959748 4.83208e-29)
(1.15679 0.00068424 -4.83749e-29)
(1.15676 0.000410031 0)
(1.15674 0.000136592 0)
(0.770508 0.0187241 0)
(0.785699 0.0194672 0)
(0.801357 0.0201067 0)
(0.817381 0.0206409 0)
(0.833671 0.0210706 0)
(0.850126 0.0213978 0)
(0.866652 0.0216252 0)
(0.883154 0.0217561 0)
(0.899545 0.0217948 0)
(0.91574 0.0217458 0)
(0.931662 0.0216146 0)
(0.94724 0.0214068 0)
(0.962408 0.0211284 0)
(0.977108 0.0207858 0)
(0.991289 0.0203855 0)
(1.00491 0.019934 0)
(1.01793 0.0194379 0)
(1.03032 0.0189036 0)
(1.04206 0.0183375 0)
(1.05313 0.0177456 0)
(1.06354 0.0171337 0)
(1.07326 0.0165073 0)
(1.08231 0.0158714 0)
(1.0907 0.0152308 0)
(1.09843 0.0145895 0)
(1.10553 0.0139515 0)
(1.11202 0.01332 0)
(1.11792 0.0126979 0)
(1.12325 0.0120877 0)
(1.12805 0.0114914 0)
(1.13234 0.0109106 0)
(1.13616 0.0103464 0)
(1.13953 0.00979983 0)
(1.1425 0.00927137 0)
(1.14509 0.00876128 0)
(1.14733 0.00826957 0)
(1.14925 0.00779602 0)
(1.15089 0.00734022 0)
(1.15227 0.0069016 0)
(1.15342 0.00647946 0)
(1.15436 0.006073 0)
(1.15512 0.00568135 0)
(1.15573 0.00530358 0)
(1.15619 0.00493874 0)
(1.15654 0.00458585 0)
(1.15679 0.00424394 0)
(1.15695 0.00391206 0)
(1.15705 0.00358927 0)
(1.15709 0.00327468 0)
(1.15709 0.0029674 0)
(1.15706 0.00266663 0)
(1.157 0.00237158 0)
(1.15693 0.00208151 0)
(1.15686 0.00179572 0)
(1.15678 0.00151356 0)
(1.15671 0.00123439 0)
(1.15665 0.000957638 0)
(1.1566 0.000682728 0)
(1.15657 0.000409121 0)
(1.15655 0.000136289 0)
(0.771069 0.0185977 0)
(0.786186 0.0193386 0)
(0.801771 0.0199767 0)
(0.817721 0.0205104 0)
(0.833938 0.0209405 0)
(0.850323 0.0212689 0)
(0.866779 0.0214981 0)
(0.883215 0.0216317 0)
(0.899542 0.0216735 0)
(0.915678 0.0216283 0)
(0.931544 0.0215013 0)
(0.94707 0.0212982 0)
(0.962191 0.0210248 0)
(0.976848 0.0206874 0)
(0.99099 0.0202925 0)
(1.00458 0.0198465 0)
(1.01757 0.0193559 0)
(1.02993 0.0188272 0)
(1.04165 0.0182665 0)
(1.05271 0.0176799 0)
(1.0631 0.0170732 0)
(1.07282 0.0164517 0)
(1.08186 0.0158206 0)
(1.09025 0.0151843 0)
(1.09798 0.0145473 0)
(0.757634 0.0186215 1.23618e-22)
(0.758254 0.0184943 -4.33812e-23)
(0.758872 0.0183679 -4.25656e-13)
(0.759488 0.0182423 4.25505e-13)
(0.760101 0.0181175 -6.65152e-24)
(0.760711 0.0179934 -2.4529e-23)
(0.751422 0.0182317 -8.5886e-23)
(0.75207 0.0181061 3.36297e-23)
(0.752716 0.0179813 -1.51832e-23)
(0.753359 0.0178574 2.34195e-23)
(0.753999 0.0177341 -2.48468e-23)
(0.745312 0.0178207 4.28259e-23)
(0.745989 0.0176969 -3.02544e-23)
(0.746662 0.017574 3.46904e-24)
(0.747333 0.0174518 -1.90613e-25)
(0.748 0.0173303 -1.1545e-23)
(0.739314 0.017389 -1.21689e-23)
(0.740019 0.0172673 8.73946e-23)
(0.740721 0.0171464 -6.58824e-23)
(0.74142 0.0170262 3.05257e-24)
(0.742115 0.0169067 2.05612e-23)
(0.733437 0.0169365 6.29856e-23)
(0.734171 0.016817 -7.56842e-23)
(0.734902 0.0166984 2.68331e-23)
(0.735629 0.0165804 -1.64054e-23)
(0.736352 0.016463 -1.29213e-23)
(0.727691 0.0164633 -2.03973e-23)
(0.728454 0.0163464 9.01554e-24)
(0.729214 0.0162302 1.18804e-23)
(0.729969 0.0161146 -1.36331e-23)
(0.73072 0.0159997 -1.30861e-23)
(0.722086 0.0159699 -4.34821e-23)
(0.722878 0.0158556 -1.03643e-23)
(0.723666 0.0157421 -8.01454e-24)
(0.72445 0.0156292 3.11133e-23)
(0.725229 0.0155169 -1.14539e-23)
(0.716631 0.0154564 1.25261e-23)
(0.717452 0.0153451 -1.615e-23)
(0.718269 0.0152345 1.69299e-23)
(0.71908 0.0151244 2.1841e-23)
(0.719888 0.0150149 -9.4387e-24)
(0.711335 0.0149233 -4.1531e-23)
(0.712185 0.0148151 9.50481e-25)
(0.71303 0.0147076 1.92935e-23)
(0.71387 0.0146007 -2.8992e-24)
(0.714705 0.0144942 3.50481e-24)
(0.706209 0.014371 -1.03209e-23)
(0.707087 0.0142662 3.35029e-24)
(0.707959 0.014162 -2.39973e-23)
(0.708827 0.0140584 3.41974e-23)
(0.709689 0.0139551 -1.23232e-23)
(0.70126 0.0138001 2.39226e-23)
(0.702165 0.0136988 -1.65077e-23)
(0.703066 0.0135982 -5.44557e-24)
(0.70396 0.013498 9.87014e-25)
(0.704849 0.0133983 -5.25395e-24)
(0.696497 0.013211 -1.8903e-23)
(0.69743 0.0131135 1.95913e-24)
(0.698357 0.0130166 -7.48203e-24)
(0.699279 0.0129201 -1.36469e-24)
(0.700194 0.012824 8.67393e-24)
(0.69193 0.0126043 4.20616e-23)
(0.692889 0.0125108 6.94741e-24)
(0.693843 0.0124178 -1.24443e-23)
(0.69479 0.0123253 4.163e-24)
(0.695731 0.0122331 3.70374e-24)
(0.687566 0.0119807 -1.45857e-23)
(0.688551 0.0118914 -2.04778e-23)
(0.68953 0.0118025 -2.10924e-25)
(0.690503 0.0117141 2.80595e-23)
(0.691469 0.011626 5.64478e-24)
(0.683414 0.0113409 -2.87795e-23)
(0.684424 0.0112559 2.47649e-23)
(0.685428 0.0111714 -1.87141e-23)
(0.686424 0.0110873 6.05703e-24)
(0.687414 0.0110035 7.34234e-24)
(0.679481 0.0106856 2.36838e-23)
(0.680515 0.0106052 1.09652e-23)
(0.681542 0.0105252 -1.09386e-23)
(0.682562 0.0104455 -1.16926e-24)
(0.683576 0.0103662 -9.73031e-24)
(0.675775 0.0100156 2.25223e-23)
(0.676832 0.0099399 -8.98219e-24)
(0.677882 0.00986459 -1.92102e-23)
(0.678924 0.0097896 9.85309e-24)
(0.679959 0.00971488 -2.36994e-24)
(0.672303 0.00933171 -5.59941e-24)
(0.673381 0.0092609 1.50979e-23)
(0.674452 0.00919045 -5.85395e-24)
(0.675516 0.00912029 -4.54684e-24)
(0.676572 0.00905038 8.22654e-24)
(0.669071 0.00863479 -1.66134e-23)
(0.67017 0.00856903 3.21479e-23)
(0.671261 0.0085036 -1.28451e-24)
(0.672344 0.00843844 -1.52705e-24)
(0.67342 0.00837349 -2.82802e-26)
(0.666086 0.00792575 -1.52979e-24)
(0.667203 0.00786519 -1.40372e-23)
(0.668313 0.00780492 1.86031e-23)
(0.669415 0.0077449 -9.15082e-24)
(0.670509 0.00768507 8.945e-24)
(0.663353 0.00720552 6.37981e-24)
(0.664488 0.00715029 3.01626e-24)
(0.665615 0.00709533 -7.32358e-26)
(0.666734 0.00704059 -4.82684e-24)
(0.667845 0.00698602 3.00924e-24)
(0.660878 0.00647506 5.94869e-24)
(0.662029 0.00642529 -9.75763e-24)
(0.663171 0.00637576 8.18726e-25)
(0.664306 0.00632643 -8.34183e-24)
(0.665432 0.00627725 8.25355e-24)
(0.658665 0.00573537 3.97734e-24)
(0.65983 0.00569118 9.59966e-24)
(0.660987 0.0056472 -6.70668e-24)
(0.662136 0.00560339 5.65604e-24)
(0.663276 0.00555971 -4.89345e-25)
(0.656719 0.00498747 3.2786e-24)
(0.657897 0.00494896 -2.3298e-24)
(0.659067 0.00491063 4.38518e-24)
(0.660228 0.00487245 -2.02168e-24)
(0.66138 0.00483438 1.52617e-24)
(0.655044 0.00423241 -2.71809e-24)
(0.656233 0.00419967 -6.34741e-24)
(0.657413 0.00416708 2.63042e-24)
(0.658585 0.00413462 -5.10452e-24)
(0.659748 0.00410225 1.5627e-24)
(0.653643 0.00347126 -8.26084e-24)
(0.654841 0.00344436 -2.85181e-24)
(0.656031 0.00341759 1.9241e-24)
(0.657211 0.00339092 -6.94632e-25)
(0.658383 0.00336433 1.62039e-24)
(0.652519 0.00270509 -8.57298e-24)
(0.653725 0.0026841 6.47367e-24)
(0.654921 0.00266322 -7.91083e-25)
(0.656109 0.00264241 4.8613e-24)
(0.657288 0.00262166 -2.12632e-24)
(0.651674 0.00193501 -1.95271e-24)
(0.652885 0.00191998 9.83513e-25)
(0.654087 0.00190503 1.64807e-24)
(0.655281 0.00189013 9.80294e-25)
(0.656465 0.00187527 9.99813e-25)
(0.65111 0.00116212 -4.8293e-24)
(0.652325 0.00115309 3.50121e-24)
(0.653531 0.00114411 -2.15111e-24)
(0.654728 0.00113515 1.37641e-24)
(0.655916 0.00112622 -9.67727e-25)
(0.650827 0.000387553 2.13987e-25)
(0.652044 0.000384541 -4.14914e-25)
(0.653252 0.000381542 1.45252e-25)
(0.654451 0.000378555 1.11317e-27)
(0.655641 0.000375576 -6.27763e-25)
)
;

boundaryField
{
    inlet
    {
        type            uniformFixedValue;
        uniformValue    constant (1 0 0);
        value           nonuniform 0();
    }
    outlet
    {
        type            pressureInletOutletVelocity;
        value           nonuniform 0();
    }
    cylinder
    {
        type            fixedValue;
        value           nonuniform 0();
    }
    top
    {
        type            symmetryPlane;
    }
    bottom
    {
        type            symmetryPlane;
    }
    defaultFaces
    {
        type            empty;
    }
    procBoundary60to59
    {
        type            processor;
        value           nonuniform List<vector> 
181
(
(0.649602 -0.000390606 8.4935e-25)
(0.649886 -0.00117122 1.12973e-24)
(0.650454 -0.00195014 4.01152e-26)
(0.651305 -0.00272621 7.98065e-24)
(0.652437 -0.00349832 9.99164e-24)
(0.653847 -0.00426536 4.27013e-24)
(0.655533 -0.00502622 -4.64724e-24)
(0.657492 -0.00577983 5.89038e-24)
(0.659719 -0.00652513 -1.13859e-23)
(0.66221 -0.00726108 -1.25554e-23)
(0.664961 -0.00798668 -7.11059e-24)
(0.667965 -0.00870095 8.85346e-24)
(0.671217 -0.00940295 -6.32229e-24)
(0.674711 -0.0100918 -1.85288e-23)
(0.67844 -0.0107665 -5.69182e-24)
(0.682397 -0.0114264 2.72701e-23)
(0.686574 -0.0120706 -1.28354e-23)
(0.690964 -0.0126984 -5.6547e-24)
(0.695558 -0.0133091 3.11661e-23)
(0.700348 -0.013902 2.10674e-23)
(0.705325 -0.0144766 2.7012e-23)
(0.71048 -0.0150322 1.61897e-23)
(0.715805 -0.0155685 -9.02775e-23)
(0.721289 -0.0160849 4.1599e-23)
(0.726923 -0.0165811 -3.6509e-23)
(0.732698 -0.0170567 -1.14352e-23)
(0.738604 -0.0175116 3.68752e-25)
(0.744632 -0.0179453 -1.23879e-23)
(0.750771 -0.0183582 5.55313e-23)
(0.757011 -0.0187497 -4.39812e-23)
(0.768243 -0.0192377 0)
(0.768243 -0.0192377 0)
(0.783735 -0.0199903 0)
(0.799695 -0.0206359 0)
(0.81602 -0.0211728 0)
(0.832606 -0.0216017 0)
(0.849352 -0.021925 0)
(0.866158 -0.0221454 0)
(0.88293 -0.0222667 0)
(0.899578 -0.0222931 0)
(0.916016 -0.0222297 0)
(0.932165 -0.0220821 0)
(0.947953 -0.0218563 0)
(0.963312 -0.0215585 0)
(0.978186 -0.0211956 0)
(0.992521 -0.0207741 0)
(1.00628 -0.020301 0)
(1.01941 -0.0197831 0)
(1.0319 -0.019227 0)
(1.04372 -0.0186394 0)
(1.05486 -0.0180264 0)
(1.06531 -0.0173941 0)
(1.07507 -0.016748 0)
(1.08414 -0.0160933 0)
(1.09253 -0.0154349 0)
(1.10026 -0.0147769 0)
(1.10735 -0.0141233 0)
(1.11381 -0.0134773 0)
(1.11967 -0.0128419 0)
(1.12497 -0.0122195 0)
(1.12972 -0.011612 0)
(1.13397 -0.0110211 0)
(1.13774 -0.0104479 0)
(1.14106 -0.00989315 0)
(1.14398 -0.00935739 0)
(1.14651 -0.00884079 0)
(1.1487 -0.00834327 0)
(1.15057 -0.00786453 0)
(1.15216 -0.00740409 0)
(1.15349 -0.0069613 0)
(1.15459 -0.0065354 0)
(1.15549 -0.00612551 0)
(1.15621 -0.00573071 0)
(1.15678 -0.00535 0)
(1.15721 -0.00498239 0)
(1.15752 -0.00462685 0)
(1.15774 -0.00428238 0)
(1.15788 -0.00394799 0)
(1.15795 -0.00362271 0)
(1.15797 -0.00330563 0)
(1.15795 -0.00299586 0)
(1.1579 -0.00269256 0)
(1.15783 -0.00239494 0)
(1.15775 -0.00210226 0)
(1.15766 -0.00181382 0)
(1.15758 -0.00152896 0)
(1.1575 -0.00124706 0)
(1.15743 -0.000967526 0)
(1.15738 -0.000689813 0)
(1.15734 -0.000413381 0)
(1.15732 -0.00013771 0)
(0.767671 0.0193684 0)
(0.78324 0.0201235 0)
(0.799278 0.0207708 0)
(0.81568 0.0213085 0)
(0.832341 0.0217374 0)
(0.849161 0.0220599 0)
(0.866038 0.0222787 0)
(0.882879 0.0223976 0)
(0.899592 0.0224211 0)
(0.916092 0.0223543 0)
(0.932298 0.0222027 0)
(0.948139 0.0219724 0)
(0.963547 0.02167 0)
(0.978464 0.021302 0)
(0.992839 0.0208754 0)
(1.00663 0.0203969 0)
(1.01979 0.0198736 0)
(1.03231 0.0193122 0)
(1.04415 0.0187192 0)
(1.0553 0.018101 0)
(1.06576 0.0174635 0)
(1.07553 0.0168126 0)
(1.0846 0.0161532 0)
(1.093 0.0154903 0)
(1.10073 0.0148282 0)
(1.10781 0.0141706 0)
(1.11426 0.013521 0)
(1.12012 0.0128822 0)
(1.1254 0.0122567 0)
(1.13014 0.0116465 0)
(1.13438 0.011053 0)
(1.13813 0.0104774 0)
(1.14145 0.00992054 0)
(1.14435 0.00938287 0)
(1.14687 0.00886455 0)
(1.14904 0.00836547 0)
(1.1509 0.00788533 0)
(1.15248 0.00742361 0)
(1.1538 0.00697966 0)
(1.15489 0.00655269 0)
(1.15578 0.00614181 0)
(1.15649 0.00574607 0)
(1.15704 0.00536449 0)
(1.15746 0.00499603 0)
(1.15777 0.00463968 0)
(1.15798 0.00429442 0)
(1.15811 0.00395924 0)
(1.15818 0.00363318 0)
(1.15819 0.00331531 0)
(1.15817 0.00300474 0)
(1.15811 0.00270065 0)
(1.15804 0.00240222 0)
(1.15795 0.00210872 0)
(1.15786 0.00181945 0)
(1.15778 0.00153374 0)
(1.1577 0.00125098 0)
(1.15763 0.000970592 0)
(1.15757 0.000692008 0)
(1.15754 0.000414701 0)
(1.15752 0.000138151 0)
(0.757011 0.0187497 4.30388e-23)
(0.75077 0.0183582 -5.49604e-23)
(0.744632 0.0179453 6.59558e-24)
(0.738604 0.0175115 6.33189e-24)
(0.732698 0.0170567 1.42442e-23)
(0.726923 0.0165811 3.74228e-23)
(0.721289 0.0160849 -3.404e-23)
(0.715805 0.0155685 6.47692e-23)
(0.71048 0.0150322 -1.42107e-23)
(0.705325 0.0144765 -2.47828e-23)
(0.700348 0.013902 3.05485e-24)
(0.695558 0.0133091 -5.99709e-23)
(0.690964 0.0126984 3.23232e-23)
(0.686574 0.0120706 -1.40725e-23)
(0.682397 0.0114264 -1.36919e-23)
(0.67844 0.0107665 -3.76122e-24)
(0.674711 0.0100917 2.93679e-23)
(0.671217 0.00940293 3.33928e-25)
(0.667965 0.00870093 -7.6162e-24)
(0.664961 0.00798666 1.67202e-23)
(0.66221 0.00726106 5.02e-24)
(0.659719 0.0065251 9.42668e-24)
(0.657492 0.0057798 2.08474e-24)
(0.655533 0.00502619 5.70135e-24)
(0.653847 0.00426533 -9.87819e-24)
(0.652437 0.0034983 -9.77626e-24)
(0.651305 0.00272619 -9.79156e-24)
(0.650454 0.00195011 2.58544e-24)
(0.649886 0.0011712 -1.83542e-24)
(0.649602 0.000390582 -5.75873e-25)
)
;
    }
    procBoundary60to61
    {
        type            processor;
        value           nonuniform List<vector> 
183
(
(0.656822 -0.00037263 5.61658e-25)
(0.657095 -0.00111734 3.00945e-26)
(0.657641 -0.00186046 -2.38158e-24)
(0.658459 -0.00260097 -6.59794e-25)
(0.659547 -0.00333781 -5.31264e-25)
(0.660903 -0.00406997 -2.61456e-25)
(0.662524 -0.00479641 6.59598e-25)
(0.664408 -0.00551615 -7.30634e-24)
(0.66655 -0.0062282 -5.103e-24)
(0.668947 -0.0069316 -7.32218e-24)
(0.671595 -0.00762541 -5.12899e-24)
(0.674488 -0.00830873 -2.97317e-24)
(0.67762 -0.00898067 -5.62735e-24)
(0.680987 -0.00964038 -1.58374e-24)
(0.684582 -0.0102871 6.74598e-24)
(0.688398 -0.0109199 3.81814e-24)
(0.692429 -0.0115382 -1.51403e-23)
(0.696666 -0.0121412 7.27312e-24)
(0.701104 -0.0127283 -1.84618e-23)
(0.705733 -0.0132989 1.51464e-23)
(0.710546 -0.0138523 -3.16306e-24)
(0.715535 -0.0143881 -1.72004e-23)
(0.72069 -0.0149058 -6.83945e-24)
(0.726004 -0.015405 3.26186e-24)
(0.731468 -0.0158853 -1.72691e-24)
(0.737071 -0.0163462 2.96541e-23)
(0.742807 -0.0167877 -4.19924e-24)
(0.748665 -0.0172095 -9.94016e-25)
(0.748665 -0.0172095 -9.94016e-25)
(0.75527 -0.0174894 2.78523e-23)
(0.761319 -0.0178699 3.01202e-23)
(0.771629 -0.0184719 0)
(0.786673 -0.0192108 0)
(0.802184 -0.0198475 0)
(0.818061 -0.0203808 0)
(0.834206 -0.0208113 0)
(0.85052 -0.0211409 0)
(0.866908 -0.0213722 0)
(0.883278 -0.0215084 0)
(0.899542 -0.0215535 0)
(0.915619 -0.0215122 0)
(0.931429 -0.0213895 0)
(0.946904 -0.021191 0)
(0.961977 -0.0209227 0)
(0.976591 -0.0205906 0)
(0.990696 -0.0202011 0)
(1.00425 -0.0197607 0)
(1.01721 -0.0192757 0)
(1.02955 -0.0187525 0)
(1.04125 -0.0181973 0)
(1.05229 -0.0176161 0)
(1.06267 -0.0170145 0)
(1.07238 -0.016398 0)
(1.08142 -0.0157716 0)
(1.0898 -0.0151399 0)
(1.09754 -0.014507 0)
(1.10464 -0.0138767 0)
(1.11114 -0.0132524 0)
(1.11705 -0.012637 0)
(1.1224 -0.0120328 0)
(1.12722 -0.0114419 0)
(1.13153 -0.0108659 0)
(1.13538 -0.0103061 0)
(1.13878 -0.00976341 0)
(1.14177 -0.00923837 0)
(1.14438 -0.0087313 0)
(1.14665 -0.00824223 0)
(1.1486 -0.00777099 0)
(1.15026 -0.0073172 0)
(1.15167 -0.00688034 0)
(1.15284 -0.00645975 0)
(1.1538 -0.00605465 0)
(1.15458 -0.00566422 0)
(1.1552 -0.00528755 0)
(1.15569 -0.00492371 0)
(1.15605 -0.00457176 0)
(1.15631 -0.00423074 0)
(1.15649 -0.00389971 0)
(1.1566 -0.00357776 0)
(1.15665 -0.003264 0)
(1.15666 -0.00295756 0)
(1.15664 -0.00265764 0)
(1.15659 -0.00236346 0)
(1.15653 -0.00207427 0)
(1.15646 -0.00178939 0)
(1.15639 -0.00150816 0)
(1.15632 -0.00122994 0)
(1.15626 -0.000954157 0)
(1.15621 -0.00068023 0)
(1.15618 -0.000407617 0)
(1.15616 -0.000135786 0)
(1.10509 0.0139131 0)
(1.11158 0.0132853 0)
(1.11748 0.0126665 0)
(1.12282 0.0120593 0)
(1.12763 0.0114657 0)
(1.13193 0.0108873 0)
(1.13577 0.0103254 0)
(1.13916 0.00978073 0)
(1.14213 0.009254 0)
(1.14474 0.00874544 0)
(1.14699 0.00825508 0)
(1.14893 0.00778271 0)
(1.15058 0.00732794 0)
(1.15197 0.00689023 0)
(1.15313 0.00646889 0)
(1.15408 0.00606315 0)
(1.15485 0.00567214 0)
(1.15546 0.00529495 0)
(1.15594 0.00493064 0)
(1.1563 0.00457825 0)
(1.15655 0.00423682 0)
(1.15672 0.00390541 0)
(1.15683 0.00358307 0)
(1.15687 0.00326893 0)
(1.15688 0.00296211 0)
(1.15685 0.0026618 0)
(1.1568 0.00236722 0)
(1.15673 0.00207763 0)
(1.15666 0.00179233 0)
(1.15658 0.00151066 0)
(1.15651 0.00123201 0)
(1.15645 0.000955773 0)
(1.15641 0.00068139 0)
(1.15637 0.000408316 0)
(1.15636 0.00013602 0)
(0.771629 0.0184719 0)
(0.786673 0.0192108 0)
(0.802184 0.0198475 0)
(0.818061 0.0203808 0)
(0.834206 0.0208113 0)
(0.85052 0.0211409 0)
(0.866908 0.0213722 0)
(0.883278 0.0215084 0)
(0.899542 0.0215535 0)
(0.915618 0.0215122 0)
(0.931429 0.0213895 0)
(0.946904 0.021191 0)
(0.961977 0.0209227 0)
(0.976591 0.0205906 0)
(0.990696 0.0202011 0)
(1.00425 0.0197606 0)
(1.01721 0.0192757 0)
(1.02955 0.0187525 0)
(1.04125 0.0181973 0)
(1.05229 0.0176161 0)
(1.06267 0.0170145 0)
(1.07238 0.016398 0)
(1.08142 0.0157716 0)
(1.0898 0.0151398 0)
(1.10509 0.0139131 0)
(1.09754 0.014507 0)
(0.761319 0.0178698 -2.94325e-23)
(0.754636 0.0176115 -1.83928e-23)
(0.754636 0.0176115 -1.83928e-23)
(0.748665 0.0172094 -3.85971e-25)
(0.742807 0.0167877 4.10713e-24)
(0.737071 0.0163462 -2.95037e-23)
(0.731468 0.0158852 3.33766e-24)
(0.726004 0.015405 -1.15192e-25)
(0.72069 0.0149058 -6.39092e-24)
(0.715535 0.0143881 2.85778e-23)
(0.710546 0.0138523 -7.64646e-24)
(0.705733 0.0132989 -8.48793e-24)
(0.701104 0.0127283 1.74061e-23)
(0.696666 0.0121412 -5.92776e-24)
(0.692428 0.0115382 1.5705e-23)
(0.688398 0.0109199 -6.60247e-24)
(0.684582 0.010287 -4.54053e-24)
(0.680987 0.00964036 2.0825e-24)
(0.67762 0.00898064 2.75078e-24)
(0.674488 0.0083087 6.11233e-24)
(0.671595 0.00762538 7.15334e-24)
(0.668947 0.00693157 5.9234e-24)
(0.66655 0.00622817 5.07823e-24)
(0.664408 0.00551612 5.87453e-24)
(0.662524 0.00479638 -6.67572e-26)
(0.660903 0.00406994 -2.40645e-25)
(0.659547 0.00333778 2.19573e-24)
(0.658459 0.00260094 -7.45633e-25)
(0.657641 0.00186044 2.81782e-24)
(0.657095 0.00111731 -4.616e-25)
(0.656822 0.000372601 -6.48589e-25)
)
;
    }
}


// ************************************************************************* //
