/*--------------------------------*- C++ -*----------------------------------*\
  =========                 |
  \\      /  F ield         | OpenFOAM: The Open Source CFD Toolbox
   \\    /   O peration     | Website:  https://openfoam.org
    \\  /    A nd           | Version:  7
     \\/     M anipulation  |
\*---------------------------------------------------------------------------*/
FoamFile
{
    version     2.0;
    format      ascii;
    class       surfaceScalarField;
    location    "40";
    object      phi;
}
// * * * * * * * * * * * * * * * * * * * * * * * * * * * * * * * * * * * * * //

dimensions      [0 3 -1 0 0 0 0];

internalField   nonuniform List<scalar> 
650
(
0.00189033
-6.54045e-06
5.02492e-10
0.00189673
-6.40379e-06
4.8425e-10
-6.26996e-06
4.63039e-10
0.00189143
-1.30777e-05
0.00189783
-1.2805e-05
-1.25379e-05
0.00189363
-1.96099e-05
0.00190002
-1.92021e-05
-1.88028e-05
0.00189691
-2.61348e-05
0.0019033
-2.55937e-05
-2.50638e-05
0.00190125
-3.26513e-05
0.00190763
-3.19789e-05
-3.13205e-05
0.00190663
-3.91587e-05
0.00191301
-3.83578e-05
-3.75734e-05
0.00191303
-4.56576e-05
0.0019194
-4.47311e-05
-4.38239e-05
0.0019204
-5.21497e-05
0.00192677
-5.11013e-05
-5.00747e-05
0.00192871
-5.86381e-05
0.00193508
-5.74717e-05
-5.63296e-05
0.00193791
-6.51274e-05
0.00194428
-6.38474e-05
-6.2594e-05
0.00194795
-7.16241e-05
0.00195434
-7.02351e-05
-6.8875e-05
0.00195878
-7.81363e-05
0.00196519
-7.66431e-05
-7.51812e-05
0.00197035
-8.46738e-05
0.00197679
-8.30818e-05
-8.15232e-05
0.00198259
-9.12488e-05
0.00198907
-8.95634e-05
-8.79133e-05
0.00199543
-9.78752e-05
0.00200197
-9.61018e-05
-9.43658e-05
0.00200882
-0.000104569
0.00201543
-0.000102713
-0.000100897
0.00202269
-0.000111348
0.00202939
-0.000109416
-0.000107525
0.00203696
-0.000118232
0.00204377
-0.00011623
-0.000114269
0.00205157
-0.000125244
0.00205851
-0.000123177
-0.000121153
0.00206644
-0.000132408
0.00207355
-0.000130281
-0.000128199
0.00208152
-0.000139748
0.0020888
-0.000137568
0.00209604
-0.000135434
-0.000133346
0.00209671
-0.000147294
0.00210421
-0.000145065
0.00211166
-0.000142885
-0.000140751
0.00211197
0.0021197
-0.000152802
0.0021274
-0.000150581
-0.000148407
0.00213522
-0.000160809
0.00214319
-0.000158551
-0.000156342
0.00629364
-0.000170423
0.00630317
-0.000168083
-0.000165794
0.00650133
-0.000177905
0.00650876
-0.000175518
-0.000173183
0.00671616
-0.000183277
0.00672152
-0.000180874
-0.000178524
0.00693501
-0.000186599
0.00693835
-0.00018421
-0.000181876
0.00715485
-0.000187972
0.00715626
-0.000185625
-0.000183334
0.00737283
-0.000187531
0.00737246
-0.000185249
-0.000183023
0.00758635
-0.000185435
0.00758434
-0.000183239
-0.000181098
0.00779305
-0.000181868
0.00778958
-0.000179774
-0.000177734
0.00799091
-0.000177025
0.00798618
-0.000175044
-0.000173117
0.00817825
-0.000171111
0.00817246
-0.000169252
-0.000167445
0.00835374
-0.000164331
0.00834708
-0.000162596
-0.000160914
0.00851638
-0.000156883
0.00850906
-0.000155275
-0.000153718
0.00866555
-0.000148959
0.00865775
-0.000147474
-0.00014604
0.00880092
-0.000140732
0.00879281
-0.000139367
-0.000138051
0.00892247
-0.000132361
0.00891421
-0.000131108
-0.000129903
0.00903045
-0.00012398
0.00902218
-0.000122832
-0.000121732
0.00912533
-0.000115705
0.00911715
-0.000114654
-0.000113649
0.00920775
-0.00010763
0.00919976
-0.000106666
-0.000105747
0.00927851
-9.98254e-05
0.00927079
-9.894e-05
-9.80993e-05
0.00933852
-9.2343e-05
0.0093311
-9.15282e-05
-9.07569e-05
0.00938872
-8.52161e-05
0.00938165
-8.44642e-05
-8.37548e-05
0.00943012
-7.84619e-05
0.00942342
-7.77663e-05
-7.71119e-05
0.00946371
-7.20841e-05
0.00945738
-7.14391e-05
-7.08339e-05
0.00949047
-6.60752e-05
0.00948451
-6.54761e-05
-6.49152e-05
0.00951134
-6.0419e-05
0.00950573
-5.98622e-05
-5.93417e-05
0.00952719
-5.50932e-05
0.00952191
-5.45756e-05
-5.40927e-05
0.00953885
-5.00709e-05
0.00953386
-4.95906e-05
-4.91431e-05
0.00954703
-4.53228e-05
0.00954232
-4.48786e-05
-4.4465e-05
0.00955243
-4.08186e-05
0.00954796
-4.04099e-05
-4.00294e-05
0.00955561
-3.65286e-05
0.00955135
-3.61548e-05
-3.58071e-05
0.0095571
-3.24234e-05
0.00955303
-3.20849e-05
-3.17698e-05
0.00955734
-2.84758e-05
0.00955343
-2.81728e-05
-2.7891e-05
0.00955672
-2.46606e-05
0.00955294
-2.43937e-05
-2.41455e-05
0.00955555
-2.0955e-05
0.00955188
-2.07247e-05
-2.05105e-05
0.0095541
-1.73381e-05
0.00955052
-1.71451e-05
-1.69656e-05
0.00955258
-1.37916e-05
0.00954908
-1.36364e-05
-1.34921e-05
0.00955118
-1.02989e-05
0.00954772
-1.01822e-05
-1.00733e-05
0.00955001
-6.84504e-06
0.0095466
-6.7669e-06
-6.6942e-06
0.00954919
-3.41622e-06
0.0095458
-3.3772e-06
-3.3409e-06
0.00954876
0.00954538
-3.45818e-06
0.00955261
0.00955217
-0.000170422
0.00629364
0.000160808
-0.000177905
0.00650133
-0.000183276
0.00671616
-0.000186598
0.00693501
-0.000187972
0.00715485
-0.00018753
0.00737283
-0.000185435
0.00758635
-0.000181867
0.00779305
-0.000177025
0.00799091
-0.000171111
0.00817825
-0.00016433
0.00835374
-0.000156883
0.00851638
-0.000148959
0.00866555
-0.000140732
0.00880092
-0.00013236
0.00892247
-0.00012398
0.00903045
-0.000115705
0.00912533
-0.00010763
0.00920775
-9.98253e-05
0.00927851
-9.23428e-05
0.00933852
-8.52159e-05
0.00938872
-7.84618e-05
0.00943012
-7.2084e-05
0.00946371
-6.60751e-05
0.00949047
-6.04191e-05
0.00951134
-5.50932e-05
0.00952719
-5.00708e-05
0.00953885
-4.53228e-05
0.00954703
-4.08187e-05
0.00955243
-3.65286e-05
0.00955561
-3.24234e-05
0.0095571
-2.84758e-05
0.00955734
-2.46606e-05
0.00955672
-2.0955e-05
0.00955555
-1.73381e-05
0.0095541
-1.37916e-05
0.00955258
-1.0299e-05
0.00955118
-6.84503e-06
0.00955001
-3.41627e-06
0.00954919
0.00954876
-0.000168082
0.00630317
0.000158551
-0.000175517
0.00650876
-0.000180873
0.00672152
-0.00018421
0.00693835
-0.000185625
0.00715626
-0.000185249
0.00737246
-0.000183239
0.00758434
-0.000179773
0.00778958
-0.000175044
0.00798618
-0.000169251
0.00817246
-0.000162596
0.00834708
-0.000155275
0.00850906
-0.000147474
0.00865775
-0.000139367
0.00879281
-0.000131108
0.00891421
-0.000122832
0.00902218
-0.000114654
0.00911715
-0.000106666
0.00919976
-9.89398e-05
0.00927079
-9.1528e-05
0.0093311
-8.44641e-05
0.00938165
-7.77662e-05
0.00942342
-7.1439e-05
0.00945738
-6.5476e-05
0.00948451
-5.9862e-05
0.00950573
-5.45755e-05
0.00952191
-4.95905e-05
0.00953386
-4.48785e-05
0.00954232
-4.04098e-05
0.00954796
-3.61548e-05
0.00955135
-3.20847e-05
0.00955303
-2.81727e-05
0.00955343
-2.43937e-05
0.00955294
-2.07247e-05
0.00955188
-1.71451e-05
0.00955052
-1.36364e-05
0.00954908
-1.0182e-05
0.00954772
-6.7669e-06
0.0095466
-3.37719e-06
0.0095458
0.00954538
-0.000165794
0.000156342
-0.000173182
-0.000178523
-0.000181876
-0.000183333
-0.000183023
-0.000181098
-0.000177733
-0.000173117
-0.000167444
-0.000160914
-0.000153717
-0.00014604
-0.000138051
-0.000129903
-0.000121731
-0.000113649
-0.000105747
-9.80992e-05
-9.07568e-05
-8.37547e-05
-7.71119e-05
-7.08338e-05
-6.49152e-05
-5.93416e-05
-5.40927e-05
-4.91431e-05
-4.4465e-05
-4.00293e-05
-3.58071e-05
-3.17699e-05
-2.7891e-05
-2.41454e-05
-2.05105e-05
-1.69656e-05
-1.34921e-05
-1.00733e-05
-6.6942e-06
-3.34089e-06
0.00213522
0.000152801
0.00214319
0.00015058
0.000148406
0.00211197
0.000147293
0.0021197
0.000145064
0.0021274
0.000142884
0.000140751
0.00209671
0.000139747
0.00210421
0.000137567
0.00211166
0.000135434
0.000133345
0.00208152
0.000132407
0.0020888
0.00013028
0.00209604
0.000128199
0.00206644
0.000125243
0.00207355
0.000123176
0.000121152
0.00205157
0.000118231
0.00205851
0.000116229
0.000114269
0.00203696
0.000111347
0.00204377
0.000109415
0.000107524
0.00202269
0.000104568
0.00202939
0.000102712
0.000100896
0.00200882
9.78742e-05
0.00201543
9.61009e-05
9.43649e-05
0.00199543
9.12479e-05
0.00200197
8.95625e-05
8.79124e-05
0.00198259
8.46729e-05
0.00198907
8.30809e-05
8.15223e-05
0.00197035
7.81353e-05
0.00197679
7.66422e-05
7.51804e-05
0.00195878
7.16232e-05
0.00196519
7.02341e-05
6.88741e-05
0.00194795
6.51265e-05
0.00195434
6.38464e-05
6.25931e-05
0.00193791
5.86371e-05
0.00194428
5.74707e-05
5.63287e-05
0.00192871
5.21487e-05
0.00193508
5.11003e-05
5.00738e-05
0.0019204
4.56566e-05
0.00192677
4.47302e-05
4.3823e-05
0.00191303
3.91577e-05
0.0019194
3.83568e-05
3.75725e-05
0.00190663
3.26503e-05
0.00191301
3.1978e-05
3.13196e-05
0.00190125
2.61338e-05
0.00190763
2.55928e-05
2.50629e-05
0.00189691
1.96089e-05
0.0019033
1.92011e-05
1.88019e-05
0.00189363
1.30767e-05
0.00190002
1.2804e-05
1.25369e-05
0.00189143
6.53944e-06
0.00189783
6.40282e-06
6.26903e-06
0.00189033
0.00189673
)
;

boundaryField
{
    inlet
    {
        type            calculated;
        value           nonuniform 0();
    }
    outlet
    {
        type            calculated;
        value           nonuniform 0();
    }
    cylinder
    {
        type            calculated;
        value           nonuniform 0();
    }
    top
    {
        type            symmetryPlane;
        value           uniform 0;
    }
    bottom
    {
        type            symmetryPlane;
        value           uniform 0;
    }
    defaultFaces
    {
        type            empty;
        value           nonuniform 0();
    }
    procBoundary58to57
    {
        type            processor;
        value           nonuniform List<scalar> 
131
(
-0.00188379
-0.00188489
-0.00188709
-0.00189038
-0.00189473
-0.00190012
-0.00190653
-0.00191391
-0.00192222
-0.00193142
-0.00194145
-0.00195227
-0.00196381
-0.00197601
-0.00198881
-0.00200213
-0.00201591
-0.00203007
-0.00204456
-0.00205928
-0.00207417
-0.00208917
-0.00210419
-0.000155073
-0.00212721
-0.00628403
-0.00649384
-0.00671079
-0.00693169
-0.00715348
-0.00737328
-0.00758844
-0.00779661
-0.00799575
-0.00818417
-0.00836052
-0.00852383
-0.00867347
-0.00880914
-0.00893084
-0.00903883
-0.0091336
-0.00921583
-0.00928632
-0.009346
-0.00939584
-0.00943687
-0.00947009
-0.00949648
-0.009517
-0.00953252
-0.00954387
-0.00955178
-0.00955693
-0.0095599
-0.0095612
-0.00956129
-0.00956053
-0.00955925
-0.00955772
-0.00955613
-0.00955467
-0.00955347
-0.00955261
-0.00955217
-0.00955608
-0.00955563
-0.00628403
-0.00649384
-0.00671079
-0.00693169
-0.00715348
-0.00737328
-0.00758844
-0.00779661
-0.00799576
-0.00818417
-0.00836052
-0.00852383
-0.00867347
-0.00880914
-0.00893084
-0.00903883
-0.0091336
-0.00921583
-0.00928632
-0.009346
-0.00939584
-0.00943687
-0.00947009
-0.00949648
-0.009517
-0.00953252
-0.00954387
-0.00955178
-0.00955693
-0.0095599
-0.0095612
-0.00956129
-0.00956053
-0.00955926
-0.00955772
-0.00955613
-0.00955467
6.92848e-06
-0.00955347
-0.00212721
-0.000155072
-0.00210419
-0.00208917
-0.00207417
-0.00205928
-0.00204456
-0.00203007
-0.00201591
-0.00200213
-0.00198881
-0.00197601
-0.00196381
-0.00195227
-0.00194145
-0.00193142
-0.00192222
-0.00191391
-0.00190653
-0.00190012
-0.00189473
-0.00189038
-0.00188709
-0.00188489
-0.00188379
)
;
    }
    procBoundary58to59
    {
        type            processor;
        value           nonuniform List<scalar> 
130
(
0.001903
0.0019041
0.00190629
0.00190956
0.00191389
0.00191926
0.00192565
0.00193302
0.00194133
0.00195055
0.00196062
0.0019715
0.00198313
0.00199546
0.00200842
0.00202196
0.00203602
0.00205052
0.0020654
0.00208059
0.000126162
0.00210322
0.00211907
0.00213505
0.00215112
0.00631263
0.00651615
0.00672686
0.0069417
0.00715772
0.00737215
0.00758241
0.00778622
0.00798157
0.00816679
0.00834055
0.00850187
0.00865007
0.00878482
0.00890606
0.009014
0.00910907
0.00919186
0.00926314
0.00932376
0.00937465
0.00941678
0.0094511
0.00947859
0.00950015
0.00951666
0.00952891
0.00953764
0.00954352
0.00954713
0.00954899
0.00954955
0.00954919
0.00954825
0.00954697
0.0095456
0.00954431
0.00954322
0.00954244
0.00954204
0.00631263
0.00651615
0.00672686
0.0069417
0.00715772
0.00737215
0.00758241
0.00778622
0.00798157
0.00816679
0.00834055
0.00850187
0.00865007
0.00878482
0.00890606
0.00901401
0.00910907
0.00919186
0.00926314
0.00932376
0.00937465
0.00941678
0.0094511
0.00947859
0.00950015
0.00951666
0.00952891
0.00953764
0.00954352
0.00954713
0.00954899
0.00954955
0.00954919
0.00954825
0.00954697
0.0095456
0.00954431
0.00954322
0.00954244
0.00954204
0.00215112
0.00213506
0.00211907
0.00210322
0.000126161
0.00208059
0.0020654
0.00205052
0.00203602
0.00202196
0.00200842
0.00199546
0.00198313
0.0019715
0.00196062
0.00195055
0.00194133
0.00193302
0.00192565
0.00191926
0.00191389
0.00190956
0.00190629
0.0019041
0.001903
)
;
    }
}


// ************************************************************************* //
