/*--------------------------------*- C++ -*----------------------------------*\
  =========                 |
  \\      /  F ield         | OpenFOAM: The Open Source CFD Toolbox
   \\    /   O peration     | Website:  https://openfoam.org
    \\  /    A nd           | Version:  7
     \\/     M anipulation  |
\*---------------------------------------------------------------------------*/
FoamFile
{
    version     2.0;
    format      ascii;
    class       labelList;
    note        "nPoints: 2364 nCells: 928 nFaces: 3964 nInternalFaces: 1604";
    location    "constant/polyMesh";
    object      neighbour;
}
// * * * * * * * * * * * * * * * * * * * * * * * * * * * * * * * * * * * * * //


1604
(
1
4
5
461
3
8
4
9
5
10
11
505
7
14
8
15
9
16
10
17
11
18
19
565
13
21
14
22
15
23
16
24
17
25
18
26
19
625
21
29
22
30
23
31
24
32
25
33
26
34
28
37
29
38
30
39
31
40
32
41
33
42
34
36
44
37
45
38
46
39
47
40
48
41
49
42
50
44
53
45
54
46
55
47
56
48
57
49
58
50
59
52
61
53
62
54
63
55
64
56
65
57
66
58
67
59
61
70
62
71
63
72
64
73
65
74
66
75
67
76
69
78
70
79
71
80
72
81
73
82
74
83
75
84
76
85
78
88
79
89
80
90
81
91
82
92
83
93
84
94
85
87
96
88
97
89
98
90
99
91
100
92
101
93
102
94
103
96
105
97
106
98
107
99
108
100
109
101
110
102
111
103
112
105
114
106
115
107
116
108
117
109
118
110
119
111
120
112
121
114
124
115
125
116
126
117
127
118
128
119
129
120
130
121
131
123
133
124
134
125
135
126
136
127
137
128
138
129
139
130
140
131
141
133
143
134
144
135
145
136
146
137
147
138
148
139
149
140
150
141
151
143
153
144
154
145
155
146
156
147
157
148
158
149
159
150
160
151
161
153
162
154
163
155
164
156
165
157
166
158
167
159
168
160
169
161
170
163
171
164
172
165
173
166
174
167
175
168
176
169
177
170
178
179
172
180
173
181
174
182
175
183
176
184
177
185
178
186
179
187
181
188
182
189
183
190
184
191
185
192
186
193
187
194
189
195
190
196
191
197
192
198
193
199
194
200
196
201
197
202
198
203
199
204
200
205
202
206
203
207
204
208
205
209
210
207
211
208
212
209
213
210
214
212
215
213
216
214
217
218
216
219
217
220
218
221
220
222
221
223
223
224
225
225
226
227
228
230
231
232
233
234
234
235
236
236
237
238
238
240
239
241
242
241
244
242
245
243
246
247
245
248
246
249
247
250
251
249
253
250
254
251
255
252
256
257
254
259
255
260
256
261
257
262
258
263
264
260
265
261
266
262
267
263
268
264
269
270
266
272
267
273
268
274
269
275
270
276
271
277
278
273
280
274
281
275
282
276
283
277
284
278
285
279
286
287
281
289
282
290
283
291
284
292
285
293
286
294
287
295
288
296
297
290
298
291
299
292
300
293
301
294
302
295
303
296
304
297
305
306
299
300
308
301
309
302
310
303
311
304
312
305
313
306
314
307
315
316
309
310
318
311
319
312
320
313
321
314
322
315
323
316
324
317
325
326
319
320
328
321
329
322
330
323
331
324
332
325
333
326
334
327
335
336
329
330
331
338
332
339
333
340
334
341
335
342
336
343
337
344
345
339
340
347
341
348
342
349
343
350
344
351
345
352
346
353
354
348
349
356
350
357
351
358
352
359
353
360
354
361
355
362
363
357
358
359
365
360
366
361
367
362
368
363
369
364
370
371
366
367
374
368
375
369
376
370
377
371
378
372
379
373
380
381
375
376
383
377
384
378
385
379
386
380
387
381
388
382
389
390
384
385
386
392
387
393
388
394
389
395
390
396
391
397
398
393
394
400
395
401
396
402
397
403
398
404
399
405
406
401
402
403
409
404
410
405
411
406
412
407
413
408
414
415
410
411
417
412
418
413
419
414
420
415
421
416
422
423
418
419
420
426
421
427
422
428
423
429
424
430
425
431
432
427
428
429
434
430
435
431
436
432
437
433
438
439
435
436
437
442
438
443
439
444
440
445
441
446
447
443
444
449
445
450
446
451
447
452
448
453
454
716
450
451
452
455
453
456
454
457
458
776
456
457
458
459
460
836
460
896
462
505
463
506
464
507
465
508
466
509
467
510
468
511
469
512
470
513
471
514
472
515
473
516
474
517
475
518
476
519
477
520
478
521
479
522
480
523
481
524
482
525
483
526
484
527
485
528
486
529
487
530
488
531
489
532
490
533
491
534
492
535
493
536
494
537
495
538
496
539
497
540
498
541
499
542
500
543
501
544
502
545
503
546
504
547
548
506
565
507
566
508
567
509
568
510
569
511
570
512
571
513
572
514
573
515
574
516
575
517
576
518
577
519
578
520
579
521
580
522
581
523
582
524
583
525
584
526
585
527
586
528
587
529
588
530
589
531
590
532
591
533
592
534
593
535
594
536
595
537
596
538
597
539
598
540
599
541
600
542
601
543
602
544
603
545
604
546
605
547
606
548
607
549
608
550
609
551
610
552
611
553
612
554
613
555
614
556
615
557
616
558
617
559
618
560
619
561
620
562
621
563
622
564
623
624
566
625
567
626
568
627
569
628
570
629
571
630
572
631
573
632
574
633
575
634
576
635
577
636
578
637
579
638
580
639
581
640
582
641
583
642
584
643
585
644
586
645
587
646
588
647
589
648
590
649
591
650
592
651
593
652
594
653
595
654
596
655
597
656
598
657
599
658
600
659
601
660
602
661
603
662
604
663
605
664
606
665
607
666
608
667
609
668
610
669
611
670
612
671
613
672
614
673
615
674
616
675
617
676
618
677
619
678
620
679
621
680
622
681
623
682
624
683
684
626
627
628
629
630
631
632
633
634
635
636
637
638
639
640
641
642
643
644
645
646
647
648
649
650
651
652
653
654
655
656
657
658
659
660
661
662
663
664
665
666
667
668
669
670
671
672
673
674
675
676
677
685
678
686
679
687
680
688
681
689
682
690
683
691
684
692
693
686
687
688
689
690
691
692
693
695
754
696
755
697
756
698
757
699
758
700
759
701
760
702
761
703
762
704
763
705
764
706
765
707
766
708
767
709
768
710
769
711
770
712
771
713
772
714
773
715
774
775
717
776
718
777
719
778
720
779
721
780
722
781
723
782
724
783
725
784
726
785
727
786
728
787
729
788
730
789
731
790
732
791
733
792
734
793
735
794
736
795
737
796
738
797
739
798
740
799
741
800
742
801
743
802
744
803
745
804
746
805
747
806
748
807
749
808
750
809
751
810
752
811
753
812
754
813
755
814
756
815
757
816
758
817
759
818
760
819
761
820
762
821
763
822
764
823
765
824
766
825
767
826
768
827
769
828
770
829
771
830
772
831
773
832
774
833
775
834
835
777
836
778
837
779
838
780
839
781
840
782
841
783
842
784
843
785
844
786
845
787
846
788
847
789
848
790
849
791
850
792
851
793
852
794
853
795
854
796
855
797
856
798
857
799
858
800
859
801
860
802
861
803
862
804
863
805
864
806
865
807
866
808
867
809
868
810
869
811
870
812
871
813
872
814
873
815
874
816
875
817
876
818
877
819
878
820
879
821
880
822
881
823
882
824
883
825
884
826
885
827
886
828
887
829
888
830
889
831
890
832
891
833
892
834
893
835
894
895
837
896
838
897
839
898
840
899
841
900
842
901
843
902
844
903
845
904
846
905
847
906
848
907
849
908
850
909
851
910
852
911
853
912
854
913
855
914
856
915
857
916
858
917
859
918
860
919
861
920
862
921
863
922
864
923
865
924
866
925
867
926
868
927
869
870
871
872
873
874
875
876
877
878
879
880
881
882
883
884
885
886
887
888
889
890
891
892
893
894
895
897
898
899
900
901
902
903
904
905
906
907
908
909
910
911
912
913
914
915
916
917
918
919
920
921
922
923
924
925
926
927
)


// ************************************************************************* //
