/*--------------------------------*- C++ -*----------------------------------*\
  =========                 |
  \\      /  F ield         | OpenFOAM: The Open Source CFD Toolbox
   \\    /   O peration     | Website:  https://openfoam.org
    \\  /    A nd           | Version:  7
     \\/     M anipulation  |
\*---------------------------------------------------------------------------*/
FoamFile
{
    version     2.0;
    format      ascii;
    class       surfaceScalarField;
    location    "65";
    object      phi;
}
// * * * * * * * * * * * * * * * * * * * * * * * * * * * * * * * * * * * * * //

dimensions      [0 3 -1 0 0 0 0];

internalField   nonuniform List<scalar> 
1668
(
0.00157028
-1.96198e-06
2.00092e-11
0.00157222
-1.93807e-06
2.0077e-11
0.00157413
-1.91399e-06
2.01148e-11
0.00157602
-1.88974e-06
2.01231e-11
-1.86532e-06
2.01032e-11
0.00157085
-3.925e-06
0.00157279
-3.87725e-06
0.00157471
-3.82917e-06
0.0015766
-3.78073e-06
-3.73197e-06
0.00157199
-5.89016e-06
0.00157393
-5.81871e-06
0.00157585
-5.74677e-06
0.00157775
-5.6743e-06
-5.60136e-06
0.0015737
-7.85858e-06
0.00157565
-7.76365e-06
0.00157757
-7.66807e-06
0.00157947
-7.57179e-06
-7.4749e-06
0.00157597
-9.83147e-06
0.00157792
-9.71333e-06
0.00157985
-9.59441e-06
0.00158175
-9.47462e-06
-9.35408e-06
0.0015788
-1.18101e-05
0.00158076
-1.16691e-05
0.00158269
-1.15272e-05
0.0015846
-1.13843e-05
-1.12405e-05
0.00158219
-1.3796e-05
0.00158415
-1.36326e-05
0.00158609
-1.34681e-05
0.00158801
-1.33025e-05
-1.31358e-05
0.00158612
-1.57906e-05
0.00158809
-1.56052e-05
0.00159004
-1.54187e-05
0.00159197
-1.52308e-05
-1.50419e-05
0.00159058
-1.77957e-05
0.00159257
-1.75889e-05
0.00159453
-1.73808e-05
0.00159647
-1.71714e-05
-1.69607e-05
0.00159558
-1.98133e-05
0.00159757
-1.95856e-05
0.00159955
-1.93566e-05
0.0016015
-1.91261e-05
-1.88944e-05
0.00160109
-2.18453e-05
0.0016031
-2.15975e-05
0.00160509
-2.13482e-05
0.00160706
-2.10974e-05
-2.08452e-05
0.00160711
-2.38943e-05
0.00160914
-2.36269e-05
0.00161115
-2.33581e-05
0.00161314
-2.30876e-05
-2.28158e-05
0.00161362
-2.59627e-05
0.00161567
-2.56765e-05
0.0016177
-2.53889e-05
0.00161971
-2.50996e-05
-2.4809e-05
0.00162062
-2.80534e-05
0.00162269
-2.77493e-05
0.00162474
-2.74436e-05
0.00162678
-2.71363e-05
-2.68276e-05
0.00162808
-3.01695e-05
0.00163017
-2.98482e-05
0.00163226
-2.95254e-05
0.00163432
-2.92009e-05
-2.8875e-05
0.00163599
-3.23145e-05
0.00163811
-3.19768e-05
0.00164023
-3.16376e-05
0.00164232
-3.12968e-05
-3.09547e-05
0.00164433
-3.44919e-05
0.00164649
-3.41387e-05
0.00164864
-3.37841e-05
0.00165077
-3.34279e-05
0.00165289
-3.30705e-05
-3.27129e-05
0.0016531
-3.67058e-05
0.0016553
-3.6338e-05
0.00165748
-3.59688e-05
0.00165965
-3.55981e-05
0.00166181
-3.52263e-05
-3.48545e-05
0.00166227
-3.89604e-05
0.00166451
-3.85789e-05
0.00166673
-3.8196e-05
0.00166895
-3.78119e-05
0.00167115
-3.74266e-05
-3.70415e-05
0.00167182
-4.12604e-05
0.0016741
-4.0866e-05
0.00167638
-4.04705e-05
0.00167864
-4.00737e-05
0.00168089
-3.9676e-05
-3.92786e-05
0.00168173
-4.36105e-05
0.00168407
-4.32042e-05
0.0016864
-4.27969e-05
0.00168871
-4.23885e-05
0.00169101
-4.19794e-05
-4.15706e-05
0.00169199
-4.60161e-05
0.00169439
-4.55988e-05
0.00169677
-4.51807e-05
0.00169915
-4.47616e-05
0.00170151
-4.43419e-05
-4.39229e-05
0.00170258
-4.84827e-05
0.00170504
-4.80553e-05
0.00170749
-4.76272e-05
0.00170992
-4.71983e-05
0.00171235
-4.67692e-05
-4.63408e-05
0.00171348
-5.1016e-05
0.001716
-5.05794e-05
0.00171852
-5.01423e-05
0.00172103
-4.97046e-05
0.00172352
-4.92669e-05
-4.88302e-05
0.00172466
0.00172726
-5.31773e-05
0.00172985
-5.2732e-05
0.00173243
-5.22865e-05
0.00173501
-5.18411e-05
-5.13971e-05
0.00173879
-5.58553e-05
0.00174146
-5.54028e-05
0.00174413
-5.49502e-05
0.00174678
-5.44981e-05
-5.40477e-05
0.00175058
-5.86202e-05
0.00175333
-5.81613e-05
0.00175609
-5.77026e-05
0.00175883
-5.72445e-05
-5.67886e-05
0.00176259
-6.1479e-05
0.00176545
-6.10145e-05
0.00176829
-6.05504e-05
0.00177114
-6.00872e-05
-5.96265e-05
0.00177482
-6.44388e-05
0.00177778
-6.39695e-05
0.00178073
-6.35007e-05
0.00178367
-6.30332e-05
-6.25685e-05
0.00178724
-6.75071e-05
0.00179031
-6.70338e-05
0.00179337
-6.65611e-05
0.00179642
-6.609e-05
-6.56218e-05
0.00425153
-7.0525e-05
0.00425454
-7.00433e-05
0.00425754
-6.95626e-05
0.00426053
-6.90835e-05
-6.86073e-05
0.00433195
-7.31618e-05
0.00433458
-7.26753e-05
0.00433721
-7.21902e-05
0.00433983
-7.17067e-05
-7.12261e-05
0.00441493
-7.54154e-05
0.00441718
-7.49277e-05
0.00441943
-7.44417e-05
0.00442168
-7.39576e-05
-7.34767e-05
0.00449992
-7.72868e-05
0.0045018
-7.68014e-05
0.00450367
-7.63181e-05
0.00450555
-7.58371e-05
-7.53598e-05
0.00458641
-7.87802e-05
0.00458791
-7.83004e-05
0.00458941
-7.78232e-05
0.00459092
-7.73489e-05
-7.68785e-05
0.00467387
-7.99029e-05
0.004675
-7.94319e-05
0.00467614
-7.89639e-05
0.00467729
-7.84993e-05
-7.80392e-05
0.00476179
-8.06651e-05
0.00476256
-8.02056e-05
0.00476335
-7.97497e-05
0.00476414
-7.92977e-05
-7.88507e-05
0.00484968
-8.10796e-05
0.00485011
-8.06341e-05
0.00485056
-8.01928e-05
0.00485101
-7.9756e-05
-7.93245e-05
0.00493709
-8.11615e-05
0.00493719
-8.07324e-05
0.0049373
-8.03078e-05
0.00493744
-7.98883e-05
-7.94747e-05
0.00502356
-8.09283e-05
0.00502335
-8.05173e-05
0.00502315
-8.01115e-05
0.00502297
-7.97111e-05
-7.93171e-05
0.00510869
-8.0399e-05
0.00510818
-8.00078e-05
0.00510769
-7.96222e-05
0.00510722
-7.92426e-05
-7.88697e-05
0.00519208
-7.95943e-05
0.0051913
-7.92242e-05
0.00519054
-7.88601e-05
0.0051898
-7.85024e-05
-7.81519e-05
0.0052734
-7.85362e-05
0.00527236
-7.8188e-05
0.00527135
-7.78464e-05
0.00527036
-7.75116e-05
-7.71843e-05
0.00535233
-7.72473e-05
0.00535106
-7.69218e-05
0.00534982
-7.66032e-05
0.0053486
-7.62919e-05
-7.59884e-05
0.00542859
-7.57509e-05
0.00542711
-7.54485e-05
0.00542566
-7.51533e-05
0.00542424
-7.48657e-05
-7.45864e-05
0.00550194
-7.40706e-05
0.00550029
-7.37913e-05
0.00549865
-7.35196e-05
0.00549704
-7.32559e-05
-7.30006e-05
0.00557219
-7.22299e-05
0.00557038
-7.19736e-05
0.00556858
-7.17252e-05
0.00556681
-7.1485e-05
-7.12536e-05
0.00563918
-7.02518e-05
0.00563722
-7.00181e-05
0.00563529
-6.97926e-05
0.00563338
-6.95756e-05
-6.93675e-05
0.00570276
-6.8159e-05
0.00570069
-6.79473e-05
0.00569865
-6.77441e-05
0.00569662
-6.75495e-05
-6.73641e-05
0.00576287
-6.59731e-05
0.0057607
-6.57827e-05
0.00575856
-6.56009e-05
0.00575644
-6.54279e-05
-6.52643e-05
0.00581943
-6.37148e-05
0.00581719
-6.35447e-05
0.00581498
-6.33834e-05
0.00581278
-6.32311e-05
-6.30882e-05
0.00587243
-6.14035e-05
0.00587014
-6.12528e-05
0.00586786
-6.11108e-05
0.00586561
-6.0978e-05
-6.08547e-05
0.00592187
-5.90575e-05
0.00591954
-5.89249e-05
0.00591723
-5.88011e-05
0.00591494
-5.86866e-05
-5.85816e-05
0.00596779
-5.66932e-05
0.00596544
-5.65776e-05
0.00596311
-5.64708e-05
0.0059608
-5.63733e-05
-5.62853e-05
0.00601024
-5.4326e-05
0.00600789
-5.4226e-05
0.00600555
-5.41349e-05
0.00600323
-5.4053e-05
-5.39806e-05
0.00604931
-5.19693e-05
0.00604697
-5.18836e-05
0.00604464
-5.18068e-05
0.00604233
-5.17392e-05
-5.1681e-05
0.00608511
-4.9635e-05
0.00608279
-4.95624e-05
0.00608048
-4.94986e-05
0.00607818
-4.94438e-05
-4.93985e-05
0.00611774
-4.73335e-05
0.00611545
-4.72727e-05
0.00611317
-4.72205e-05
0.00611091
-4.71773e-05
-4.71434e-05
0.00614735
-4.50737e-05
0.0061451
-4.50233e-05
0.00614286
-4.49815e-05
0.00614063
-4.49485e-05
-4.49246e-05
0.00617407
-4.28627e-05
0.00617187
-4.28215e-05
0.00616968
-4.27888e-05
0.00616749
-4.27648e-05
-4.27497e-05
0.00619807
-4.07064e-05
0.00619592
-4.06733e-05
0.00619378
-4.06485e-05
0.00619165
-4.06322e-05
-4.06246e-05
0.0062195
-3.86093e-05
0.00621741
-3.85832e-05
0.00621532
-3.85652e-05
0.00621325
-3.85555e-05
-3.85542e-05
0.00623852
-3.65747e-05
0.00623649
-3.65546e-05
0.00623447
-3.65423e-05
0.00623245
-3.65381e-05
-3.65421e-05
0.00625531
-3.46046e-05
0.00625334
-3.45895e-05
0.00625138
-3.4582e-05
0.00624943
-3.45823e-05
-3.45906e-05
0.00627003
-3.27001e-05
0.00626812
-3.26891e-05
0.00626623
-3.26855e-05
0.00626434
-3.26895e-05
-3.27011e-05
0.00628284
-3.08613e-05
0.006281
-3.08537e-05
0.00627917
-3.08532e-05
0.00627734
-3.086e-05
-3.08742e-05
0.0062939
-2.90876e-05
0.00629213
-2.90826e-05
0.00629036
-2.90846e-05
0.0062886
-2.90935e-05
-2.91096e-05
0.00630338
-2.73776e-05
0.00630167
-2.73747e-05
0.00629997
-2.73785e-05
0.00629826
-2.7389e-05
-2.74062e-05
0.00631143
-2.57294e-05
0.00630978
-2.57281e-05
0.00630814
-2.57332e-05
0.00630649
-2.57446e-05
-2.57625e-05
0.00631818
-2.41406e-05
0.0063166
-2.41405e-05
0.00631501
-2.41464e-05
0.00631342
-2.41583e-05
-2.41765e-05
0.00632379
-2.26085e-05
0.00632226
-2.26091e-05
0.00632073
-2.26155e-05
0.0063192
-2.26276e-05
-2.26456e-05
0.00632838
-2.113e-05
0.0063269
-2.11311e-05
0.00632542
-2.11376e-05
0.00632395
-2.11496e-05
-2.1167e-05
0.00633207
-1.97018e-05
0.00633064
-1.97032e-05
0.00632922
-1.97096e-05
0.00632779
-1.97212e-05
-1.97379e-05
0.00633498
-1.83207e-05
0.0063336
-1.83221e-05
0.00633222
-1.83282e-05
0.00633084
-1.83392e-05
-1.8355e-05
0.00633722
-1.6983e-05
0.00633589
-1.69844e-05
0.00633455
-1.69901e-05
0.00633321
-1.70004e-05
-1.70152e-05
0.00633889
-1.56855e-05
0.00633759
-1.56866e-05
0.00633629
-1.56919e-05
0.00633499
-1.57014e-05
-1.5715e-05
0.00634007
-1.44246e-05
0.00633881
-1.44255e-05
0.00633755
-1.44303e-05
0.00633628
-1.44389e-05
-1.44513e-05
0.00634085
-1.3197e-05
0.00633962
-1.31977e-05
0.00633839
-1.32019e-05
0.00633716
-1.32096e-05
-1.32208e-05
0.0063413
-1.19995e-05
0.0063401
-1.19999e-05
0.00633891
-1.20035e-05
0.00633771
-1.20103e-05
-1.20204e-05
0.0063415
-1.08288e-05
0.00634033
-1.0829e-05
0.00633915
-1.0832e-05
0.00633798
-1.0838e-05
-1.08469e-05
0.00634149
-9.68199e-06
0.00634035
-9.68193e-06
0.0063392
-9.68449e-06
0.00633805
-9.68966e-06
-9.69745e-06
0.00634135
-8.55614e-06
0.00634022
-8.55592e-06
0.0063391
-8.55801e-06
0.00633797
-8.56242e-06
-8.56914e-06
0.00634111
-7.44852e-06
0.00634
-7.44818e-06
0.00633889
-7.44986e-06
0.00633778
-7.45355e-06
-7.45926e-06
0.00634081
-6.3565e-06
0.00633971
-6.35609e-06
0.00633862
-6.35741e-06
0.00633753
-6.36045e-06
-6.36521e-06
0.00634049
-5.2776e-06
0.00633941
-5.27718e-06
0.00633833
-5.27818e-06
0.00633725
-5.28062e-06
-5.28448e-06
0.00634018
-4.20946e-06
0.00633911
-4.20905e-06
0.00633804
-4.20979e-06
0.00633697
-4.21166e-06
-4.21468e-06
0.0063399
-3.14978e-06
0.00633884
-3.14944e-06
0.00633778
-3.14995e-06
0.00633672
-3.1513e-06
-3.15351e-06
0.00633968
-2.09639e-06
0.00633862
-2.09614e-06
0.00633757
-2.09645e-06
0.00633652
-2.09732e-06
-2.09875e-06
0.00633952
-1.04716e-06
0.00633847
-1.04702e-06
0.00633742
-1.04717e-06
0.00633637
-1.04758e-06
-1.04827e-06
0.00633944
0.00633839
0.00633734
0.0063363
-1.20023e-05
0.0063425
-1.08316e-05
0.00634267
-9.68464e-06
0.00634264
-8.55866e-06
0.00634247
-7.45086e-06
0.00634221
-6.35862e-06
0.0063419
-5.27946e-06
0.00634157
-4.211e-06
0.00634125
-3.15097e-06
0.00634096
-2.09721e-06
0.00634073
-1.04757e-06
0.00634057
0.00634049
-7.05249e-05
0.00425153
6.75071e-05
-7.31618e-05
0.00433195
-7.54154e-05
0.00441493
-7.72867e-05
0.00449992
-7.87801e-05
0.00458641
-7.99028e-05
0.00467387
-8.06651e-05
0.00476179
-8.10795e-05
0.00484968
-8.11615e-05
0.00493709
-8.09282e-05
0.00502356
-8.03989e-05
0.00510869
-7.95943e-05
0.00519208
-7.85361e-05
0.0052734
-7.72472e-05
0.00535233
-7.57509e-05
0.00542859
-7.40706e-05
0.00550194
-7.22299e-05
0.00557219
-7.02518e-05
0.00563918
-6.8159e-05
0.00570276
-6.59731e-05
0.00576287
-6.37148e-05
0.00581943
-6.14035e-05
0.00587243
-5.90574e-05
0.00592187
-5.66932e-05
0.00596779
-5.4326e-05
0.00601024
-5.19692e-05
0.00604931
-4.9635e-05
0.00608511
-4.73335e-05
0.00611774
-4.50737e-05
0.00614735
-4.28627e-05
0.00617407
-4.07064e-05
0.00619807
-3.86093e-05
0.0062195
-3.65747e-05
0.00623852
-3.46046e-05
0.00625531
-3.27001e-05
0.00627003
-3.08613e-05
0.00628284
-2.90875e-05
0.0062939
-2.73775e-05
0.00630338
-2.57293e-05
0.00631143
-2.41406e-05
0.00631818
-2.26085e-05
0.00632379
-2.113e-05
0.00632838
-1.97018e-05
0.00633207
-1.83207e-05
0.00633498
-1.6983e-05
0.00633722
-1.56855e-05
0.00633889
-1.44246e-05
0.00634007
-1.3197e-05
0.00634085
-1.19995e-05
0.0063413
-1.08288e-05
0.0063415
-9.68199e-06
0.00634149
-8.55614e-06
0.00634135
-7.44851e-06
0.00634111
-6.3565e-06
0.00634081
-5.2776e-06
0.00634049
-4.20945e-06
0.00634018
-3.14978e-06
0.0063399
-2.09639e-06
0.00633968
-1.04716e-06
0.00633952
0.00633944
-7.00432e-05
0.00425454
6.70337e-05
-7.26753e-05
0.00433458
-7.49277e-05
0.00441718
-7.68013e-05
0.0045018
-7.83004e-05
0.00458791
-7.94318e-05
0.004675
-8.02056e-05
0.00476256
-8.06341e-05
0.00485011
-8.07323e-05
0.00493719
-8.05173e-05
0.00502335
-8.00078e-05
0.00510818
-7.92241e-05
0.0051913
-7.8188e-05
0.00527236
-7.69218e-05
0.00535106
-7.54484e-05
0.00542711
-7.37913e-05
0.00550029
-7.19736e-05
0.00557038
-7.00181e-05
0.00563722
-6.79473e-05
0.00570069
-6.57827e-05
0.0057607
-6.35447e-05
0.00581719
-6.12528e-05
0.00587014
-5.89248e-05
0.00591954
-5.65776e-05
0.00596544
-5.4226e-05
0.00600789
-5.18836e-05
0.00604697
-4.95624e-05
0.00608279
-4.72726e-05
0.00611545
-4.50233e-05
0.0061451
-4.28215e-05
0.00617187
-4.06733e-05
0.00619592
-3.85832e-05
0.00621741
-3.65545e-05
0.00623649
-3.45894e-05
0.00625334
-3.26891e-05
0.00626812
-3.08537e-05
0.006281
-2.90826e-05
0.00629213
-2.73747e-05
0.00630167
-2.57281e-05
0.00630978
-2.41405e-05
0.0063166
-2.26091e-05
0.00632226
-2.11311e-05
0.0063269
-1.97032e-05
0.00633064
-1.83221e-05
0.0063336
-1.69844e-05
0.00633589
-1.56866e-05
0.00633759
-1.44255e-05
0.00633881
-1.31977e-05
0.00633962
-1.19999e-05
0.0063401
-1.0829e-05
0.00634033
-9.68193e-06
0.00634035
-8.55592e-06
0.00634022
-7.44817e-06
0.00634
-6.35609e-06
0.00633971
-5.27718e-06
0.00633941
-4.20905e-06
0.00633911
-3.14944e-06
0.00633884
-2.09614e-06
0.00633862
-1.04702e-06
0.00633847
0.00633839
-6.95626e-05
0.00425754
6.65611e-05
-7.21901e-05
0.00433721
-7.44416e-05
0.00441943
-7.6318e-05
0.00450367
-7.78232e-05
0.00458941
-7.89638e-05
0.00467614
-7.97497e-05
0.00476335
-8.01928e-05
0.00485056
-8.03078e-05
0.0049373
-8.01114e-05
0.00502315
-7.96222e-05
0.00510769
-7.88601e-05
0.00519054
-7.78463e-05
0.00527135
-7.66032e-05
0.00534982
-7.51533e-05
0.00542566
-7.35196e-05
0.00549865
-7.17251e-05
0.00556858
-6.97926e-05
0.00563529
-6.7744e-05
0.00569865
-6.56008e-05
0.00575856
-6.33834e-05
0.00581498
-6.11108e-05
0.00586786
-5.88011e-05
0.00591723
-5.64708e-05
0.00596311
-5.41349e-05
0.00600555
-5.18068e-05
0.00604464
-4.94985e-05
0.00608048
-4.72205e-05
0.00611317
-4.49814e-05
0.00614286
-4.27888e-05
0.00616968
-4.06485e-05
0.00619378
-3.85652e-05
0.00621532
-3.65423e-05
0.00623447
-3.4582e-05
0.00625138
-3.26855e-05
0.00626623
-3.08532e-05
0.00627917
-2.90846e-05
0.00629036
-2.73785e-05
0.00629997
-2.57332e-05
0.00630814
-2.41463e-05
0.00631501
-2.26155e-05
0.00632073
-2.11376e-05
0.00632542
-1.97096e-05
0.00632922
-1.83282e-05
0.00633222
-1.69901e-05
0.00633455
-1.56919e-05
0.00633629
-1.44303e-05
0.00633755
-1.32019e-05
0.00633839
-1.20035e-05
0.00633891
-1.0832e-05
0.00633915
-9.68448e-06
0.0063392
-8.55801e-06
0.0063391
-7.44985e-06
0.00633889
-6.35741e-06
0.00633862
-5.27818e-06
0.00633833
-4.20979e-06
0.00633804
-3.14994e-06
0.00633778
-2.09645e-06
0.00633757
-1.04717e-06
0.00633742
0.00633734
-6.90835e-05
0.00426053
6.60899e-05
-7.17067e-05
0.00433983
-7.39576e-05
0.00442168
-7.58371e-05
0.00450555
-7.73488e-05
0.00459092
-7.84993e-05
0.00467729
-7.92977e-05
0.00476414
-7.97559e-05
0.00485101
-7.98883e-05
0.00493744
-7.97111e-05
0.00502297
-7.92426e-05
0.00510722
-7.85024e-05
0.0051898
-7.75116e-05
0.00527036
-7.62918e-05
0.0053486
-7.48657e-05
0.00542424
-7.32558e-05
0.00549704
-7.1485e-05
0.00556681
-6.95755e-05
0.00563338
-6.75494e-05
0.00569662
-6.54279e-05
0.00575644
-6.3231e-05
0.00581278
-6.0978e-05
0.00586561
-5.86866e-05
0.00591494
-5.63733e-05
0.0059608
-5.4053e-05
0.00600323
-5.17392e-05
0.00604233
-4.94438e-05
0.00607818
-4.71773e-05
0.00611091
-4.49485e-05
0.00614063
-4.27648e-05
0.00616749
-4.06322e-05
0.00619165
-3.85555e-05
0.00621325
-3.65381e-05
0.00623245
-3.45823e-05
0.00624943
-3.26895e-05
0.00626434
-3.086e-05
0.00627734
-2.90935e-05
0.0062886
-2.7389e-05
0.00629826
-2.57446e-05
0.00630649
-2.41583e-05
0.00631342
-2.26276e-05
0.0063192
-2.11496e-05
0.00632395
-1.97212e-05
0.00632779
-1.83392e-05
0.00633084
-1.70004e-05
0.00633321
-1.57014e-05
0.00633499
-1.44389e-05
0.00633628
-1.32096e-05
0.00633716
-1.20103e-05
0.00633771
-1.0838e-05
0.00633798
-9.68966e-06
0.00633805
-8.56242e-06
0.00633797
-7.45355e-06
0.00633778
-6.36045e-06
0.00633753
-5.28061e-06
0.00633725
-4.21166e-06
0.00633697
-3.1513e-06
0.00633672
-2.09732e-06
0.00633652
-1.04758e-06
0.00633637
0.0063363
-6.86073e-05
6.56218e-05
-7.12261e-05
-7.34767e-05
-7.53597e-05
-7.68785e-05
-7.80392e-05
-7.88507e-05
-7.93245e-05
-7.94746e-05
-7.93171e-05
-7.88697e-05
-7.81519e-05
-7.71843e-05
-7.59884e-05
-7.45864e-05
-7.30006e-05
-7.12536e-05
-6.93675e-05
-6.7364e-05
-6.52642e-05
-6.30881e-05
-6.08547e-05
-5.85816e-05
-5.62853e-05
-5.39806e-05
-5.1681e-05
-4.93985e-05
-4.71433e-05
-4.49246e-05
-4.27496e-05
-4.06246e-05
-3.85542e-05
-3.65421e-05
-3.45906e-05
-3.27011e-05
-3.08742e-05
-2.91096e-05
-2.74062e-05
-2.57625e-05
-2.41765e-05
-2.26455e-05
-2.1167e-05
-1.97379e-05
-1.8355e-05
-1.70152e-05
-1.5715e-05
-1.44513e-05
-1.32208e-05
-1.20204e-05
-1.08469e-05
-9.69745e-06
-8.56914e-06
-7.45926e-06
-6.36521e-06
-5.28447e-06
-4.21467e-06
-3.15351e-06
-2.09875e-06
-1.04827e-06
0.00178724
6.44388e-05
0.00179031
6.39694e-05
0.00179337
6.35007e-05
0.00179642
6.30332e-05
6.25685e-05
0.00177482
6.14789e-05
0.00177778
6.10144e-05
0.00178073
6.05503e-05
0.00178367
6.00872e-05
5.96265e-05
0.00176259
5.86202e-05
0.00176545
5.81613e-05
0.00176829
5.77025e-05
0.00177114
5.72445e-05
5.67885e-05
0.00174781
5.63076e-05
0.00175058
5.58553e-05
0.00175333
5.54028e-05
0.00175609
5.49502e-05
0.00175883
5.4498e-05
5.40476e-05
0.00173611
5.36221e-05
0.00173879
5.31772e-05
0.00174146
5.2732e-05
0.00174413
5.22864e-05
0.00174678
5.1841e-05
5.1397e-05
0.00172466
5.10159e-05
0.00172726
5.05793e-05
0.00172985
5.01422e-05
0.00173243
4.97046e-05
0.00173501
4.92668e-05
4.88302e-05
0.00171348
4.84826e-05
0.001716
4.80552e-05
0.00171852
4.76271e-05
0.00172103
4.71983e-05
0.00172352
4.67691e-05
4.63408e-05
0.00170258
4.60161e-05
0.00170504
4.55988e-05
0.00170749
4.51806e-05
0.00170992
4.47615e-05
0.00171235
4.43419e-05
4.39229e-05
0.00169199
4.36105e-05
0.00169439
4.32042e-05
0.00169677
4.27969e-05
0.00169915
4.23885e-05
0.00170151
4.19793e-05
4.15706e-05
0.00168173
4.12603e-05
0.00168407
4.08659e-05
0.0016864
4.04704e-05
0.00168871
4.00737e-05
0.00169101
3.9676e-05
0.00167182
3.89604e-05
0.0016741
3.85788e-05
0.00167638
3.8196e-05
0.00167864
3.78118e-05
3.74266e-05
0.00166227
3.67058e-05
0.00166451
3.63379e-05
0.00166673
3.59687e-05
0.00166895
3.55981e-05
3.52263e-05
0.0016531
3.44919e-05
0.0016553
3.41387e-05
0.00165748
3.3784e-05
0.00165965
3.34279e-05
3.30704e-05
0.00164433
3.23145e-05
0.00164649
3.19767e-05
0.00164864
3.16376e-05
0.00165077
3.12968e-05
3.09547e-05
0.00163599
3.01695e-05
0.00163811
2.98482e-05
0.00164023
2.95253e-05
0.00164232
2.92008e-05
2.8875e-05
0.00162808
2.80534e-05
0.00163017
2.77492e-05
0.00163226
2.74436e-05
0.00163432
2.71363e-05
2.68276e-05
0.00162062
2.59626e-05
0.00162269
2.56765e-05
0.00162474
2.53889e-05
0.00162678
2.50996e-05
2.48089e-05
0.00161362
2.38942e-05
0.00161567
2.36269e-05
0.0016177
2.3358e-05
0.00161971
2.30876e-05
2.28158e-05
0.00160711
2.18453e-05
0.00160914
2.15974e-05
0.00161115
2.13481e-05
0.00161314
2.10973e-05
2.08452e-05
0.00160109
1.98132e-05
0.0016031
1.95856e-05
0.00160509
1.93565e-05
0.00160706
1.91261e-05
1.88943e-05
0.00159558
1.77957e-05
0.00159757
1.75889e-05
0.00159955
1.73808e-05
0.0016015
1.71713e-05
1.69606e-05
0.00159058
1.57906e-05
0.00159257
1.56052e-05
0.00159453
1.54186e-05
0.00159647
1.52308e-05
1.50419e-05
0.00158612
1.3796e-05
0.00158809
1.36325e-05
0.00159004
1.3468e-05
0.00159197
1.33024e-05
1.31358e-05
0.00158219
1.18101e-05
0.00158415
1.16691e-05
0.00158609
1.15272e-05
0.00158801
1.13843e-05
1.12405e-05
0.0015788
9.83143e-06
0.00158076
9.71329e-06
0.00158269
9.59437e-06
0.0015846
9.47458e-06
9.35404e-06
0.00157597
7.85854e-06
0.00157792
7.76361e-06
0.00157985
7.66803e-06
0.00158175
7.57175e-06
7.47486e-06
0.0015737
5.89012e-06
0.00157565
5.81867e-06
0.00157757
5.74673e-06
0.00157947
5.67426e-06
5.60132e-06
0.00157199
3.92496e-06
0.00157393
3.87721e-06
0.00157585
3.82913e-06
0.00157775
3.78069e-06
3.73193e-06
0.00157085
1.96194e-06
0.00157279
1.93803e-06
0.00157471
1.91395e-06
0.0015766
1.8897e-06
1.86528e-06
0.00157028
0.00157222
0.00157413
0.00157602
)
;

boundaryField
{
    inlet
    {
        type            calculated;
        value           nonuniform 0();
    }
    outlet
    {
        type            calculated;
        value           nonuniform 0();
    }
    cylinder
    {
        type            calculated;
        value           nonuniform 0();
    }
    top
    {
        type            symmetryPlane;
        value           uniform 0;
    }
    bottom
    {
        type            symmetryPlane;
        value           uniform 0;
    }
    defaultFaces
    {
        type            empty;
        value           nonuniform 0();
    }
    procBoundary62to61
    {
        type            processor;
        value           nonuniform List<scalar> 
183
(
-0.00156832
-0.00156889
-0.00157003
-0.00157173
-0.001574
-0.00157682
-0.0015802
-0.00158412
-0.00158858
-0.00159356
-0.00159906
-0.00160506
-0.00161155
-0.00161852
-0.00162596
-0.00163384
-0.00164216
-0.00165088
-0.00166001
-0.00166952
-0.00167938
-0.00168959
-0.00170012
-0.00171095
-0.00172206
-5.36222e-05
-0.00173611
-0.00174781
-0.00175973
-0.00177186
-0.00178417
-0.00424851
-0.00432931
-0.00441267
-0.00449805
-0.00458491
-0.00467274
-0.00476102
-0.00484927
-0.00493701
-0.0050238
-0.00510922
-0.00519289
-0.00527446
-0.00535362
-0.00543008
-0.00550362
-0.00557404
-0.00564115
-0.00570486
-0.00576505
-0.00582169
-0.00587474
-0.00592422
-0.00597015
-0.00601261
-0.00605167
-0.00608744
-0.00612004
-0.00614961
-0.00617628
-0.00620023
-0.00622159
-0.00624056
-0.00625728
-0.00627193
-0.00628467
-0.00629568
-0.00630509
-0.00631308
-0.00631977
-0.00632532
-0.00632986
-0.0063335
-0.00633637
-0.00633856
-0.00634019
-0.00634133
-0.00634208
-0.0063425
-0.00634267
-0.00634264
-0.00634247
-0.00634221
-0.0063419
-0.00634157
-0.00634125
-0.00634096
-0.00634073
-0.00634057
-0.00634049
-0.0063437
-0.00634384
-0.00634379
-0.0063436
-0.00634332
-0.00634299
-0.00634265
-0.00634231
-0.00634202
-0.00634178
-0.00634162
-0.00634153
-0.00424851
-0.00432931
-0.00441267
-0.00449805
-0.00458491
-0.00467274
-0.00476102
-0.00484927
-0.00493701
-0.0050238
-0.00510922
-0.00519289
-0.00527446
-0.00535362
-0.00543008
-0.00550362
-0.00557404
-0.00564115
-0.00570486
-0.00576505
-0.00582169
-0.00587474
-0.00592422
-0.00597015
-0.00601261
-0.00605167
-0.00608744
-0.00612004
-0.00614961
-0.00617628
-0.00620023
-0.00622159
-0.00624056
-0.00625728
-0.00627193
-0.00628467
-0.00629568
-0.00630509
-0.00631308
-0.00631977
-0.00632532
-0.00632986
-0.0063335
-0.00633637
-0.00633856
-0.00634019
-0.00634133
1.31999e-05
-0.00634208
-0.00178417
-0.00177186
-0.00175973
-5.90792e-05
-0.00174504
-0.00173343
-0.00172206
-0.00171095
-0.00170012
-0.00168959
-0.00167938
-0.00166952
-0.00166001
-0.00165088
-0.00164216
-0.00163384
-0.00162596
-0.00161852
-0.00161155
-0.00160506
-0.00159906
-0.00159356
-0.00158858
-0.00158412
-0.0015802
-0.00157682
-0.001574
-0.00157173
-0.00157003
-0.00156889
-0.00156832
)
;
    }
    procBoundary62to63
    {
        type            processor;
        value           nonuniform List<scalar> 
182
(
0.00157789
0.00157846
0.00157962
0.00158134
0.00158363
0.00158649
0.0015899
0.00159387
0.00159839
0.00160344
0.00160902
0.00161511
0.00162171
0.0016288
0.00163637
0.0016444
3.06123e-05
0.00165499
0.00166395
0.00167333
0.00168313
0.00169331
0.00170386
0.00171477
0.00172601
0.00173757
0.00174943
0.00176157
0.00177397
0.00178661
0.00179948
0.00426352
0.00434245
0.00442393
0.00450743
0.00459244
0.00467845
0.00476496
0.00485149
0.00493759
0.00502282
0.00510677
0.00518908
0.00526939
0.0053474
0.00542284
0.00549546
0.00556506
0.00563149
0.00569462
0.00575434
0.0058106
0.00586338
0.00591267
0.0059585
0.00600093
0.00604003
0.0060759
0.00610865
0.00613841
0.00616532
0.00618952
0.00621118
0.00623044
0.00624748
0.00626245
0.00627551
0.00628683
0.00629656
0.00630485
0.00631184
0.00631767
0.00632247
0.00632636
0.00632946
0.00633187
0.00633369
0.00633502
0.00633593
0.00633651
0.00633681
0.0063369
0.00633684
0.00633667
0.00633644
0.00633617
0.0063359
0.00633566
0.00633546
0.00633532
0.00633525
0.00426352
0.00434245
0.00442393
0.00450743
0.00459244
0.00467845
0.00476496
0.00485149
0.00493759
0.00502282
0.00510677
0.00518908
0.00526939
0.0053474
0.00542284
0.00549546
0.00556506
0.00563149
0.00569462
0.00575434
0.0058106
0.00586338
0.00591267
0.0059585
0.00600093
0.00604003
0.0060759
0.00610865
0.00613841
0.00616532
0.00618952
0.00621118
0.00623044
0.00624748
0.00626245
0.00627551
0.00628683
0.00629656
0.00630485
0.00631184
0.00631767
0.00632247
0.00632636
0.00632946
0.00633187
0.00633369
0.00633502
0.00633593
0.00633651
0.00633681
0.0063369
0.00633684
0.00633667
0.00633644
0.00633617
0.0063359
0.00633566
0.00633546
0.00633532
0.00633525
0.00179948
0.00178661
0.00177397
0.00176157
0.00174943
0.00173757
0.00172601
0.00171477
0.00170386
0.00169331
3.92785e-05
0.00168089
0.00167115
0.00166181
0.00165289
0.0016444
0.00163637
0.0016288
0.00162171
0.00161511
0.00160902
0.00160344
0.00159839
0.00159387
0.0015899
0.00158649
0.00158363
0.00158134
0.00157962
0.00157846
0.00157789
)
;
    }
}


// ************************************************************************* //
