/*--------------------------------*- C++ -*----------------------------------*\
  =========                 |
  \\      /  F ield         | OpenFOAM: The Open Source CFD Toolbox
   \\    /   O peration     | Website:  https://openfoam.org
    \\  /    A nd           | Version:  7
     \\/     M anipulation  |
\*---------------------------------------------------------------------------*/
FoamFile
{
    version     2.0;
    format      ascii;
    class       surfaceScalarField;
    location    "35";
    object      phi;
}
// * * * * * * * * * * * * * * * * * * * * * * * * * * * * * * * * * * * * * //

dimensions      [0 3 -1 0 0 0 0];

internalField   nonuniform List<scalar> 
279
(
-0.00310567
-0.00293532
-0.00257183
-0.00268682
-0.00276053
-0.00247402
-0.00244735
-0.00264836
-0.00251248
-0.00258155
-0.00254176
-0.00227383
-0.0027199
-0.00233433
-0.00239864
-0.00242768
-0.00204417
-0.00260465
-0.00209685
-0.00278634
-0.00215265
-0.00221205
-0.00248246
-0.00186856
-0.00266262
-0.00191669
-0.00284758
-0.00196769
-0.00202207
-0.00253249
-0.00169011
-0.00271557
-0.00173362
-0.00290352
-0.00177973
-0.00182899
-0.00239667
-0.00147258
-0.00257771
-0.00150907
-0.00276343
-0.0015479
-0.00295409
-0.00158907
-0.00163311
-0.00243472
-0.00129369
-0.00261806
-0.00132573
-0.00280613
-0.00135983
-0.00299921
-0.00139598
-0.00143471
-0.00246811
-0.00111282
-0.00265348
-0.00114037
-0.00284362
-0.00116968
-0.00303883
-0.00120078
-0.00123412
-0.00249682
-0.000930237
-0.00268393
-0.00095326
-0.00287585
-0.00097776
-0.00307289
-0.00100375
-0.00103164
-0.00233681
-0.000728979
-0.00252081
-0.000746234
-0.00270937
-0.000764699
-0.00290278
-0.000784348
-0.00310134
-0.000805191
-0.00082758
-0.0023549
-0.000548112
-0.00254005
-0.000561087
-0.00272978
-0.000574971
-0.00292438
-0.000589744
-0.00312415
-0.000605416
-0.00236851
-0.000366401
-0.00255451
-0.000375081
-0.00274512
-0.000384367
-0.00294062
-0.000394246
-0.000404725
-0.00237761
-0.000184127
-0.00256419
-0.000188501
-0.00275538
-0.000193178
-0.00295147
-0.000198151
-0.000203423
-0.0023822
-1.56942e-06
-0.00256907
-1.63352e-06
-0.00276055
-1.69681e-06
-0.00295694
-1.75847e-06
-1.8178e-06
-0.00238227
0.00018099
-0.00256914
0.000185234
-0.00276062
0.000189784
-0.00295701
0.000194632
0.000199785
-0.00237782
0.000363269
-0.00256441
0.000371816
-0.00275559
0.000380972
-0.00295168
0.000390723
0.000401077
-0.00236887
0.000544988
-0.00255488
0.000557827
-0.00274548
0.000571575
-0.00294097
0.000586214
-0.00314165
0.000601755
0.000618473
-0.00235541
0.000725868
-0.00254056
0.00074298
-0.00273029
0.000761303
-0.00292488
0.000780809
-0.00312464
0.000801512
0.000823767
-0.00233747
-0.00252148
0.000926994
-0.00271004
0.000949865
-0.00290345
0.000974212
-0.00310198
0.00100005
0.00102779
-0.00249766
0.00110959
-0.00268477
0.00113698
-0.00287669
0.00116613
-0.0030737
0.00119706
0.00123023
-0.00246912
0.00129048
-0.0026545
0.00132235
-0.00284464
0.00135627
-0.00303982
0.00139224
0.00143078
-0.00243591
0.0014694
-0.00261927
0.00150571
-0.00280734
0.00154434
-0.00300041
0.0015853
0.00162913
-0.00239807
-0.00257913
0.00168677
-0.00276485
0.00173007
-0.0029555
0.00177595
0.00182498
-0.00253414
0.00186526
-0.00271723
0.00191316
-0.00290518
0.0019639
0.00201802
-0.00248434
0.00204093
-0.00266454
0.00209335
-0.0028495
0.00214887
0.00220797
-0.00242983
-0.00260685
0.00227038
-0.00278856
0.00233058
0.00239455
-0.00254426
0.00244398
-0.00272245
0.00250877
0.00257747
-0.00247686
-0.00265128
0.0026832
0.00275649
-0.00257516
0.00293135
0.00310184
0.0117053
-0.0121272
0.0108292
0.00988027
0.00971854
0.00845174
0.00719501
0.00698209
0.00682854
0.00555616
0.00441264
0.00429002
0.00424118
0.00409816
0.00315292
0.00215555
0.00223488
0.00216161
0.00140536
0.000604207
0.000746019
0.0120198
0.0115358
0.0105733
0.0104215
0.00918729
0.0081398
0.00786245
0.00766096
0.00635208
0.00619825
0.00510469
0.00500527
0.00407036
0.00311308
0.00223943
0.00230117
0.00237167
0.00153076
0.000678661
0.000749356
0.000825459
)
;

boundaryField
{
    inlet
    {
        type            calculated;
        value           nonuniform 0();
    }
    outlet
    {
        type            calculated;
        value           nonuniform 0();
    }
    cylinder
    {
        type            calculated;
        value           nonuniform 0();
    }
    top
    {
        type            symmetryPlane;
        value           uniform 0;
    }
    bottom
    {
        type            symmetryPlane;
        value           uniform 0;
    }
    defaultFaces
    {
        type            empty;
        value           nonuniform 0();
    }
    procBoundary3to2
    {
        type            processor;
        value           nonuniform List<scalar> 
82
(
-0.00257003
-0.00266081
-0.00274662
-0.00282734
-0.00290281
-0.00297293
-0.00303755
-0.0030966
-0.00314998
-0.00319761
-0.00323942
-0.00327537
-0.0033054
-0.000622258
-0.00332948
-0.00314131
-0.00315278
-0.00315855
-0.00315861
-0.00315298
-0.000412226
-0.0033479
-0.00332994
-0.00330601
-0.00327614
-0.00324037
-0.00319876
-0.00315135
-0.00309822
-0.00303945
-0.00297514
-0.00290538
-0.00283029
-0.00275002
-0.0026647
-0.00257447
-0.0188597
-0.0190574
-0.0193956
-0.0196612
-0.0199365
-0.0200766
-0.0201669
-0.020335
-0.0204953
-0.0204943
-0.020473
-0.0205639
-0.0206422
-0.0207868
-0.0207195
-0.0206472
-0.0207034
-0.0208449
-0.0208413
-0.0206743
-0.0208651
-0.00280026
-0.0114857
-0.0113861
-0.00279989
-0.0188261
-0.0190228
-0.0193536
-0.0196724
-0.0198559
-0.0200086
-0.020197
-0.0204085
-0.0203864
-0.0206408
-0.020568
-0.0207973
-0.0207515
-0.0207048
-0.0206395
-0.0206805
-0.0208201
-0.0207922
-0.0206422
-0.0206578
-0.0208074
)
;
    }
    procBoundary3to4
    {
        type            processor;
        value           nonuniform List<scalar> 
90
(
0.00215882
0.00327137
0.00240433
0.00249045
0.00285711
0.00240154
0.00261717
0.0023042
0.00236823
0.00221667
0.00225518
0.00230685
0.00235403
0.00164922
0.00222004
0.00225583
0.00228724
0.00231424
0.000908724
0.00215706
0.00217403
0.0021868
0.00219534
0.00219964
0.00219971
0.00219554
0.00218715
0.00217453
0.00215771
0.00090563
0.00231507
0.00228823
0.00225699
0.00222139
0.00164608
0.00235564
0.00230868
0.00225725
0.0022135
0.00237066
0.00230692
0.00261391
0.00240474
0.00285361
0.00249422
0.00240857
0.00326773
0.00216624
0.0192815
0.0199335
0.0203446
0.0198229
0.0212033
0.0213333
0.0203798
0.0204885
0.0217677
0.0216378
0.0205956
0.0206128
0.0207852
0.0217321
0.0217168
0.0205679
0.0207766
0.0216011
0.0216424
0.0205325
0.0216111
0.01931
0.0199854
0.0195054
0.0209066
0.0209034
0.0202859
0.0203985
0.0217173
0.0205403
0.0217344
0.0206674
0.0217322
0.0217088
0.0215784
0.0205778
0.02061
0.021661
0.0216443
0.0205715
0.0205817
0.0216328
)
;
    }
}


// ************************************************************************* //
