/*--------------------------------*- C++ -*----------------------------------*\
  =========                 |
  \\      /  F ield         | OpenFOAM: The Open Source CFD Toolbox
   \\    /   O peration     | Website:  https://openfoam.org
    \\  /    A nd           | Version:  7
     \\/     M anipulation  |
\*---------------------------------------------------------------------------*/
FoamFile
{
    version     2.0;
    format      ascii;
    class       labelList;
    note        "nPoints: 1102 nCells: 392 nFaces: 1726 nInternalFaces: 626";
    location    "constant/polyMesh";
    object      owner;
}
// * * * * * * * * * * * * * * * * * * * * * * * * * * * * * * * * * * * * * //


1726
(
0
0
0
1
1
1
2
2
2
3
3
4
4
5
5
6
6
7
8
8
9
9
10
10
11
12
12
13
13
14
14
15
16
16
17
17
18
18
19
20
21
21
22
22
23
24
24
25
25
26
26
27
28
28
29
29
30
30
31
32
33
33
34
34
35
36
36
37
37
38
38
39
40
40
41
41
42
42
43
44
45
45
46
46
47
48
48
49
49
50
50
51
52
53
53
54
54
55
56
56
57
57
58
58
59
60
61
61
62
62
63
64
65
65
66
66
67
68
68
69
69
70
71
72
72
73
73
74
75
76
76
77
77
78
79
80
80
81
81
82
83
84
84
85
86
87
87
88
89
90
90
91
92
93
93
94
95
95
96
96
97
97
98
98
99
99
101
101
102
102
104
104
105
105
107
107
108
108
109
110
110
111
111
112
112
114
114
115
115
116
116
118
118
119
119
120
121
121
122
122
123
123
125
125
126
126
127
127
128
129
129
130
130
131
131
133
133
134
134
135
135
136
137
137
138
138
139
139
141
141
142
142
143
143
144
145
145
146
146
147
147
149
149
150
150
151
152
152
153
153
154
154
155
156
156
157
157
158
158
159
160
160
161
161
162
162
164
164
165
165
166
166
167
168
168
169
169
170
170
171
172
172
173
173
174
174
175
176
176
177
177
178
178
179
180
180
181
181
182
182
183
184
185
186
188
188
189
189
190
190
191
191
192
192
193
193
194
194
195
195
196
196
197
197
198
198
199
199
200
200
201
201
202
202
203
203
204
204
205
205
206
206
207
207
208
208
209
209
210
210
211
211
212
212
213
213
214
214
215
215
216
216
217
217
218
218
219
219
220
220
221
221
222
222
223
223
224
224
225
225
226
226
227
228
228
229
229
230
230
231
231
232
232
233
233
234
234
235
235
236
236
237
237
238
238
239
239
240
240
241
241
242
243
244
245
246
247
248
249
250
251
252
253
254
255
256
257
258
259
260
261
262
263
264
265
266
268
269
270
271
272
273
274
275
276
277
278
279
280
282
282
283
283
284
284
285
285
286
286
287
287
288
288
289
289
290
290
291
291
292
292
293
293
294
294
295
295
296
296
297
297
298
298
299
299
300
300
301
301
302
302
303
303
304
304
305
305
306
306
307
307
308
308
309
309
310
310
311
312
312
313
313
314
314
315
315
316
316
317
317
318
318
319
319
320
320
321
321
322
322
323
323
324
324
325
325
326
326
327
327
328
328
329
329
330
330
331
331
332
332
333
333
334
334
335
335
336
336
337
337
338
338
339
339
340
340
341
341
342
342
343
343
344
344
345
345
346
346
347
347
348
348
349
349
350
350
351
352
353
354
355
356
357
358
359
360
361
362
363
364
365
366
367
368
369
370
371
372
373
374
375
376
377
378
379
380
381
382
383
384
385
386
387
388
389
390
227
267
351
391
0
4
8
12
16
20
1
5
9
13
17
21
24
28
32
2
6
10
14
18
22
25
29
33
36
40
44
3
7
11
15
19
23
26
30
34
37
41
45
48
52
27
31
35
38
42
46
49
53
56
60
39
43
47
50
54
57
61
64
51
55
58
62
65
68
71
59
63
66
69
72
75
67
70
73
76
79
74
77
80
83
78
81
84
86
82
85
87
89
88
90
91
0
4
8
12
16
20
1
5
9
13
17
21
24
28
32
2
6
10
14
18
22
25
29
33
36
40
44
3
7
11
15
19
23
26
30
34
37
41
45
48
52
27
31
35
38
42
46
49
53
56
60
39
43
47
50
54
57
61
64
51
55
58
62
65
68
71
59
63
66
69
72
75
67
70
73
76
79
74
77
80
83
78
81
84
86
82
85
87
89
88
90
91
92
93
94
92
93
94
96
95
97
96
95
97
164
168
172
176
180
184
152
156
160
165
169
173
177
181
185
141
145
149
153
157
161
166
170
174
178
182
186
133
137
142
146
150
154
158
162
167
171
175
179
183
187
125
129
134
138
143
147
151
155
159
163
121
126
130
135
139
144
148
114
118
122
127
131
136
140
110
115
119
123
128
132
107
111
116
120
124
104
108
112
117
101
105
109
113
98
102
106
99
103
100
164
168
172
176
180
184
152
156
160
165
169
173
177
181
185
141
145
149
153
157
161
166
170
174
178
182
186
133
137
142
146
150
154
158
162
167
171
175
179
183
187
125
129
134
138
143
147
151
155
159
163
121
126
130
135
139
144
148
114
118
122
127
131
136
140
110
115
119
123
128
132
107
111
116
120
124
104
108
112
117
101
105
109
113
98
102
106
99
103
100
188
228
268
189
229
269
190
230
270
191
231
271
192
232
272
193
233
273
194
234
274
195
235
275
196
236
276
197
237
277
198
238
278
199
239
279
200
240
280
201
241
281
202
242
203
243
204
244
205
245
206
246
207
247
208
248
209
249
210
250
211
251
212
252
213
253
214
254
215
255
216
256
217
257
218
258
219
259
220
260
221
261
222
262
223
263
224
264
225
265
226
266
227
267
188
228
268
189
229
269
190
230
270
191
231
271
192
232
272
193
233
273
194
234
274
195
235
275
196
236
276
197
237
277
198
238
278
199
239
279
200
240
280
201
241
281
202
242
203
243
204
244
205
245
206
246
207
247
208
248
209
249
210
250
211
251
212
252
213
253
214
254
215
255
216
256
217
257
218
258
219
259
220
260
221
261
222
262
223
263
224
264
225
265
226
266
227
267
282
312
352
283
313
353
284
314
354
285
315
355
286
316
356
287
317
357
288
318
358
289
319
359
290
320
360
291
321
361
292
322
362
293
323
363
294
324
364
295
325
365
296
326
366
297
327
367
298
328
368
299
329
369
300
330
370
301
331
371
302
332
372
303
333
373
304
334
374
305
335
375
306
336
376
307
337
377
308
338
378
309
339
379
310
340
380
311
341
381
342
382
343
383
344
384
345
385
346
386
347
387
348
388
349
389
350
390
351
391
282
312
352
283
313
353
284
314
354
285
315
355
286
316
356
287
317
357
288
318
358
289
319
359
290
320
360
291
321
361
292
322
362
293
323
363
294
324
364
295
325
365
296
326
366
297
327
367
298
328
368
299
329
369
300
330
370
301
331
371
302
332
372
303
333
373
304
334
374
305
335
375
306
336
376
307
337
377
308
338
378
309
339
379
310
340
380
311
341
381
342
382
343
383
344
384
345
385
346
386
347
387
348
388
349
389
350
390
351
391
0
4
8
12
16
20
20
24
28
32
32
36
40
44
44
48
52
52
56
60
60
64
64
68
71
71
75
75
79
79
83
83
86
86
89
89
92
92
94
94
268
95
282
95
96
96
98
98
101
101
104
104
107
107
110
110
114
114
118
121
121
125
125
129
133
133
137
141
141
145
149
152
152
156
160
164
164
168
172
176
180
184
242
243
244
245
246
247
248
249
250
251
252
253
254
255
256
257
258
259
260
261
262
263
264
265
266
267
268
269
270
271
272
273
274
275
276
277
278
279
280
281
281
282
283
284
285
286
287
288
289
290
291
292
293
294
295
296
297
298
299
300
301
302
303
304
305
306
307
308
309
310
311
311
342
343
344
345
346
347
348
349
350
351
3
7
11
15
19
23
27
27
31
35
39
39
43
47
51
51
55
59
59
63
67
67
70
74
74
78
78
82
82
85
88
88
91
91
100
100
103
103
106
106
109
113
113
117
117
120
124
124
128
132
132
136
140
140
144
148
148
151
155
159
163
163
167
171
175
179
183
187
188
189
190
191
192
193
194
195
196
197
198
199
200
201
202
203
204
205
206
207
208
209
210
211
212
213
214
215
216
217
218
219
220
221
222
223
224
225
226
227
352
353
354
355
356
357
358
359
360
361
362
363
364
365
366
367
368
369
370
371
372
373
374
375
376
377
378
379
380
381
382
383
384
385
386
387
388
389
390
391
)


// ************************************************************************* //
