/*--------------------------------*- C++ -*----------------------------------*\
  =========                 |
  \\      /  F ield         | OpenFOAM: The Open Source CFD Toolbox
   \\    /   O peration     | Website:  https://openfoam.org
    \\  /    A nd           | Version:  7
     \\/     M anipulation  |
\*---------------------------------------------------------------------------*/
FoamFile
{
    version     2.0;
    format      ascii;
    class       volScalarField;
    location    "55";
    object      p;
}
// * * * * * * * * * * * * * * * * * * * * * * * * * * * * * * * * * * * * * //

dimensions      [0 2 -2 0 0 0 0];

internalField   nonuniform List<scalar> 
392
(
-0.00446647
-0.0041504
-0.00384117
-0.0044689
-0.00415274
-0.00384341
-0.00447378
-0.00415741
-0.00384789
-0.00448108
-0.00416441
-0.0038546
-0.00449081
-0.00417374
-0.00386355
-0.00450296
-0.00418539
-0.00387471
-0.00451752
-0.00419934
-0.0038881
-0.00453447
-0.0042156
-0.00390368
-0.00455381
-0.00423414
-0.00392146
-0.00457551
-0.00425495
-0.00394142
-0.00459957
-0.00427802
-0.00396355
-0.00462595
-0.00430333
-0.00398782
-0.00465465
-0.00433085
-0.00401422
-0.00468563
-0.00436057
-0.00404273
-0.00471888
-0.00439246
-0.00407332
-0.00475435
-0.0044265
-0.00410598
-0.00479203
-0.00446265
-0.00414067
-0.0048319
-0.00450091
-0.00417739
-0.00487389
-0.00454121
-0.00421608
-0.00491788
-0.00458344
-0.00425662
-0.00496383
-0.00462757
-0.00429899
-0.00501277
-0.00467455
-0.0043441
-0.00506618
-0.00472572
-0.00439313
-0.00477319
-0.00443869
-0.00411192
-0.00483043
-0.00449496
-0.00416728
-0.00496159
-0.00462199
-0.00429033
-0.00509928
-0.00475546
-0.00441976
-0.00524598
-0.00489769
-0.00455766
-0.00540358
-0.00505038
-0.0047056
-0.00557105
-0.00521253
-0.00486259
-0.00574729
-0.00538308
-0.00502758
-0.00593125
-0.00556098
-0.00519957
-0.00612173
-0.00574507
-0.0053774
-0.00631742
-0.00593409
-0.00555984
-0.00651699
-0.00612673
-0.00574564
-0.00671906
-0.00632166
-0.0059335
-0.00692226
-0.00651757
-0.00612217
-0.00712528
-0.00671318
-0.0063104
-0.00732687
-0.0069073
-0.00649706
-0.00752584
-0.00709879
-0.00668107
-0.00772114
-0.00728664
-0.00686145
-0.0079118
-0.00746994
-0.00703733
-0.00809696
-0.00764786
-0.00720795
-0.0082759
-0.00781972
-0.00737266
-0.00844799
-0.00798492
-0.00753089
-0.00861271
-0.00814297
-0.00768218
-0.00876962
-0.00829347
-0.00782618
-0.00891838
-0.0084361
-0.00796258
-0.00905874
-0.00857063
-0.00809116
-0.0091905
-0.00869686
-0.00821177
-0.00931351
-0.00881468
-0.00832429
-0.00942768
-0.008924
-0.00842865
-0.00953296
-0.00902477
-0.00852483
-0.00962932
-0.00911699
-0.00861282
-0.00971676
-0.00920066
-0.00869262
-0.00979531
-0.0092758
-0.00876428
-0.00986499
-0.00934244
-0.00882781
-0.00992585
-0.00940064
-0.00888328
-0.00997791
-0.00945041
-0.00893072
-0.0100212
-0.00949182
-0.00897018
-0.0100558
-0.0095249
-0.0090017
-0.0100817
-0.00954967
-0.0090253
-0.010099
-0.00956618
-0.00904103
-0.0101076
-0.00957442
-0.00904887
-0.0102413
-0.0103232
-0.0103958
-0.0104593
-0.0105135
-0.0105587
-0.0105948
-0.0106218
-0.0106398
-0.0106488
-0.00483043
-0.0049616
-0.00509928
-0.00524598
-0.00540358
-0.00557105
-0.00574729
-0.00593125
-0.00612173
-0.00631742
-0.00651699
-0.00671906
-0.00692226
-0.00712528
-0.00732686
-0.00752584
-0.00772113
-0.00791179
-0.00809696
-0.0082759
-0.00844799
-0.0086127
-0.00876961
-0.00891838
-0.00905874
-0.0091905
-0.00931351
-0.00942768
-0.00953295
-0.00962932
-0.00971676
-0.00979531
-0.00986499
-0.00992584
-0.0099779
-0.0100212
-0.0100558
-0.0100817
-0.010099
-0.0101076
-0.00449496
-0.00462199
-0.00475547
-0.00489769
-0.00505038
-0.00521253
-0.00538308
-0.00556098
-0.00574507
-0.00593409
-0.00612673
-0.00632166
-0.00651756
-0.00671318
-0.00690729
-0.00709879
-0.00728664
-0.00746993
-0.00764785
-0.00781971
-0.00798491
-0.00814296
-0.00829347
-0.0084361
-0.00857062
-0.00869686
-0.00881467
-0.00892399
-0.00902477
-0.00911699
-0.00920066
-0.0092758
-0.00934244
-0.00940063
-0.00945041
-0.00949182
-0.0095249
-0.00954967
-0.00956618
-0.00957441
-0.00416728
-0.00429033
-0.00441976
-0.00455766
-0.0047056
-0.00486259
-0.00502759
-0.00519957
-0.0053774
-0.00555984
-0.00574564
-0.0059335
-0.00612216
-0.0063104
-0.00649706
-0.00668106
-0.00686144
-0.00703733
-0.00720795
-0.00737265
-0.00753088
-0.00768218
-0.00782617
-0.00796257
-0.00809116
-0.00821176
-0.00832428
-0.00842865
-0.00852483
-0.00861282
-0.00869262
-0.00876427
-0.00882781
-0.00888328
-0.00893072
-0.00897018
-0.0090017
-0.0090253
-0.00477319
-0.00443869
-0.00411192
-0.00506618
-0.00472572
-0.00439313
-0.00501277
-0.00467455
-0.0043441
-0.00496383
-0.00462757
-0.004299
-0.00491788
-0.00458344
-0.00425662
-0.0048739
-0.00454122
-0.00421608
-0.0048319
-0.00450091
-0.00417739
-0.00479204
-0.00446266
-0.00414068
-0.00475435
-0.0044265
-0.00410598
-0.00471888
-0.00439246
-0.00407332
-0.00468563
-0.00436057
-0.00404273
-0.00465465
-0.00433085
-0.00401422
-0.00462596
-0.00430333
-0.00398782
-0.00459957
-0.00427802
-0.00396355
-0.00457551
-0.00425495
-0.00394142
-0.00455381
-0.00423414
-0.00392146
-0.00453447
-0.0042156
-0.00390368
-0.00451752
-0.00419934
-0.0038881
-0.00450296
-0.00418539
-0.00387472
-0.00449081
-0.00417374
-0.00386355
-0.00448108
-0.00416441
-0.00385461
-0.00447378
-0.00415741
-0.00384789
-0.0044689
-0.00415274
-0.00384341
-0.00446647
-0.0041504
-0.00384117
)
;

boundaryField
{
    inlet
    {
        type            zeroGradient;
    }
    outlet
    {
        type            fixedValue;
        value           nonuniform 0();
    }
    cylinder
    {
        type            zeroGradient;
    }
    top
    {
        type            symmetryPlane;
    }
    bottom
    {
        type            symmetryPlane;
    }
    defaultFaces
    {
        type            empty;
    }
    procBoundary57to56
    {
        type            processor;
        value           nonuniform List<scalar> 
131
(
-0.00478961
-0.00479215
-0.00479724
-0.00480486
-0.00481501
-0.00482768
-0.00484286
-0.00486054
-0.00488071
-0.00490334
-0.00492843
-0.00495594
-0.00498586
-0.00501816
-0.00505281
-0.00508979
-0.00512906
-0.0051706
-0.00521435
-0.00526018
-0.00530803
-0.00535901
-0.00541474
-0.00511565
-0.00511565
-0.0051739
-0.00530937
-0.00545141
-0.00560274
-0.00576539
-0.00593833
-0.00612041
-0.00631055
-0.00650754
-0.00671002
-0.00691661
-0.00712589
-0.00733645
-0.00754692
-0.00775599
-0.00796244
-0.00816516
-0.00836315
-0.00855551
-0.00874147
-0.00892038
-0.00909168
-0.00925491
-0.00940972
-0.00955582
-0.00969299
-0.0098211
-0.00994003
-0.0100497
-0.0101501
-0.0102413
-0.0103232
-0.0103958
-0.0104593
-0.0105135
-0.0105587
-0.0105948
-0.0106218
-0.0106399
-0.0106488
-0.0107745
-0.0108597
-0.0109352
-0.0110012
-0.0110577
-0.0111046
-0.0111422
-0.0111703
-0.0111891
-0.0111984
-0.00517391
-0.00530937
-0.00545141
-0.00560274
-0.0057654
-0.00593833
-0.00612041
-0.00631055
-0.00650754
-0.00671002
-0.00691661
-0.00712589
-0.00733645
-0.00754691
-0.00775598
-0.00796244
-0.00816516
-0.00836314
-0.00855551
-0.00874147
-0.00892037
-0.00909167
-0.0092549
-0.00940971
-0.00955581
-0.00969299
-0.0098211
-0.00994002
-0.0100497
-0.0101501
-0.0101501
-0.00511565
-0.00511565
-0.00541474
-0.00535901
-0.00530803
-0.00526018
-0.00521436
-0.0051706
-0.00512906
-0.00508979
-0.00505281
-0.00501816
-0.00498586
-0.00495594
-0.00492843
-0.00490334
-0.00488071
-0.00486054
-0.00484286
-0.00482768
-0.00481501
-0.00480486
-0.00479724
-0.00479215
-0.00478961
)
;
    }
    procBoundary57to58
    {
        type            processor;
        value           nonuniform List<scalar> 
131
(
-0.00353854
-0.00354069
-0.00354498
-0.00355142
-0.00355999
-0.0035707
-0.00358354
-0.00359849
-0.00361554
-0.00363468
-0.0036559
-0.00367919
-0.00370451
-0.00373187
-0.00376123
-0.00379257
-0.00382587
-0.00386111
-0.00389825
-0.00393718
-0.00397789
-0.00402119
-0.00406818
-0.00406818
-0.00379268
-0.00384718
-0.00396644
-0.00409198
-0.00422572
-0.00436906
-0.00452105
-0.00468064
-0.00484684
-0.00501853
-0.00519452
-0.00537356
-0.00555442
-0.00573588
-0.00591676
-0.00609596
-0.00627246
-0.00644533
-0.00661375
-0.006777
-0.00693447
-0.00708563
-0.00723007
-0.00736745
-0.0074975
-0.00762004
-0.0077349
-0.00784202
-0.00794133
-0.00803281
-0.00811646
-0.00819231
-0.0082604
-0.00832076
-0.00837344
-0.00841849
-0.00845595
-0.00848586
-0.00850827
-0.0085232
-0.00853064
-0.00904103
-0.00904887
-0.00384719
-0.00396644
-0.00409198
-0.00422572
-0.00436907
-0.00452105
-0.00468064
-0.00484684
-0.00501853
-0.00519451
-0.00537356
-0.00555442
-0.00573588
-0.00591676
-0.00609596
-0.00627246
-0.00644533
-0.00661375
-0.006777
-0.00693446
-0.00708563
-0.00723007
-0.00736745
-0.0074975
-0.00762003
-0.0077349
-0.00784202
-0.00794133
-0.00803281
-0.00811646
-0.00819231
-0.0082604
-0.00832076
-0.00837344
-0.00841848
-0.00845595
-0.00848586
-0.00904103
-0.00850827
-0.00379268
-0.00406818
-0.00406818
-0.0040212
-0.00397789
-0.00393718
-0.00389825
-0.00386111
-0.00382587
-0.00379257
-0.00376123
-0.00373187
-0.00370452
-0.00367919
-0.00365591
-0.00363468
-0.00361554
-0.00359849
-0.00358354
-0.0035707
-0.00356
-0.00355142
-0.00354498
-0.00354069
-0.00353854
)
;
    }
}


// ************************************************************************* //
