/*--------------------------------*- C++ -*----------------------------------*\
  =========                 |
  \\      /  F ield         | OpenFOAM: The Open Source CFD Toolbox
   \\    /   O peration     | Website:  https://openfoam.org
    \\  /    A nd           | Version:  7
     \\/     M anipulation  |
\*---------------------------------------------------------------------------*/
FoamFile
{
    version     2.0;
    format      ascii;
    class       volVectorField;
    location    "35";
    object      U;
}
// * * * * * * * * * * * * * * * * * * * * * * * * * * * * * * * * * * * * * //

dimensions      [0 1 -1 0 0 0 0];

internalField   nonuniform List<vector> 
36
(
(-0.025616 0.00613771 8.88395e-20)
(-0.0117966 0.00766706 -5.47439e-20)
(0.0101474 0.00577878 -2.38965e-19)
(0.0416319 -2.86793e-05 -7.64582e-20)
(0.146573 -0.024793 -3.47969e-20)
(0.225535 -0.0344516 -3.71854e-19)
(0.440682 -0.0469676 -2.4872e-19)
(0.710913 -0.0327446 2.30332e-20)
(0.982876 0.0105605 -1.86308e-19)
(1.24495 0.0716703 1.88573e-19)
(1.24495 -0.0716703 -1.88573e-19)
(0.982876 -0.0105605 1.86308e-19)
(0.710913 0.0327446 -2.30332e-20)
(0.440682 0.0469676 2.48719e-19)
(0.225535 0.0344516 1.90415e-19)
(0.146573 0.024793 2.16259e-19)
(0.0416319 2.86791e-05 9.92996e-20)
(0.0101474 -0.00577878 3.96293e-19)
(-0.0117966 -0.00766706 -1.19484e-19)
(1.25348 0.0852292 2.00076e-21)
(1.23469 0.0741773 -4.33777e-20)
(1.21864 0.0632009 2.29854e-20)
(1.20528 0.0525653 6.60548e-21)
(1.19443 0.0423828 -7.13022e-21)
(1.18589 0.032586 1.5096e-21)
(1.17954 0.0230856 -6.39394e-22)
(1.17529 0.0138143 7.13109e-23)
(1.1731 0.00468989 9.73784e-22)
(1.23469 -0.0741773 2.59149e-22)
(1.21864 -0.0632009 -2.29854e-20)
(1.20528 -0.0525653 -6.60548e-21)
(1.19443 -0.0423828 7.13022e-21)
(1.18589 -0.032586 -1.5096e-21)
(1.17954 -0.0230856 -1.32539e-21)
(1.17529 -0.0138143 1.88432e-21)
(1.1731 -0.00468989 -9.73782e-22)
)
;

boundaryField
{
    inlet
    {
        type            uniformFixedValue;
        uniformValue    constant (1 0 0);
        value           nonuniform 0();
    }
    outlet
    {
        type            pressureInletOutletVelocity;
        value           nonuniform 0();
    }
    cylinder
    {
        type            fixedValue;
        value           nonuniform 0();
    }
    top
    {
        type            symmetryPlane;
    }
    bottom
    {
        type            symmetryPlane;
    }
    defaultFaces
    {
        type            empty;
    }
    procBoundary32to30
    {
        type            processor;
        value           nonuniform List<vector> 
14
(
(1.09983 0.0505165 4.08055e-19)
(1.28641 0.108491 -1.74855e-19)
(1.28641 -0.108491 1.74855e-19)
(1.09983 -0.0505165 -4.08055e-19)
(1.19763 0.0550988 6.53388e-21)
(1.18753 0.0442555 3.83427e-21)
(1.1796 0.0339349 -4.8484e-22)
(1.17369 0.0239992 -1.43116e-21)
(1.16972 0.0143497 2.46275e-23)
(1.16767 0.00486472 4.27498e-22)
(1.1796 -0.0339349 -5.25999e-21)
(1.17369 -0.0239992 1.43115e-21)
(1.16972 -0.0143497 -2.46277e-23)
(1.16767 -0.00486472 -4.27497e-22)
)
;
    }
    procBoundary32to31
    {
        type            processor;
        value           nonuniform List<vector> 
34
(
(-0.0222287 0.0112828 3.08943e-20)
(-0.0160045 0.0159369 1.2049e-19)
(-0.00534445 0.0167263 -5.76421e-20)
(0.0112631 0.0129511 -2.74205e-20)
(0.0843799 -0.00940944 -1.4879e-19)
(0.0843799 -0.00940944 -1.4879e-19)
(0.14014 -0.0210124 -1.71568e-19)
(0.320449 -0.041624 7.44272e-20)
(0.320449 -0.041624 7.44272e-20)
(0.571015 -0.0400732 -9.31982e-19)
(0.571015 -0.0400732 -9.31982e-19)
(0.853435 -0.00660024 2.50756e-19)
(0.853435 -0.00660024 2.50756e-19)
(1.18731 0.0664724 1.8272e-19)
(1.18731 -0.0664724 -1.8272e-19)
(0.853435 0.00660024 -2.50756e-19)
(0.853435 0.00660024 -2.50756e-19)
(0.571015 0.0400732 9.31982e-19)
(0.571015 0.0400732 9.31982e-19)
(0.320449 0.041624 -7.44272e-20)
(0.320449 0.041624 -7.44272e-20)
(0.14014 0.0210124 1.10535e-19)
(0.0843799 0.00940944 2.09828e-19)
(0.0843799 0.00940944 2.09828e-19)
(0.0112631 -0.0129511 -2.88969e-19)
(-0.00534445 -0.0167263 2.31192e-19)
(-0.0160045 -0.0159369 6.58992e-20)
(1.24382 0.0919224 2.87531e-20)
(1.22528 0.0788413 -2.45654e-20)
(1.2101 0.0666039 2.27782e-20)
(1.22528 -0.0788413 2.45654e-20)
(1.2101 -0.0666039 -2.27782e-20)
(1.19763 -0.0550988 7.54867e-21)
(1.18753 -0.0442555 -3.83427e-21)
)
;
    }
    procBoundary32to33
    {
        type            processor;
        value           nonuniform List<vector> 
35
(
(-0.0322774 0.00231365 2.45518e-20)
(-0.0229004 -0.0006405 7.4509e-20)
(-0.00017698 -0.00299611 1.17479e-19)
(0.0348788 -0.00784719 -4.33275e-19)
(0.0833714 -0.0153462 -2.08555e-20)
(0.0833714 -0.0153462 -2.08555e-20)
(0.219893 -0.0396264 4.56853e-20)
(0.322303 -0.0458212 3.95485e-19)
(0.322303 -0.0458212 3.95485e-19)
(0.565367 -0.0483402 -5.64253e-19)
(0.565367 -0.0483402 -5.64253e-19)
(0.842632 -0.0219854 -1.79888e-19)
(0.842632 -0.0219854 -1.79888e-19)
(1.09055 0.0275626 -2.68554e-19)
(1.17006 0.0334203 1.96519e-19)
(1.28696 0.0946676 -9.96235e-21)
(1.17006 -0.0334203 4.68661e-20)
(1.28696 -0.0946676 9.96235e-21)
(1.09055 -0.0275626 2.68554e-19)
(0.842632 0.0219854 1.79888e-19)
(0.842632 0.0219854 1.79888e-19)
(0.565367 0.0483402 2.2552e-19)
(0.565367 0.0483402 2.2552e-19)
(0.322303 0.0458212 -8.56342e-20)
(0.322303 0.0458212 -8.56342e-20)
(0.219893 0.0396264 -3.55585e-19)
(0.0833714 0.0153462 1.45612e-20)
(0.0833714 0.0153462 1.45612e-20)
(0.0348788 0.00784719 1.64876e-19)
(-0.00017698 0.00299611 1.88243e-19)
(-0.025616 -0.00613771 -3.43944e-20)
(1.18044 0.013223 2.28681e-21)
(1.17815 0.00448342 -3.20641e-22)
(1.27435 0.0959112 5.79746e-20)
(1.25348 -0.0852292 -2.93123e-20)
)
;
    }
    procBoundary32to34
    {
        type            processor;
        value           nonuniform List<vector> 
15
(
(1.26427 0.0791014 -2.43189e-22)
(1.24408 0.0697357 2.80566e-20)
(1.2267 0.0597589 -4.88873e-21)
(1.21237 0.0499119 -1.20545e-20)
(1.2008 0.0403846 2.59075e-21)
(1.19171 0.0311294 -4.95781e-21)
(1.18495 0.0220897 2.55615e-21)
(1.24408 -0.0697357 -2.80566e-20)
(1.2267 -0.0597589 4.88873e-21)
(1.21237 -0.0499119 1.20545e-20)
(1.2008 -0.0403846 -2.59074e-21)
(1.19171 -0.0311294 4.9578e-21)
(1.18495 -0.0220897 -2.55615e-21)
(1.18044 -0.013223 2.96733e-22)
(1.17815 -0.00448342 3.20641e-22)
)
;
    }
}


// ************************************************************************* //
