/*--------------------------------*- C++ -*----------------------------------*\
  =========                 |
  \\      /  F ield         | OpenFOAM: The Open Source CFD Toolbox
   \\    /   O peration     | Website:  https://openfoam.org
    \\  /    A nd           | Version:  7
     \\/     M anipulation  |
\*---------------------------------------------------------------------------*/
FoamFile
{
    version     2.0;
    format      ascii;
    class       volScalarField;
    location    "25";
    object      p;
}
// * * * * * * * * * * * * * * * * * * * * * * * * * * * * * * * * * * * * * //

dimensions      [0 2 -2 0 0 0 0];

internalField   nonuniform List<scalar> 
928
(
-0.00282717
-0.00268294
-0.00254016
-0.0023987
-0.00225854
-0.00211961
-0.00282846
-0.0026842
-0.0025414
-0.00239992
-0.00225974
-0.00212078
-0.00283102
-0.00268672
-0.00254387
-0.00240234
-0.00226212
-0.00212313
-0.00283487
-0.00269049
-0.00254757
-0.00240598
-0.0022657
-0.00212665
-0.00284
-0.00269551
-0.0025525
-0.00241083
-0.00227046
-0.00213133
-0.00284641
-0.00270178
-0.00255865
-0.00241688
-0.00227641
-0.00213718
-0.00285408
-0.00270931
-0.00256603
-0.00242413
-0.00228354
-0.0021442
-0.00271808
-0.00257463
-0.00243258
-0.00229185
-0.00215237
-0.0027281
-0.00258445
-0.00244223
-0.00230134
-0.00216169
-0.00273935
-0.00259548
-0.00245306
-0.00231199
-0.00217217
-0.00275182
-0.00260772
-0.00246508
-0.0023238
-0.00218379
-0.00276551
-0.00262116
-0.00247828
-0.00233677
-0.00219654
-0.00278041
-0.00263578
-0.00249265
-0.00235089
-0.00221043
-0.00279652
-0.00265159
-0.00250818
-0.00236616
-0.00222544
-0.00281382
-0.00266858
-0.00252486
-0.00238255
-0.00224156
-0.0028323
-0.00268673
-0.00254269
-0.00240007
-0.00225879
-0.00285197
-0.00270603
-0.00256165
-0.00241871
-0.00227711
-0.0028728
-0.00272648
-0.00258174
-0.00243845
-0.00229653
-0.00289478
-0.00274807
-0.00260294
-0.00245929
-0.00231701
-0.00291791
-0.00277078
-0.00262525
-0.00248121
-0.00233857
-0.00294217
-0.0027946
-0.00264865
-0.0025042
-0.00236118
-0.00296754
-0.00281952
-0.00267313
-0.00252826
-0.00238482
-0.00299403
-0.00284552
-0.00269867
-0.00255336
-0.0024095
-0.00302161
-0.0028726
-0.00272527
-0.0025795
-0.0024352
-0.00305026
-0.00290074
-0.00275291
-0.00260666
-0.0024619
-0.00307993
-0.00292988
-0.00278153
-0.00263478
-0.00248956
-0.00311057
-0.00295997
-0.00281109
-0.00266383
-0.00251812
-0.00314266
-0.00299148
-0.00284203
-0.00269423
-0.002548
-0.00317714
-0.00302528
-0.00287519
-0.00272676
-0.00257993
-0.0032095
-0.00305706
-0.00290637
-0.00275739
-0.00261003
-0.00324234
-0.00308994
-0.00293927
-0.00279031
-0.00264301
-0.00331855
-0.00316505
-0.00301331
-0.00286331
-0.00271502
-0.00339436
-0.00323987
-0.00308716
-0.00293624
-0.00278706
-0.00347342
-0.00331788
-0.00316416
-0.00301225
-0.00286214
-0.00355677
-0.00340007
-0.00324523
-0.00309224
-0.00294108
-0.00364387
-0.00348592
-0.00332986
-0.0031757
-0.0030234
-0.00373448
-0.00357518
-0.00341782
-0.00326237
-0.00310883
-0.00382837
-0.00366764
-0.00350886
-0.00335204
-0.00319716
-0.0039253
-0.00376303
-0.00360274
-0.00344444
-0.0032881
-0.00402497
-0.00386106
-0.00369916
-0.00353927
-0.00338138
-0.00412707
-0.00396143
-0.00379782
-0.00363625
-0.0034767
-0.0042313
-0.00406383
-0.00389841
-0.00373505
-0.00357374
-0.00433733
-0.00416793
-0.00400061
-0.00383536
-0.00367218
-0.00444482
-0.00427341
-0.00410409
-0.00393686
-0.00377172
-0.00455343
-0.00437992
-0.00420852
-0.00403923
-0.00387203
-0.00466283
-0.00448715
-0.00431359
-0.00414213
-0.00397279
-0.0047727
-0.00459477
-0.00441896
-0.00424527
-0.00407369
-0.00488269
-0.00470245
-0.00452433
-0.00434833
-0.00417444
-0.00499251
-0.00480989
-0.0046294
-0.00445103
-0.00427476
-0.00510184
-0.0049168
-0.00473388
-0.00455307
-0.00437436
-0.00521041
-0.00502289
-0.0048375
-0.0046542
-0.004473
-0.00531793
-0.00512791
-0.00494
-0.00475418
-0.00457044
-0.00542415
-0.0052316
-0.00504114
-0.00485277
-0.00466645
-0.00552885
-0.00533374
-0.00514072
-0.00494976
-0.00476084
-0.0056318
-0.00543413
-0.00523852
-0.00504496
-0.00485343
-0.0057328
-0.00553256
-0.00533438
-0.00513821
-0.00494405
-0.00583168
-0.00562888
-0.00542811
-0.00522934
-0.00503255
-0.00592828
-0.00572294
-0.00551959
-0.00531823
-0.00511882
-0.00602246
-0.00581458
-0.00560869
-0.00540475
-0.00520274
-0.00500264
-0.00611409
-0.00590371
-0.0056953
-0.0054888
-0.00528421
-0.00508151
-0.00620306
-0.00599022
-0.00577931
-0.0055703
-0.00536317
-0.00515788
-0.00628929
-0.00607402
-0.00586066
-0.00564918
-0.00543953
-0.00523171
-0.00637269
-0.00615504
-0.00593928
-0.00572536
-0.00551326
-0.00530295
-0.0064532
-0.00623323
-0.00601512
-0.00579882
-0.00558431
-0.00537156
-0.00653077
-0.00630853
-0.00608812
-0.0058695
-0.00565264
-0.00543751
-0.00660535
-0.0063809
-0.00615826
-0.00593739
-0.00571824
-0.00550079
-0.00667691
-0.00645032
-0.00622552
-0.00600245
-0.00578109
-0.00556139
-0.00674543
-0.00651677
-0.00628988
-0.00606469
-0.00584118
-0.00561931
-0.00681089
-0.00658024
-0.00635133
-0.0061241
-0.00589851
-0.00567455
-0.00687328
-0.00664071
-0.00640986
-0.00618067
-0.00595309
-0.00572711
-0.00693259
-0.00669819
-0.00646548
-0.00623441
-0.00600492
-0.00577701
-0.00675267
-0.00651819
-0.00628532
-0.00605402
-0.00582426
-0.00680418
-0.006568
-0.00633342
-0.00610039
-0.00586887
-0.0068527
-0.00661493
-0.00637873
-0.00614405
-0.00591087
-0.00689827
-0.00665898
-0.00642125
-0.00618502
-0.00595027
-0.00694089
-0.00670017
-0.006461
-0.00622332
-0.00598708
-0.00698057
-0.00673853
-0.00649801
-0.00625896
-0.00602134
-0.00701733
-0.00677405
-0.00653228
-0.00629196
-0.00605306
-0.0070512
-0.00680677
-0.00656384
-0.00632234
-0.00608225
-0.00708217
-0.00683669
-0.0065927
-0.00635013
-0.00610894
-0.00711027
-0.00686384
-0.00661887
-0.00637532
-0.00613315
-0.00713552
-0.00688822
-0.00664238
-0.00639795
-0.00615489
-0.00715792
-0.00690985
-0.00666324
-0.00641803
-0.00617417
-0.00717749
-0.00692876
-0.00668147
-0.00643556
-0.00619101
-0.00719424
-0.00694493
-0.00669706
-0.00645057
-0.00620542
-0.00720819
-0.0069584
-0.00671004
-0.00646306
-0.00621741
-0.00721933
-0.00696916
-0.00672042
-0.00647304
-0.00622699
-0.00722769
-0.00697723
-0.00672819
-0.00648052
-0.00623418
-0.00723325
-0.0069826
-0.00673337
-0.00648551
-0.00623896
-0.00723603
-0.00698528
-0.00673595
-0.00648799
-0.00624135
-0.00324217
-0.00331838
-0.00339419
-0.00347325
-0.00355659
-0.00364369
-0.0037343
-0.0038282
-0.00392513
-0.00402479
-0.0041269
-0.00423113
-0.00433716
-0.00444465
-0.00455327
-0.00466267
-0.00477254
-0.00488254
-0.00499236
-0.0051017
-0.00521026
-0.00531779
-0.00542402
-0.00552871
-0.00563167
-0.00573267
-0.00583156
-0.00592816
-0.00602234
-0.00611397
-0.00620295
-0.00628918
-0.00637258
-0.00645309
-0.00653066
-0.00660524
-0.0066768
-0.00674533
-0.00681079
-0.00687318
-0.00693249
-0.00698874
-0.00704191
-0.00709203
-0.00713909
-0.00718312
-0.00722412
-0.0072621
-0.0072971
-0.00732911
-0.00735816
-0.00738426
-0.00740742
-0.00742765
-0.00744497
-0.00745939
-0.00747092
-0.00747955
-0.00748531
-0.00748818
-0.00308978
-0.00316489
-0.0032397
-0.00331771
-0.0033999
-0.00348575
-0.00357501
-0.00366747
-0.00376286
-0.00386089
-0.00396126
-0.00406366
-0.00416777
-0.00427325
-0.00437977
-0.004487
-0.00459462
-0.0047023
-0.00480975
-0.00491666
-0.00502276
-0.00512777
-0.00523147
-0.00533361
-0.005434
-0.00553244
-0.00562876
-0.00572282
-0.00581447
-0.0059036
-0.00599011
-0.00607391
-0.00615494
-0.00623312
-0.00630842
-0.0063808
-0.00645022
-0.00651667
-0.00658014
-0.00664062
-0.0066981
-0.00675259
-0.00680409
-0.00685262
-0.00689819
-0.00694081
-0.00698049
-0.00701726
-0.00705112
-0.0070821
-0.0071102
-0.00713544
-0.00715785
-0.00717742
-0.00719417
-0.00720812
-0.00721926
-0.00722762
-0.00723319
-0.00723596
-0.00293912
-0.00301316
-0.00308701
-0.003164
-0.00324507
-0.0033297
-0.00341766
-0.0035087
-0.00360258
-0.003699
-0.00379766
-0.00389825
-0.00400045
-0.00410394
-0.00420837
-0.00431344
-0.00441882
-0.00452419
-0.00462926
-0.00473375
-0.00483737
-0.00493987
-0.00504102
-0.0051406
-0.0052384
-0.00533426
-0.005428
-0.00551948
-0.00560858
-0.00569518
-0.0057792
-0.00586056
-0.00593918
-0.00601501
-0.00608802
-0.00615816
-0.00622542
-0.00628978
-0.00635123
-0.00640976
-0.00646539
-0.0065181
-0.00656792
-0.00661484
-0.0066589
-0.00670009
-0.00673845
-0.00677397
-0.00680669
-0.00683661
-0.00686376
-0.00688814
-0.00690978
-0.00692868
-0.00694486
-0.00695833
-0.00696909
-0.00697715
-0.00698253
-0.00698521
-0.00279017
-0.00286317
-0.00293609
-0.0030121
-0.00309209
-0.00317554
-0.00326222
-0.00335189
-0.00344428
-0.00353912
-0.0036361
-0.0037349
-0.00383522
-0.00393672
-0.00403909
-0.004142
-0.00424514
-0.0043482
-0.0044509
-0.00455294
-0.00465408
-0.00475406
-0.00485265
-0.00494964
-0.00504485
-0.00513809
-0.00522923
-0.00531812
-0.00540464
-0.0054887
-0.0055702
-0.00564907
-0.00572526
-0.00579872
-0.0058694
-0.00593729
-0.00600236
-0.0060646
-0.006124
-0.00618057
-0.00623431
-0.00628522
-0.00633333
-0.00637863
-0.00642116
-0.00646091
-0.00649792
-0.00653219
-0.00656375
-0.00659261
-0.00661878
-0.0066423
-0.00666316
-0.00668138
-0.00669698
-0.00670996
-0.00672033
-0.0067281
-0.00673329
-0.00673587
-0.00264287
-0.00271488
-0.00278692
-0.002862
-0.00294094
-0.00302325
-0.00310869
-0.00319701
-0.00328796
-0.00338124
-0.00347656
-0.0035736
-0.00367205
-0.00377158
-0.00387189
-0.00397265
-0.00407356
-0.00417432
-0.00427463
-0.00437424
-0.00447288
-0.00457032
-0.00466634
-0.00476073
-0.00485332
-0.00494394
-0.00503245
-0.00511871
-0.00520263
-0.00528411
-0.00536307
-0.00543943
-0.00551316
-0.00558421
-0.00565254
-0.00571814
-0.00578099
-0.00584109
-0.00589842
-0.005953
-0.00600483
-0.00605393
-0.0061003
-0.00614396
-0.00618493
-0.00622323
-0.00625887
-0.00629187
-0.00632225
-0.00635004
-0.00637523
-0.00639786
-0.00641794
-0.00643547
-0.00645048
-0.00646297
-0.00647295
-0.00648043
-0.00648542
-0.0064879
-0.00320935
-0.00305691
-0.00290623
-0.00275725
-0.0026099
-0.00317699
-0.00302514
-0.00287505
-0.00272663
-0.00257981
-0.00314251
-0.00299133
-0.0028419
-0.0026941
-0.00254788
-0.00311043
-0.00295983
-0.00281096
-0.0026637
-0.002518
-0.00307979
-0.00292974
-0.0027814
-0.00263466
-0.00248944
-0.00305013
-0.00290061
-0.00275278
-0.00260654
-0.00246179
-0.00302147
-0.00287248
-0.00272515
-0.00257938
-0.00243509
-0.0029939
-0.0028454
-0.00269855
-0.00255325
-0.0024094
-0.00296742
-0.0028194
-0.00267301
-0.00252815
-0.00238472
-0.00294205
-0.00279449
-0.00264854
-0.0025041
-0.00236108
-0.00291779
-0.00277067
-0.00262515
-0.00248111
-0.00233847
-0.00289467
-0.00274797
-0.00260284
-0.00245919
-0.00231692
-0.00287269
-0.00272638
-0.00258165
-0.00243836
-0.00229644
-0.00285187
-0.00270594
-0.00256156
-0.00241862
-0.00227703
-0.00283221
-0.00268664
-0.0025426
-0.00239999
-0.00225871
-0.00281373
-0.00266849
-0.00252478
-0.00238248
-0.00224149
-0.00279643
-0.00265151
-0.0025081
-0.00236609
-0.00222537
-0.00278033
-0.00263571
-0.00249258
-0.00235083
-0.00221037
-0.00276544
-0.00262109
-0.00247822
-0.00233671
-0.00219649
-0.00275175
-0.00260766
-0.00246503
-0.00232375
-0.00218373
-0.00273928
-0.00259543
-0.00245301
-0.00231194
-0.00217212
-0.00272803
-0.0025844
-0.00244218
-0.00230129
-0.00216165
-0.00286297
-0.00271803
-0.00257459
-0.00243254
-0.00229181
-0.00215233
-0.00285403
-0.00270926
-0.002566
-0.0024241
-0.00228351
-0.00214416
-0.00284636
-0.00270175
-0.00255863
-0.00241685
-0.00227638
-0.00213715
-0.00283996
-0.00269548
-0.00255247
-0.0024108
-0.00227044
-0.00213131
-0.00283485
-0.00269047
-0.00254755
-0.00240596
-0.00226568
-0.00212663
-0.00283101
-0.0026867
-0.00254385
-0.00240233
-0.00226211
-0.00212312
-0.00282845
-0.00268419
-0.00254139
-0.00239991
-0.00225973
-0.00212077
-0.00282717
-0.00268294
-0.00254016
-0.0023987
-0.00225854
-0.0021196
)
;

boundaryField
{
    inlet
    {
        type            zeroGradient;
    }
    outlet
    {
        type            fixedValue;
        value           nonuniform 0();
    }
    cylinder
    {
        type            zeroGradient;
    }
    top
    {
        type            symmetryPlane;
    }
    bottom
    {
        type            symmetryPlane;
    }
    defaultFaces
    {
        type            empty;
    }
    procBoundary58to57
    {
        type            processor;
        value           nonuniform List<scalar> 
183
(
-0.00297282
-0.00297413
-0.00297675
-0.00298067
-0.0029859
-0.00299242
-0.00300024
-0.00286303
-0.00286303
-0.00287324
-0.00288469
-0.0028974
-0.00291134
-0.00292652
-0.00294293
-0.00296055
-0.00297938
-0.00299941
-0.00302063
-0.00304303
-0.00306659
-0.00309131
-0.00311716
-0.00314414
-0.00317223
-0.00320142
-0.00323164
-0.00326284
-0.00329553
-0.00333069
-0.00336366
-0.00339646
-0.00347381
-0.00355064
-0.00363079
-0.00371532
-0.0038037
-0.00389569
-0.00399106
-0.00408955
-0.00419089
-0.00429475
-0.00440084
-0.0045088
-0.00461832
-0.00472904
-0.00484063
-0.00495275
-0.00506507
-0.00517726
-0.00528902
-0.00540005
-0.00551007
-0.00561882
-0.00572606
-0.00583156
-0.00593511
-0.00603654
-0.00613567
-0.00623235
-0.00632646
-0.00641788
-0.00650651
-0.00659226
-0.00667508
-0.00675489
-0.00683165
-0.00690533
-0.00697589
-0.00704332
-0.00710761
-0.00716874
-0.00698883
-0.00698883
-0.00704201
-0.00709212
-0.00713918
-0.0071832
-0.0072242
-0.00726219
-0.00729718
-0.00732919
-0.00735824
-0.00738434
-0.0074075
-0.00742773
-0.00744505
-0.00745947
-0.007471
-0.00747963
-0.00748539
-0.00748826
-0.00339629
-0.00347363
-0.00355046
-0.0036306
-0.00371514
-0.00380352
-0.0038955
-0.00399087
-0.00408937
-0.0041907
-0.00429457
-0.00440066
-0.00450863
-0.00461815
-0.00472887
-0.00484047
-0.00495259
-0.00506491
-0.00517711
-0.00528887
-0.0053999
-0.00550992
-0.00561868
-0.00572592
-0.00583142
-0.00593498
-0.00603641
-0.00613554
-0.00623223
-0.00632634
-0.00641776
-0.00650639
-0.00659215
-0.00667496
-0.00675478
-0.00683154
-0.00690522
-0.00697578
-0.00704322
-0.0071075
-0.00716864
-0.00722661
-0.00728144
-0.00733312
-0.00738166
-0.00742707
-0.00746937
-0.00750857
-0.00754468
-0.00757772
-0.0076077
-0.00763464
-0.00765855
-0.00767944
-0.00769732
-0.00771221
-0.00772411
-0.00773303
-0.00773897
-0.00774194
-0.0033635
-0.00333053
-0.00329538
-0.00326269
-0.0032315
-0.00320128
-0.00317209
-0.003144
-0.00311703
-0.00309118
-0.00306647
-0.00304292
-0.00302052
-0.00299931
-0.00297928
-0.00296046
-0.00294284
-0.00292644
-0.00291126
-0.00289732
-0.00288462
-0.00287317
-0.00287317
-0.00300929
-0.00300018
-0.00299237
-0.00298586
-0.00298064
-0.00297673
-0.00297412
-0.00297282
)
;
    }
    procBoundary58to59
    {
        type            processor;
        value           nonuniform List<scalar> 
181
(
-0.00198179
-0.00198295
-0.00198525
-0.00198872
-0.00199333
-0.00199908
-0.00200599
-0.00201403
-0.0020232
-0.00203351
-0.00204495
-0.0020575
-0.00207116
-0.00208593
-0.00210179
-0.00211874
-0.00213677
-0.00215587
-0.00217603
-0.00219723
-0.00221947
-0.00224273
-0.00226701
-0.00229229
-0.00231856
-0.00234576
-0.00237386
-0.00240325
-0.00243461
-0.00246422
-0.00249732
-0.00256841
-0.00263962
-0.0027138
-0.00279174
-0.00287295
-0.00295718
-0.00304419
-0.00313372
-0.00322548
-0.00331916
-0.00341446
-0.00351106
-0.00360865
-0.00370691
-0.00380553
-0.00390421
-0.00400266
-0.00410059
-0.00419775
-0.00429389
-0.00438877
-0.0044822
-0.00457397
-0.00466391
-0.00475188
-0.00483773
-0.00492135
-0.00492135
-0.00480442
-0.00488065
-0.00495442
-0.00502568
-0.00509439
-0.00516053
-0.00522407
-0.00528501
-0.00534333
-0.00539905
-0.00545216
-0.00550268
-0.00555062
-0.005596
-0.00563883
-0.00567914
-0.00571695
-0.00575227
-0.00578513
-0.00581554
-0.00584353
-0.00586912
-0.00589232
-0.00591316
-0.00593163
-0.00594777
-0.00596158
-0.00597307
-0.00598225
-0.00598913
-0.00599372
-0.005996
-0.00249719
-0.00256828
-0.00263948
-0.00271366
-0.0027916
-0.00287281
-0.00295704
-0.00304406
-0.00313359
-0.00322534
-0.00331903
-0.00341433
-0.00351093
-0.00360852
-0.00370679
-0.00380541
-0.00390409
-0.00400254
-0.00410047
-0.00419763
-0.00429377
-0.00438866
-0.00448209
-0.00457386
-0.00466381
-0.00475178
-0.00483763
-0.00492125
-0.00500254
-0.00508141
-0.00515779
-0.00523162
-0.00530286
-0.00537147
-0.00543742
-0.00550071
-0.00556131
-0.00561923
-0.00567447
-0.00572703
-0.00577693
-0.00582418
-0.00586879
-0.00591079
-0.00595019
-0.00598701
-0.00602127
-0.00605299
-0.00608218
-0.00610887
-0.00613308
-0.00615482
-0.0061741
-0.00619094
-0.00620535
-0.00621734
-0.00622693
-0.00623411
-0.00623889
-0.00624128
-0.0024641
-0.00243449
-0.00240313
-0.00237374
-0.00234565
-0.00231845
-0.00229219
-0.00226691
-0.00224264
-0.00221938
-0.00219714
-0.00217594
-0.00215579
-0.00213669
-0.00211867
-0.00210172
-0.00208586
-0.0020711
-0.00205744
-0.00204489
-0.00203347
-0.00202316
-0.00201399
-0.00200595
-0.00199906
-0.0019933
-0.0019887
-0.00198524
-0.00198294
-0.00198179
)
;
    }
}


// ************************************************************************* //
