/*--------------------------------*- C++ -*----------------------------------*\
  =========                 |
  \\      /  F ield         | OpenFOAM: The Open Source CFD Toolbox
   \\    /   O peration     | Website:  https://openfoam.org
    \\  /    A nd           | Version:  7
     \\/     M anipulation  |
\*---------------------------------------------------------------------------*/
FoamFile
{
    version     2.0;
    format      ascii;
    class       volVectorField;
    location    "5";
    object      U;
}
// * * * * * * * * * * * * * * * * * * * * * * * * * * * * * * * * * * * * * //

dimensions      [0 1 -1 0 0 0 0];

internalField   nonuniform List<vector> 
928
(
(0.995393 -4.72111e-05 -3.30402e-25)
(0.995538 -4.57963e-05 -6.5976e-26)
(0.99568 -4.44295e-05 3.4282e-25)
(0.995817 -4.3109e-05 1.7745e-25)
(0.99595 -4.18332e-05 -4.07181e-25)
(0.995395 -0.000141233 -1.65926e-24)
(0.995541 -0.000136997 1.39682e-24)
(0.995682 -0.000132904 -1.66744e-24)
(0.995819 -0.000128949 1.19273e-24)
(0.995952 -0.000125129 -5.51906e-25)
(0.9954 -0.000235173 1.0782e-24)
(0.995546 -0.000228117 2.68318e-25)
(0.995687 -0.0002213 -4.45422e-25)
(0.995824 -0.000214714 -1.37198e-24)
(0.995957 -0.000208351 -4.22106e-26)
(0.995408 -0.000328975 5.77416e-24)
(0.995553 -0.000319103 -3.51057e-24)
(0.995694 -0.000309567 -8.13305e-25)
(0.99583 -0.000300353 1.80538e-24)
(0.995963 -0.000291452 -3.80959e-24)
(0.995417 -0.000422585 5.20214e-24)
(0.995562 -0.000409904 -8.2668e-24)
(0.995703 -0.000397653 2.21082e-24)
(0.995839 -0.000385817 3.2756e-24)
(0.995972 -0.000374382 -4.74107e-24)
(0.99543 -0.000515949 9.08697e-24)
(0.995574 -0.000500466 -5.57194e-24)
(0.995714 -0.000485508 -1.54947e-24)
(0.99585 -0.000471057 4.45457e-24)
(0.995982 -0.000457095 -2.02866e-24)
(0.995444 -0.000609013 -7.76023e-24)
(0.995588 -0.000590737 5.27668e-24)
(0.995728 -0.000573081 2.35418e-24)
(0.995863 -0.000556023 -4.16106e-24)
(0.995995 -0.000539542 2.19826e-24)
(0.995461 -0.000701726 -1.15631e-24)
(0.995605 -0.000680667 3.8199e-24)
(0.995744 -0.000660323 -8.89561e-24)
(0.995879 -0.000640668 6.34171e-24)
(0.99601 -0.000621678 -2.63205e-24)
(0.99548 -0.000794035 -4.64029e-24)
(0.995623 -0.000770206 -3.93802e-25)
(0.995762 -0.000747185 6.88505e-24)
(0.995896 -0.000724944 -8.91467e-24)
(0.996027 -0.000703456 5.15976e-24)
(0.995502 -0.000885891 -2.28519e-24)
(0.995644 -0.000859305 -5.00545e-24)
(0.995782 -0.00083362 4.48916e-24)
(0.995916 -0.000808806 2.49502e-24)
(0.996046 -0.000784832 5.75659e-24)
(0.995526 -0.000977244 7.24636e-24)
(0.995667 -0.000947915 8.19226e-24)
(0.995804 -0.000919581 -1.77069e-23)
(0.995937 -0.000892208 -3.63925e-25)
(0.996066 -0.000865762 3.00328e-24)
(0.995551 -0.00106805 1.56824e-23)
(0.995692 -0.00103599 -2.74153e-25)
(0.995828 -0.00100502 5.06635e-24)
(0.99596 -0.000975107 -1.69381e-23)
(0.996089 -0.000946203 -3.99665e-24)
(0.995579 -0.00115825 -1.4122e-23)
(0.995719 -0.00112349 3.07536e-24)
(0.995854 -0.0010899 7.22986e-24)
(0.995986 -0.00105746 7.40612e-24)
(0.996113 -0.00102611 3.12852e-24)
(0.995609 -0.00124781 -7.14584e-24)
(0.995748 -0.00121036 -3.23114e-24)
(0.995882 -0.00117418 -2.6199e-24)
(0.996013 -0.00113922 4.61467e-24)
(0.996139 -0.00110545 8.16329e-24)
(0.995641 -0.00133669 -1.88662e-23)
(0.995779 -0.00129656 7.7024e-24)
(0.995912 -0.0012578 -1.868e-24)
(0.996042 -0.00122036 -4.32176e-24)
(0.996167 -0.00118418 2.53327e-24)
(0.995675 -0.00142483 2.98332e-24)
(0.995811 -0.00138206 3.30267e-24)
(0.995944 -0.00134075 -6.84618e-24)
(0.996072 -0.00130083 1.37804e-23)
(0.996197 -0.00126227 -1.12802e-23)
(0.995711 -0.00151221 1.18044e-23)
(0.995846 -0.00146682 3.74308e-24)
(0.995977 -0.00142296 6.20598e-24)
(0.996104 -0.0013806 -1.56058e-23)
(0.996228 -0.00133967 5.08773e-24)
(0.995748 -0.00159879 -1.22184e-24)
(0.995882 -0.00155079 2.45719e-25)
(0.996012 -0.00150442 2.63919e-24)
(0.996138 -0.00145963 -6.38648e-24)
(0.996261 -0.00141635 2.64544e-24)
(0.995787 -0.00168452 1.89152e-23)
(0.99592 -0.00163394 -4.0902e-25)
(0.996048 -0.00158509 -1.50061e-24)
(0.996173 -0.00153789 1.68977e-23)
(0.996295 -0.00149229 -1.23996e-23)
(0.995828 -0.00176937 8.89925e-24)
(0.995959 -0.00171624 -1.17475e-24)
(0.996086 -0.00166492 -1.22557e-24)
(0.99621 -0.00161534 1.1494e-23)
(0.99633 -0.00156745 -8.23772e-24)
(0.99587 -0.00185332 1.40266e-23)
(0.995999 -0.00179767 -1.99525e-23)
(0.996126 -0.0017439 1.65016e-23)
(0.996248 -0.00169197 9.20235e-24)
(0.996367 -0.0016418 -1.02073e-23)
(0.995913 -0.00193633 1.23373e-24)
(0.996041 -0.00187818 -3.22797e-23)
(0.996166 -0.001822 1.93898e-23)
(0.996287 -0.00176774 -1.08647e-23)
(0.996405 -0.00171531 -6.39049e-24)
(0.995958 -0.00201837 3.3881e-23)
(0.996085 -0.00195775 1.28995e-23)
(0.996208 -0.00189919 3.41516e-24)
(0.996328 -0.00184262 -4.96298e-23)
(0.996444 -0.00178797 3.30123e-23)
(0.996003 -0.00209943 1.45733e-23)
(0.996129 -0.00203636 -2.12424e-24)
(0.996251 -0.00197544 2.1735e-24)
(0.996369 -0.00191659 1.53206e-23)
(0.996484 -0.00185974 -1.51622e-23)
(0.99605 -0.00217947 7.36427e-24)
(0.996174 -0.00211399 -2.90678e-23)
(0.996295 -0.00205074 1.57855e-23)
(0.996412 -0.00198963 -2.16742e-23)
(0.996525 -0.00193061 1.24368e-23)
(0.996098 -0.00225847 -2.07223e-23)
(0.996221 -0.00219061 -6.67365e-24)
(0.99634 -0.00212505 3.93244e-23)
(0.996455 -0.00206173 -1.80094e-23)
(0.996567 -0.00200055 4.03113e-24)
(0.996147 -0.00233641 -2.55254e-23)
(0.996268 -0.00226619 -1.37367e-24)
(0.996385 -0.00219837 6.5123e-24)
(0.996499 -0.00213285 -7.29481e-24)
(0.99661 -0.00206955 -1.91159e-26)
(0.996197 -0.00241331 3.26011e-23)
(0.996316 -0.00234076 -2.49229e-23)
(0.996432 -0.00227069 -1.1762e-23)
(0.996544 -0.002203 2.51957e-23)
(0.996654 -0.00213762 4.13296e-24)
(0.996247 -0.00248925 8.87976e-24)
(0.996365 -0.0024144 2.72387e-23)
(0.996479 -0.0023421 2.42943e-25)
(0.99659 -0.00227226 -1.70781e-23)
(0.996698 -0.0022048 -1.81589e-23)
(0.996298 -0.00256398 -3.49473e-23)
(0.996414 -0.00248686 2.35802e-23)
(0.996527 -0.00241237 1.26799e-24)
(0.996636 -0.00234042 -4.39471e-24)
(0.996743 -0.00227092 1.42346e-23)
(0.996385 -0.00268561 0)
(0.996498 -0.00260485 0)
(0.996608 -0.00252684 0)
(0.996715 -0.00245149 0)
(0.996819 -0.00237871 0)
(0.99692 -0.0023084 0)
(0.99651 -0.0028437 0)
(0.99662 -0.00275848 0)
(0.996726 -0.00267615 0)
(0.996829 -0.00259662 0)
(0.996929 -0.00251979 0)
(0.997026 -0.00244557 0)
(0.996639 -0.00299764 0)
(0.996744 -0.00290802 0)
(0.996846 -0.00282143 0)
(0.996945 -0.00273778 0)
(0.997041 -0.00265696 0)
(0.997135 -0.00257888 0)
(0.996771 -0.00314569 0)
(0.996871 -0.00305184 0)
(0.996969 -0.00296117 0)
(0.997064 -0.00287356 0)
(0.997157 -0.00278891 0)
(0.997246 -0.00270712 0)
(0.996906 -0.0032874 0)
(0.997002 -0.00318953 0)
(0.997096 -0.00309497 0)
(0.997187 -0.00300359 0)
(0.997275 -0.00291529 0)
(0.997361 -0.00282997 0)
(0.997045 -0.00342274 0)
(0.997136 -0.00332106 0)
(0.997226 -0.00322279 0)
(0.997312 -0.00312783 0)
(0.997397 -0.00303606 0)
(0.997479 -0.00294738 0)
(0.997187 -0.00355156 0)
(0.997274 -0.00344626 0)
(0.997359 -0.00334449 0)
(0.997441 -0.00324613 0)
(0.997522 -0.00315107 0)
(0.997599 -0.0030592 0)
(0.997333 -0.00367369 0)
(0.997415 -0.00356498 0)
(0.997496 -0.0034599 0)
(0.997574 -0.00335833 0)
(0.997649 -0.00326017 0)
(0.997723 -0.00316529 0)
(0.997482 -0.00378896 0)
(0.99756 -0.00367705 0)
(0.997636 -0.00356887 0)
(0.997709 -0.0034643 0)
(0.997781 -0.00336322 0)
(0.99785 -0.00326552 0)
(0.997636 -0.0038972 0)
(0.997709 -0.00378231 0)
(0.997779 -0.00367123 0)
(0.997848 -0.00356386 0)
(0.997915 -0.00346006 0)
(0.99798 -0.00335972 0)
(0.997793 -0.00399824 0)
(0.997861 -0.00388059 0)
(0.997926 -0.00376684 0)
(0.997991 -0.00365686 0)
(0.998053 -0.00355054 0)
(0.998114 -0.00344775 0)
(0.997954 -0.00409191 0)
(0.998016 -0.00397173 0)
(0.998077 -0.00385552 0)
(0.998136 -0.00374315 0)
(0.998194 -0.00363451 0)
(0.99825 -0.00352947 0)
(0.998118 -0.00417806 0)
(0.998175 -0.00405557 0)
(0.998231 -0.00393712 0)
(0.998285 -0.00382258 0)
(0.998338 -0.00371182 0)
(0.998389 -0.00360473 0)
(0.998285 -0.00425652 0)
(0.998337 -0.00413197 0)
(0.998388 -0.00401151 0)
(0.998437 -0.00389501 0)
(0.998485 -0.00378234 0)
(0.998532 -0.0036734 0)
(0.998456 -0.00432715 0)
(0.998503 -0.00420077 0)
(0.998548 -0.00407853 0)
(0.998592 -0.00396029 0)
(0.998635 -0.00384594 0)
(0.998677 -0.00373535 0)
(0.99863 -0.00438982 0)
(0.998671 -0.00426185 0)
(0.998711 -0.00413806 0)
(0.998749 -0.00401832 0)
(0.998787 -0.00390249 0)
(0.998824 -0.00379047 0)
(0.998806 -0.0044444 0)
(0.998842 -0.0043151 0)
(0.998876 -0.00418999 0)
(0.998909 -0.00406896 0)
(0.998942 -0.00395188 0)
(0.998974 -0.00383863 0)
(0.998985 -0.0044908 0)
(0.999015 -0.0043604 0)
(0.999044 -0.00423422 0)
(0.999072 -0.00411214 0)
(0.999099 -0.00399403 0)
(0.999126 -0.00387976 0)
(0.999166 -0.00452893 0)
(0.99919 -0.00439767 0)
(0.999213 -0.00427066 0)
(0.999236 -0.00414775 0)
(0.999258 -0.00402883 0)
(0.99928 -0.00391377 0)
(0.999349 -0.00455871 0)
(0.999367 -0.00442685 0)
(0.999384 -0.00429924 0)
(0.999402 -0.00417574 0)
(0.999418 -0.00405623 0)
(0.999435 -0.0039406 0)
(0.999533 -0.00458009 0)
(0.999545 -0.00444788 0)
(0.999557 -0.00431991 0)
(0.999569 -0.00419605 0)
(0.99958 -0.00407618 0)
(0.999591 -0.00396018 0)
(0.999718 -0.00459304 0)
(0.999724 -0.00446073 0)
(0.99973 -0.00433264 0)
(0.999737 -0.00420865 0)
(0.999743 -0.00408864 0)
(0.999749 -0.00397249 0)
(0.999904 -0.00459756 0)
(0.999904 -0.00446539 0)
(0.999905 -0.00433742 0)
(0.999905 -0.00421353 0)
(0.999906 -0.0040936 0)
(0.999907 -0.00397752 0)
(1.00009 -0.00459364 0)
(1.00008 -0.00446185 0)
(1.00008 -0.00433423 0)
(1.00007 -0.00421067 0)
(1.00007 -0.00409105 0)
(1.00007 -0.00397524 0)
(1.00028 -0.00458131 0)
(1.00026 -0.00445014 0)
(1.00025 -0.00432311 0)
(1.00024 -0.00420011 0)
(1.00023 -0.004081 0)
(1.00022 -0.0039657 0)
(1.00046 -0.00456061 0)
(1.00044 -0.00443031 0)
(1.00043 -0.0043041 0)
(1.00041 -0.00418187 0)
(1.0004 -0.0040635 0)
(1.00038 -0.0039489 0)
(1.00064 -0.00453161 0)
(1.00062 -0.0044024 0)
(1.0006 -0.00427724 0)
(1.00058 -0.00415601 0)
(1.00056 -0.0040386 0)
(1.00054 -0.0039249 0)
(1.00083 -0.00449439 0)
(1.0008 -0.00436651 0)
(1.00077 -0.00424261 0)
(1.00074 -0.0041226 0)
(1.00072 -0.00400635 0)
(1.00069 -0.00389376 0)
(1.00097 -0.00432272 0)
(1.00094 -0.00420031 0)
(1.00091 -0.00408171 0)
(1.00088 -0.00396683 0)
(1.00085 -0.00385556 0)
(1.00115 -0.00427113 0)
(1.00111 -0.00415042 0)
(1.00107 -0.00403346 0)
(1.00104 -0.00392015 0)
(1.001 -0.00381038 0)
(1.00132 -0.00421189 0)
(1.00128 -0.00409308 0)
(1.00123 -0.00397796 0)
(1.00119 -0.00386641 0)
(1.00115 -0.00375834 0)
(1.00149 -0.00414511 0)
(1.00144 -0.00402842 0)
(1.00139 -0.00391533 0)
(1.00135 -0.00380573 0)
(1.0013 -0.00369955 0)
(1.00165 -0.00407096 0)
(1.0016 -0.00395658 0)
(1.00155 -0.00384571 0)
(1.0015 -0.00373826 0)
(1.00145 -0.00363413 0)
(1.00182 -0.0039896 0)
(1.00176 -0.00387772 0)
(1.0017 -0.00376925 0)
(1.00164 -0.00366413 0)
(1.00159 -0.00356224 0)
(1.00197 -0.00390121 0)
(1.00191 -0.00379201 0)
(1.00185 -0.00368613 0)
(1.00179 -0.0035835 0)
(1.00173 -0.00348403 0)
(1.00213 -0.00380597 0)
(1.00206 -0.00369963 0)
(1.00199 -0.00359652 0)
(1.00193 -0.00349656 0)
(1.00187 -0.00339966 0)
(1.00228 -0.00370409 0)
(1.00221 -0.00360078 0)
(1.00214 -0.0035006 0)
(1.00207 -0.00340346 0)
(1.002 -0.0033093 0)
(1.00243 -0.00359578 0)
(1.00235 -0.00349566 0)
(1.00227 -0.00339857 0)
(1.0022 -0.00330442 0)
(1.00213 -0.00321314 0)
(1.00257 -0.00348124 0)
(1.00249 -0.00338448 0)
(1.00241 -0.00329063 0)
(1.00233 -0.00319961 0)
(1.00225 -0.00311137 0)
(1.0027 -0.00336072 0)
(1.00262 -0.00326745 0)
(1.00253 -0.00317699 0)
(1.00245 -0.00308926 0)
(1.00237 -0.00300418 0)
(1.00284 -0.00323443 0)
(1.00275 -0.00314482 0)
(1.00266 -0.00305788 0)
(1.00257 -0.00297356 0)
(1.00249 -0.00289179 0)
(1.00296 -0.00310263 0)
(1.00287 -0.0030168 0)
(1.00278 -0.00293352 0)
(1.00269 -0.00285275 0)
(1.0026 -0.00277441 0)
(1.00308 -0.00296556 0)
(1.00298 -0.00288364 0)
(1.00289 -0.00280415 0)
(1.0028 -0.00272705 0)
(1.00271 -0.00265226 0)
(1.0032 -0.00282347 0)
(1.0031 -0.00274558 0)
(1.003 -0.00267001 0)
(1.0029 -0.00259669 0)
(1.00281 -0.00252556 0)
(1.00331 -0.00267662 0)
(1.0032 -0.00260289 0)
(1.0031 -0.00253133 0)
(1.003 -0.00246191 0)
(1.00291 -0.00239456 0)
(1.00341 -0.00252529 0)
(1.0033 -0.00245581 0)
(1.0032 -0.00238838 0)
(1.0031 -0.00232295 0)
(1.003 -0.00225948 0)
(1.00351 -0.00236973 0)
(1.0034 -0.00230461 0)
(1.00329 -0.00224141 0)
(1.00319 -0.00218008 0)
(1.00309 -0.00212057 0)
(1.0036 -0.00221023 0)
(1.00348 -0.00214956 0)
(1.00337 -0.00209067 0)
(1.00327 -0.00203352 0)
(1.00317 -0.00197808 0)
(1.00368 -0.00204706 0)
(1.00357 -0.00199092 0)
(1.00345 -0.00193644 0)
(1.00335 -0.00188356 0)
(1.00324 -0.00183225 0)
(1.00376 -0.0018805 0)
(1.00364 -0.00182898 0)
(1.00353 -0.00177897 0)
(1.00342 -0.00173043 0)
(1.00331 -0.00168334 0)
(1.00383 -0.00171083 0)
(1.00371 -0.001664 0)
(1.00359 -0.00161854 0)
(1.00348 -0.00157442 0)
(1.00337 -0.0015316 0)
(1.00389 -0.00153835 0)
(1.00377 -0.00149628 0)
(1.00365 -0.00145543 0)
(1.00354 -0.00141578 0)
(1.00343 -0.00137731 0)
(1.00395 -0.00136334 0)
(1.00383 -0.00132608 0)
(1.00371 -0.00128991 0)
(1.00359 -0.00125479 0)
(1.00348 -0.00122071 0)
(1.004 -0.0011861 0)
(1.00388 -0.0011537 0)
(1.00376 -0.00112225 0)
(1.00364 -0.00109172 0)
(1.00352 -0.00106208 0)
(1.00404 -0.00100692 0)
(1.00392 -0.000979427 0)
(1.0038 -0.000952739 0)
(1.00368 -0.000926832 0)
(1.00356 -0.000901688 0)
(1.00408 -0.000826087 0)
(1.00395 -0.000803546 0)
(1.00383 -0.000781659 0)
(1.00371 -0.000760413 0)
(1.00359 -0.000739793 0)
(1.00411 -0.000643912 0)
(1.00398 -0.000626347 0)
(1.00386 -0.000609294 0)
(1.00374 -0.000592738 0)
(1.00362 -0.00057667 0)
(1.00413 -0.000460687 0)
(1.004 -0.000448124 0)
(1.00388 -0.000435926 0)
(1.00376 -0.000424084 0)
(1.00364 -0.000412591 0)
(1.00414 -0.000276713 0)
(1.00402 -0.000269169 0)
(1.00389 -0.000261843 0)
(1.00377 -0.000254731 0)
(1.00365 -0.000247829 0)
(1.00415 -9.22883e-05 0)
(1.00402 -8.97723e-05 0)
(1.0039 -8.73293e-05 0)
(1.00378 -8.49576e-05 0)
(1.00366 -8.26556e-05 0)
(0.996385 0.00268525 0)
(0.99651 0.00284334 0)
(0.996639 0.00299729 0)
(0.99677 0.00314534 0)
(0.996906 0.00328705 0)
(0.997044 0.0034224 0)
(0.997187 0.00355122 0)
(0.997333 0.00367336 0)
(0.997482 0.00378863 0)
(0.997636 0.00389688 0)
(0.997793 0.00399792 0)
(0.997953 0.0040916 0)
(0.998118 0.00417775 0)
(0.998285 0.00425621 0)
(0.998456 0.00432685 0)
(0.99863 0.00438952 0)
(0.998806 0.00444411 0)
(0.998985 0.00449052 0)
(0.999166 0.00452865 0)
(0.999349 0.00455843 0)
(0.999533 0.00457982 0)
(0.999718 0.00459278 0)
(0.999903 0.0045973 0)
(1.00009 0.00459339 0)
(1.00028 0.00458106 0)
(1.00046 0.00456037 0)
(1.00064 0.00453138 0)
(1.00083 0.00449417 0)
(1.00101 0.00444883 0)
(1.00119 0.00439548 0)
(1.00136 0.00433426 0)
(1.00154 0.00426529 0)
(1.00171 0.00418876 0)
(1.00188 0.00410481 0)
(1.00204 0.00401365 0)
(1.0022 0.00391546 0)
(1.00235 0.00381045 0)
(1.0025 0.00369883 0)
(1.00265 0.00358084 0)
(1.00279 0.0034567 0)
(1.00293 0.00332665 0)
(1.00306 0.00319095 0)
(1.00318 0.00304985 0)
(1.0033 0.0029036 0)
(1.00341 0.00275248 0)
(1.00352 0.00259677 0)
(1.00362 0.00243672 0)
(1.00371 0.00227264 0)
(1.0038 0.0021048 0)
(1.00388 0.00193348 0)
(1.00395 0.00175899 0)
(1.00402 0.00158162 0)
(1.00408 0.00140166 0)
(1.00413 0.00121941 0)
(1.00417 0.00103518 0)
(1.00421 0.000849266 0)
(1.00424 0.000661972 0)
(1.00426 0.000473605 0)
(1.00428 0.000284471 0)
(1.00428 9.48754e-05 0)
(0.996498 0.0026045 0)
(0.996619 0.00275813 0)
(0.996744 0.00290767 0)
(0.996871 0.0030515 0)
(0.997002 0.0031892 0)
(0.997136 0.00332072 0)
(0.997274 0.00344593 0)
(0.997415 0.00356465 0)
(0.99756 0.00367673 0)
(0.997708 0.00378199 0)
(0.99786 0.00388028 0)
(0.998016 0.00397142 0)
(0.998175 0.00405527 0)
(0.998337 0.00413167 0)
(0.998502 0.00420047 0)
(0.998671 0.00426156 0)
(0.998841 0.00431481 0)
(0.999014 0.00436012 0)
(0.99919 0.0043974 0)
(0.999367 0.00442658 0)
(0.999545 0.00444762 0)
(0.999724 0.00446047 0)
(0.999904 0.00446513 0)
(1.00008 0.0044616 0)
(1.00026 0.0044499 0)
(1.00044 0.00443007 0)
(1.00062 0.00440217 0)
(1.0008 0.00436629 0)
(1.00097 0.0043225 0)
(1.00115 0.00427092 0)
(1.00132 0.00421168 0)
(1.00149 0.00414491 0)
(1.00165 0.00407077 0)
(1.00182 0.00398942 0)
(1.00197 0.00390103 0)
(1.00213 0.0038058 0)
(1.00228 0.00370393 0)
(1.00243 0.00359562 0)
(1.00257 0.00348109 0)
(1.0027 0.00336057 0)
(1.00283 0.00323429 0)
(1.00296 0.0031025 0)
(1.00308 0.00296543 0)
(1.0032 0.00282335 0)
(1.00331 0.00267651 0)
(1.00341 0.00252519 0)
(1.00351 0.00236964 0)
(1.0036 0.00221014 0)
(1.00368 0.00204698 0)
(1.00376 0.00188042 0)
(1.00383 0.00171076 0)
(1.00389 0.00153829 0)
(1.00395 0.00136329 0)
(1.004 0.00118605 0)
(1.00404 0.00100688 0)
(1.00408 0.000826055 0)
(1.00411 0.000643886 0)
(1.00413 0.000460669 0)
(1.00414 0.000276702 0)
(1.00415 9.22847e-05 0)
(0.996608 0.0025265 0)
(0.996725 0.00267581 0)
(0.996846 0.00282109 0)
(0.996969 0.00296084 0)
(0.997096 0.00309464 0)
(0.997225 0.00322246 0)
(0.997359 0.00334416 0)
(0.997495 0.00345958 0)
(0.997636 0.00356855 0)
(0.997779 0.00367092 0)
(0.997926 0.00376653 0)
(0.998077 0.00385521 0)
(0.998231 0.00393682 0)
(0.998388 0.00401121 0)
(0.998548 0.00407824 0)
(0.99871 0.00413778 0)
(0.998876 0.00418971 0)
(0.999043 0.00423394 0)
(0.999213 0.00427039 0)
(0.999384 0.00429898 0)
(0.999557 0.00431965 0)
(0.99973 0.00433239 0)
(0.999904 0.00433717 0)
(1.00008 0.00433399 0)
(1.00025 0.00432288 0)
(1.00043 0.00430387 0)
(1.0006 0.00427702 0)
(1.00077 0.00424239 0)
(1.00094 0.00420009 0)
(1.00111 0.00415022 0)
(1.00128 0.00409288 0)
(1.00144 0.00402822 0)
(1.0016 0.00395639 0)
(1.00176 0.00387753 0)
(1.00191 0.00379183 0)
(1.00206 0.00369946 0)
(1.00221 0.00360062 0)
(1.00235 0.0034955 0)
(1.00248 0.00338433 0)
(1.00262 0.00326731 0)
(1.00274 0.00314468 0)
(1.00287 0.00301667 0)
(1.00298 0.00288351 0)
(1.0031 0.00274547 0)
(1.0032 0.00260278 0)
(1.0033 0.00245571 0)
(1.0034 0.00230452 0)
(1.00348 0.00214947 0)
(1.00357 0.00199084 0)
(1.00364 0.0018289 0)
(1.00371 0.00166394 0)
(1.00377 0.00149622 0)
(1.00383 0.00132603 0)
(1.00388 0.00115366 0)
(1.00392 0.000979388 0)
(1.00395 0.000803514 0)
(1.00398 0.000626323 0)
(1.004 0.000448106 0)
(1.00402 0.000269158 0)
(1.00402 8.97688e-05 0)
(0.996715 0.00245116 0)
(0.996828 0.00259629 0)
(0.996945 0.00273745 0)
(0.997064 0.00287323 0)
(0.997187 0.00300326 0)
(0.997312 0.0031275 0)
(0.997441 0.00324581 0)
(0.997573 0.00335802 0)
(0.997709 0.00346399 0)
(0.997848 0.00356355 0)
(0.99799 0.00365656 0)
(0.998136 0.00374285 0)
(0.998285 0.00382229 0)
(0.998437 0.00389472 0)
(0.998592 0.00396001 0)
(0.998749 0.00401804 0)
(0.998909 0.00406869 0)
(0.999071 0.00411187 0)
(0.999236 0.00414749 0)
(0.999401 0.00417548 0)
(0.999568 0.0041958 0)
(0.999736 0.0042084 0)
(0.999905 0.00421328 0)
(1.00007 0.00421043 0)
(1.00024 0.00419987 0)
(1.00041 0.00418164 0)
(1.00058 0.00415579 0)
(1.00074 0.00412238 0)
(1.00091 0.0040815 0)
(1.00107 0.00403326 0)
(1.00123 0.00397776 0)
(1.00139 0.00391513 0)
(1.00155 0.00384552 0)
(1.0017 0.00376907 0)
(1.00185 0.00368596 0)
(1.00199 0.00359635 0)
(1.00213 0.00350044 0)
(1.00227 0.00339841 0)
(1.00241 0.00329048 0)
(1.00253 0.00317685 0)
(1.00266 0.00305775 0)
(1.00278 0.0029334 0)
(1.00289 0.00280403 0)
(1.003 0.00266989 0)
(1.0031 0.00253123 0)
(1.0032 0.00238828 0)
(1.00329 0.00224131 0)
(1.00337 0.00209058 0)
(1.00345 0.00193636 0)
(1.00353 0.0017789 0)
(1.00359 0.00161848 0)
(1.00365 0.00145537 0)
(1.00371 0.00128985 0)
(1.00375 0.0011222 0)
(1.0038 0.0009527 0)
(1.00383 0.000781628 0)
(1.00386 0.000609269 0)
(1.00388 0.000435908 0)
(1.00389 0.000261832 0)
(1.0039 8.73258e-05 0)
(0.996819 0.00237838 0)
(0.996928 0.00251946 0)
(0.997041 0.00265663 0)
(0.997157 0.00278859 0)
(0.997275 0.00291497 0)
(0.997397 0.00303574 0)
(0.997521 0.00315075 0)
(0.997649 0.00325986 0)
(0.997781 0.00336291 0)
(0.997915 0.00345975 0)
(0.998053 0.00355024 0)
(0.998194 0.00363421 0)
(0.998338 0.00371153 0)
(0.998485 0.00378206 0)
(0.998635 0.00384566 0)
(0.998787 0.00390221 0)
(0.998942 0.00395161 0)
(0.999099 0.00399376 0)
(0.999258 0.00402857 0)
(0.999418 0.00405598 0)
(0.99958 0.00407593 0)
(0.999742 0.0040884 0)
(0.999906 0.00409336 0)
(1.00007 0.00409081 0)
(1.00023 0.00408077 0)
(1.0004 0.00406328 0)
(1.00056 0.00403838 0)
(1.00072 0.00400613 0)
(1.00088 0.00396662 0)
(1.00104 0.00391995 0)
(1.00119 0.00386621 0)
(1.00135 0.00380554 0)
(1.0015 0.00373807 0)
(1.00164 0.00366395 0)
(1.00179 0.00358333 0)
(1.00193 0.00349639 0)
(1.00207 0.00340331 0)
(1.0022 0.00330427 0)
(1.00233 0.00319947 0)
(1.00245 0.00308912 0)
(1.00257 0.00297343 0)
(1.00269 0.00285262 0)
(1.0028 0.00272693 0)
(1.0029 0.00259657 0)
(1.003 0.0024618 0)
(1.0031 0.00232285 0)
(1.00319 0.00217998 0)
(1.00327 0.00203344 0)
(1.00335 0.00188348 0)
(1.00342 0.00173036 0)
(1.00348 0.00157436 0)
(1.00354 0.00141573 0)
(1.00359 0.00125474 0)
(1.00364 0.00109167 0)
(1.00368 0.000926794 0)
(1.00371 0.000760382 0)
(1.00374 0.000592714 0)
(1.00376 0.000424067 0)
(1.00377 0.000254721 0)
(1.00378 8.49542e-05 0)
(0.996298 0.00256362 3.44261e-23)
(0.996414 0.00248651 -2.27475e-23)
(0.996527 0.00241202 -1.09879e-24)
(0.996636 0.00234008 3.60253e-24)
(0.996743 0.00227058 -1.39361e-23)
(0.996247 0.00248889 -1.01794e-23)
(0.996365 0.00241404 -2.78935e-23)
(0.996479 0.00234175 -2.9365e-25)
(0.99659 0.00227192 1.66146e-23)
(0.996698 0.00220446 1.79804e-23)
(0.996197 0.00241295 -3.13344e-23)
(0.996316 0.00234041 2.6164e-23)
(0.996432 0.00227034 1.11881e-23)
(0.996544 0.00220266 -2.21323e-23)
(0.996654 0.00213728 -2.19912e-24)
(0.996147 0.00233605 2.38143e-23)
(0.996268 0.00226584 -2.70715e-24)
(0.996385 0.00219802 -8.08052e-24)
(0.996499 0.0021325 3.50341e-24)
(0.99661 0.00206922 -2.22017e-24)
(0.996098 0.00225811 2.23542e-23)
(0.996221 0.00219025 8.03561e-24)
(0.99634 0.0021247 -3.63052e-23)
(0.996455 0.00206138 1.85822e-23)
(0.996567 0.00200022 -5.01867e-24)
(0.99605 0.0021791 -6.97917e-24)
(0.996174 0.00211363 2.82083e-23)
(0.996295 0.00205039 -1.84978e-23)
(0.996412 0.00198929 2.3066e-23)
(0.996525 0.00193027 -1.27916e-23)
(0.996003 0.00209906 -1.35995e-23)
(0.996129 0.002036 2.12577e-26)
(0.996251 0.00197509 -5.21166e-24)
(0.996369 0.00191625 -9.32467e-24)
(0.996484 0.0018594 1.23619e-23)
(0.995957 0.00201801 -2.85668e-23)
(0.996085 0.00195739 -2.34501e-24)
(0.996208 0.00189884 7.11836e-24)
(0.996328 0.00184227 4.60469e-23)
(0.996444 0.00178763 -2.35722e-23)
(0.995913 0.00193596 -1.30171e-23)
(0.996041 0.00187782 3.11434e-23)
(0.996166 0.00182165 -2.25744e-23)
(0.996287 0.00176739 9.04892e-24)
(0.996405 0.00171497 5.74146e-24)
(0.995869 0.00185295 -1.92947e-24)
(0.995999 0.00179731 1.34822e-23)
(0.996126 0.00174355 -1.3222e-23)
(0.996248 0.00169162 -7.51e-24)
(0.996367 0.00164146 9.42883e-24)
(0.995827 0.00176901 -1.10684e-23)
(0.995959 0.00171588 -4.12161e-24)
(0.996086 0.00166457 -9.40085e-24)
(0.99621 0.001615 -1.3454e-23)
(0.99633 0.00156711 -1.26138e-24)
(0.995787 0.00168415 -1.63405e-23)
(0.99592 0.00163358 1.30386e-23)
(0.996048 0.00158473 4.01893e-24)
(0.996173 0.00153754 -1.18424e-23)
(0.996295 0.00149195 2.39299e-23)
(0.995748 0.00159842 -1.16735e-23)
(0.995882 0.00155043 -5.30132e-24)
(0.996012 0.00150407 -6.05284e-24)
(0.996138 0.00145928 4.8118e-24)
(0.996261 0.00141601 -1.35092e-23)
(0.995711 0.00151185 1.44471e-24)
(0.995846 0.00146646 -9.69736e-25)
(0.995977 0.00142261 -4.46051e-24)
(0.996104 0.00138025 1.42889e-23)
(0.996228 0.00133933 6.07267e-24)
(0.995675 0.00142447 -3.38549e-24)
(0.995811 0.0013817 -1.2564e-23)
(0.995944 0.00134039 1.11226e-23)
(0.996072 0.00130048 -1.10022e-23)
(0.996197 0.00126192 5.61006e-24)
(0.995641 0.00133632 1.27965e-23)
(0.995779 0.0012962 -1.15268e-24)
(0.995912 0.00125745 -4.92383e-24)
(0.996042 0.00122001 -4.56561e-24)
(0.996167 0.00118384 1.54468e-24)
(0.995609 0.00124744 1.07753e-23)
(0.995748 0.00121 -1.30379e-25)
(0.995882 0.00117382 8.76402e-24)
(0.996013 0.00113887 -3.45784e-24)
(0.996139 0.00110511 -1.28374e-23)
(0.995579 0.00115788 1.61431e-23)
(0.995719 0.00112312 2.05292e-24)
(0.995854 0.00108955 -8.80903e-24)
(0.995986 0.00105711 5.17462e-26)
(0.996113 0.00102577 -4.81798e-25)
(0.995551 0.00106768 -2.23651e-23)
(0.995692 0.00103563 -3.05185e-24)
(0.995828 0.00100467 -1.16135e-24)
(0.99596 0.000974756 6.11906e-24)
(0.996089 0.000945859 3.47109e-24)
(0.995526 0.000976875 -9.87642e-24)
(0.995667 0.000947552 -5.8827e-24)
(0.995804 0.000919225 1.29618e-23)
(0.995937 0.000891858 3.83475e-24)
(0.996066 0.000865418 -7.33439e-24)
(0.995502 0.000885522 2.44515e-24)
(0.995644 0.000858941 4.1981e-24)
(0.995782 0.000833263 -3.04174e-24)
(0.995916 0.000808455 -2.66139e-24)
(0.996045 0.000784488 -2.33496e-24)
(0.99548 0.000793666 6.06923e-24)
(0.995623 0.000769843 -1.82389e-24)
(0.995762 0.000746828 -3.58319e-24)
(0.995896 0.000724593 1.01671e-23)
(0.996027 0.000703112 -4.24709e-24)
(0.995461 0.000701356 3.33008e-24)
(0.995604 0.000680304 -1.58991e-24)
(0.995744 0.000659965 6.2779e-24)
(0.995879 0.000640317 -4.75211e-24)
(0.99601 0.000621333 -1.06306e-24)
(0.995444 0.000608643 7.3086e-24)
(0.995588 0.000590373 -5.89121e-24)
(0.995728 0.000572723 1.23778e-25)
(0.995863 0.000555672 1.0408e-24)
(0.995995 0.000539197 -2.70483e-24)
(0.99543 0.000515578 -6.22029e-24)
(0.995574 0.000500101 5.32522e-24)
(0.995714 0.00048515 -3.79603e-25)
(0.99585 0.000470705 -1.61919e-24)
(0.995982 0.00045675 4.65726e-24)
(0.995417 0.000422214 -6.74398e-24)
(0.995562 0.000409539 8.12949e-24)
(0.995703 0.000397295 -1.97683e-24)
(0.995839 0.000385466 -1.55666e-24)
(0.995972 0.000374037 4.64046e-24)
(0.995408 0.000328604 -6.72521e-24)
(0.995553 0.000318738 3.10377e-24)
(0.995694 0.000309208 1.75688e-24)
(0.99583 0.000300001 -3.71305e-24)
(0.995963 0.000291106 4.67091e-24)
(0.9954 0.000234801 -2.03942e-24)
(0.995546 0.000227751 -3.95271e-25)
(0.995687 0.000220941 -9.76063e-25)
(0.995824 0.000214362 1.25166e-24)
(0.995957 0.000208005 -1.20614e-24)
(0.995395 0.000140861 2.11144e-24)
(0.995541 0.000136631 -1.16043e-24)
(0.995682 0.000132545 2.14188e-24)
(0.995819 0.000128597 -1.07834e-24)
(0.995952 0.000124783 8.884e-25)
(0.995393 4.6839e-05 1.1785e-25)
(0.995538 4.54308e-05 4.51379e-25)
(0.99568 4.40705e-05 -5.37705e-25)
(0.995817 4.27565e-05 -8.17815e-26)
(0.99595 4.1487e-05 2.7665e-25)
)
;

boundaryField
{
    inlet
    {
        type            uniformFixedValue;
        uniformValue    constant (1 0 0);
        value           nonuniform 0();
    }
    outlet
    {
        type            pressureInletOutletVelocity;
        value           nonuniform 0();
    }
    cylinder
    {
        type            fixedValue;
        value           nonuniform 0();
    }
    top
    {
        type            symmetryPlane;
    }
    bottom
    {
        type            symmetryPlane;
    }
    defaultFaces
    {
        type            empty;
    }
    procBoundary59to58
    {
        type            processor;
        value           nonuniform List<vector> 
181
(
(0.995243 -4.86754e-05 -2.23587e-25)
(0.995245 -0.000145619 -9.22043e-25)
(0.99525 -0.000242477 3.20496e-24)
(0.995258 -0.000339194 -1.61977e-24)
(0.995268 -0.000435712 3.11075e-24)
(0.995281 -0.000531976 1.10572e-23)
(0.995296 -0.000627932 -4.92094e-25)
(0.995313 -0.000723525 -2.45403e-25)
(0.995333 -0.000818703 -4.25726e-24)
(0.995355 -0.000913413 -7.84042e-24)
(0.99538 -0.0010076 1.26293e-23)
(0.995407 -0.00110123 2.76689e-24)
(0.995436 -0.00119424 -2.58645e-23)
(0.995467 -0.00128658 2.802e-24)
(0.9955 -0.00137822 -4.24208e-24)
(0.995535 -0.00146911 6.42995e-24)
(0.995571 -0.00155921 8.56385e-24)
(0.99561 -0.00164847 1.7239e-23)
(0.99565 -0.00173687 4.01701e-23)
(0.995692 -0.00182437 8.81102e-24)
(0.995736 -0.00191093 -1.85708e-23)
(0.99578 -0.00199653 4.46874e-24)
(0.995827 -0.00208113 4.77935e-23)
(0.995874 -0.00216471 2.30087e-23)
(0.995923 -0.00224725 6.42248e-24)
(0.995972 -0.00232873 -1.65768e-23)
(0.996023 -0.00240911 -2.90793e-23)
(0.996074 -0.00248841 2.94787e-23)
(0.996126 -0.00256674 6.54776e-24)
(0.996179 -0.00264382 -4.48793e-24)
(0.996269 -0.00276921 0)
(0.996398 -0.00293191 0)
(0.996531 -0.00309039 0)
(0.996667 -0.00324281 0)
(0.996807 -0.00338867 0)
(0.99695 -0.00352795 0)
(0.997097 -0.00366051 0)
(0.997248 -0.00378616 0)
(0.997402 -0.00390472 0)
(0.997561 -0.00401604 0)
(0.997723 -0.00411992 0)
(0.997889 -0.0042162 0)
(0.998059 -0.00430471 0)
(0.998232 -0.00438529 0)
(0.998409 -0.0044578 0)
(0.998588 -0.00452209 0)
(0.99877 -0.00457805 0)
(0.998955 -0.00462556 0)
(0.999142 -0.00466455 0)
(0.999331 -0.00469493 0)
(0.999521 -0.00471666 0)
(0.999712 -0.00472971 0)
(0.999904 -0.00473406 0)
(1.0001 -0.00472972 0)
(1.00029 -0.00471673 0)
(1.00048 -0.00469513 0)
(1.00067 -0.00466498 0)
(1.00086 -0.00462638 0)
(1.00101 -0.00444905 0)
(1.00101 -0.00444905 0)
(1.00119 -0.0043957 0)
(1.00136 -0.00433446 0)
(1.00154 -0.0042655 0)
(1.00171 -0.00418895 0)
(1.00188 -0.004105 0)
(1.00204 -0.00401383 0)
(1.0022 -0.00391564 0)
(1.00235 -0.00381062 0)
(1.00251 -0.003699 0)
(1.00265 -0.00358099 0)
(1.00279 -0.00345685 0)
(1.00293 -0.00332679 0)
(1.00306 -0.00319108 0)
(1.00318 -0.00304997 0)
(1.0033 -0.00290372 0)
(1.00341 -0.0027526 0)
(1.00352 -0.00259687 0)
(1.00362 -0.00243682 0)
(1.00371 -0.00227273 0)
(1.0038 -0.00210488 0)
(1.00388 -0.00193356 0)
(1.00395 -0.00175906 0)
(1.00402 -0.00158168 0)
(1.00408 -0.00140171 0)
(1.00413 -0.00121946 0)
(1.00417 -0.00103522 0)
(1.00421 -0.000849299 0)
(1.00424 -0.000661998 0)
(1.00426 -0.000473623 0)
(1.00428 -0.000284482 0)
(1.00428 -9.48791e-05 0)
(0.996268 0.00276885 0)
(0.996398 0.00293155 0)
(0.996531 0.00309004 0)
(0.996667 0.00324245 0)
(0.996807 0.00338832 0)
(0.99695 0.00352761 0)
(0.997097 0.00366017 0)
(0.997248 0.00378582 0)
(0.997402 0.00390439 0)
(0.997561 0.00401571 0)
(0.997723 0.00411959 0)
(0.997889 0.00421588 0)
(0.998059 0.00430439 0)
(0.998232 0.00438498 0)
(0.998408 0.00445749 0)
(0.998588 0.00452179 0)
(0.99877 0.00457775 0)
(0.998955 0.00462527 0)
(0.999142 0.00466426 0)
(0.99933 0.00469465 0)
(0.999521 0.00471639 0)
(0.999712 0.00472944 0)
(0.999903 0.0047338 0)
(1.0001 0.00472947 0)
(1.00029 0.00471648 0)
(1.00048 0.00469488 0)
(1.00067 0.00466474 0)
(1.00086 0.00462615 0)
(1.00104 0.00457919 0)
(1.00123 0.004524 0)
(1.00141 0.00446071 0)
(1.00159 0.00438947 0)
(1.00177 0.00431045 0)
(1.00194 0.00422382 0)
(1.00211 0.00412978 0)
(1.00227 0.00402852 0)
(1.00243 0.00392027 0)
(1.00259 0.00380523 0)
(1.00274 0.00368365 0)
(1.00288 0.00355577 0)
(1.00302 0.00342183 0)
(1.00316 0.00328209 0)
(1.00328 0.00313682 0)
(1.00341 0.00298628 0)
(1.00352 0.00283074 0)
(1.00363 0.0026705 0)
(1.00373 0.00250582 0)
(1.00383 0.00233701 0)
(1.00392 0.00216434 0)
(1.004 0.00198813 0)
(1.00408 0.00180866 0)
(1.00414 0.00162624 0)
(1.0042 0.00144117 0)
(1.00426 0.00125376 0)
(1.0043 0.00106432 0)
(1.00434 0.000873163 0)
(1.00437 0.000680592 0)
(1.0044 0.000486922 0)
(1.00441 0.000292468 0)
(1.00442 9.75425e-05 0)
(0.996179 0.00264345 4.46075e-24)
(0.996126 0.00256637 -6.40394e-24)
(0.996074 0.00248804 -2.73679e-23)
(0.996022 0.00240874 2.38748e-23)
(0.995972 0.00232836 1.79483e-23)
(0.995922 0.00224688 -7.24689e-24)
(0.995874 0.00216434 -1.86718e-23)
(0.995827 0.00208076 -4.29324e-23)
(0.99578 0.00199616 -1.87105e-23)
(0.995736 0.00191056 3.18265e-23)
(0.995692 0.001824 -1.57698e-23)
(0.99565 0.0017365 -3.25238e-23)
(0.99561 0.0016481 -2.27437e-23)
(0.995571 0.00155883 -9.93534e-24)
(0.995535 0.00146873 -5.62786e-24)
(0.9955 0.00137785 -3.90134e-25)
(0.995467 0.00128621 1.09171e-24)
(0.995436 0.00119386 2.91636e-23)
(0.995407 0.00110085 -5.3762e-24)
(0.99538 0.00100723 -1.60722e-23)
(0.995355 0.000913037 1.07372e-23)
(0.995333 0.000818327 5.34525e-24)
(0.995313 0.000723149 1.83277e-25)
(0.995296 0.000627555 -3.2648e-24)
(0.995281 0.000531599 -8.17324e-24)
(0.995268 0.000435334 -2.42566e-24)
(0.995258 0.000338815 4.36739e-25)
(0.99525 0.000242099 -2.92298e-24)
(0.995245 0.00014524 1.40033e-24)
(0.995243 4.82967e-05 1.9279e-27)
)
;
    }
    procBoundary59to60
    {
        type            processor;
        value           nonuniform List<vector> 
181
(
(0.99608 -4.06004e-05 2.06395e-25)
(0.996082 -0.000121438 -2.01675e-24)
(0.996086 -0.000202204 -1.29258e-24)
(0.996092 -0.000282851 -6.15172e-24)
(0.9961 -0.000363334 -2.4788e-24)
(0.996111 -0.000443606 -5.99232e-25)
(0.996123 -0.00052362 3.2152e-25)
(0.996137 -0.000603331 3.65159e-24)
(0.996154 -0.000682696 1.95584e-24)
(0.996172 -0.00076167 1.78021e-24)
(0.996192 -0.000840212 9.10068e-25)
(0.996214 -0.000918278 -1.3428e-23)
(0.996237 -0.00099583 5.75892e-24)
(0.996263 -0.00107283 9.28226e-24)
(0.996289 -0.00114923 8.34012e-24)
(0.996318 -0.00122501 -7.28275e-24)
(0.996348 -0.00130013 -1.3032e-23)
(0.99638 -0.00137455 1.34068e-23)
(0.996413 -0.00144824 1.43102e-24)
(0.996447 -0.00152118 3.04039e-24)
(0.996483 -0.00159333 -3.73679e-24)
(0.996519 -0.00166467 -1.92849e-23)
(0.996557 -0.00173517 4.57839e-24)
(0.996596 -0.00180482 -8.83555e-24)
(0.996636 -0.00187359 -8.69614e-24)
(0.996676 -0.00194146 2.40289e-23)
(0.996718 -0.00200841 -7.9218e-24)
(0.99676 -0.00207445 1.63049e-23)
(0.996803 -0.00213964 -2.7396e-23)
(0.996846 -0.00220378 3.89801e-23)
(0.996846 -0.00220378 3.89801e-23)
(0.997018 -0.0022405 0)
(0.99712 -0.00237387 0)
(0.997226 -0.00250344 0)
(0.997334 -0.00262811 0)
(0.997445 -0.00274754 0)
(0.997558 -0.00286169 0)
(0.997675 -0.00297042 0)
(0.997795 -0.0030736 0)
(0.997918 -0.00317109 0)
(0.998044 -0.00326273 0)
(0.998173 -0.00334839 0)
(0.998305 -0.00342792 0)
(0.998439 -0.00350119 0)
(0.998577 -0.00356806 0)
(0.998717 -0.00362841 0)
(0.99886 -0.00368213 0)
(0.999005 -0.0037291 0)
(0.999152 -0.00376924 0)
(0.999301 -0.00380247 0)
(0.999451 -0.00382872 0)
(0.999603 -0.00384794 0)
(0.999755 -0.00386009 0)
(0.999908 -0.00386517 0)
(1.00006 -0.00386316 0)
(1.00021 -0.00385407 0)
(1.00037 -0.00383794 0)
(1.00052 -0.00381481 0)
(1.00067 -0.00378474 0)
(1.00082 -0.00374779 0)
(1.00097 -0.00370406 0)
(1.00111 -0.00365365 0)
(1.00126 -0.00359668 0)
(1.0014 -0.00353325 0)
(1.00154 -0.00346352 0)
(1.00167 -0.00338764 0)
(1.00181 -0.00330575 0)
(1.00193 -0.00321803 0)
(1.00206 -0.00312466 0)
(1.00218 -0.00302582 0)
(1.0023 -0.0029217 0)
(1.00241 -0.00281251 0)
(1.00252 -0.00269845 0)
(1.00262 -0.00257973 0)
(1.00272 -0.00245659 0)
(1.00282 -0.00232924 0)
(1.0029 -0.00219791 0)
(1.00299 -0.00206285 0)
(1.00307 -0.00192429 0)
(1.00314 -0.00178247 0)
(1.0032 -0.00163764 0)
(1.00327 -0.00149006 0)
(1.00332 -0.00133998 0)
(1.00337 -0.00118765 0)
(1.00341 -0.00103333 0)
(1.00345 -0.000877289 0)
(1.00348 -0.000719783 0)
(1.00351 -0.000561077 0)
(1.00352 -0.000401437 0)
(1.00354 -0.00024113 0)
(1.00354 -8.04218e-05 0)
(0.99692 0.00230808 0)
(0.997026 0.00244524 0)
(0.997135 0.00257856 0)
(0.997246 0.00270681 0)
(0.997361 0.00282966 0)
(0.997479 0.00294706 0)
(0.997599 0.00305889 0)
(0.997723 0.00316499 0)
(0.99785 0.00326521 0)
(0.99798 0.00335942 0)
(0.998113 0.00344745 0)
(0.99825 0.00352918 0)
(0.998389 0.00360444 0)
(0.998531 0.00367312 0)
(0.998676 0.00373508 0)
(0.998824 0.00379019 0)
(0.998974 0.00383837 0)
(0.999126 0.0038795 0)
(0.999279 0.00391352 0)
(0.999435 0.00394034 0)
(0.999591 0.00395993 0)
(0.999749 0.00397225 0)
(0.999907 0.00397728 0)
(1.00006 0.00397501 0)
(1.00022 0.00396547 0)
(1.00038 0.00394868 0)
(1.00054 0.00392468 0)
(1.00069 0.00389355 0)
(1.00085 0.00385535 0)
(1.001 0.00381018 0)
(1.00115 0.00375815 0)
(1.0013 0.00369936 0)
(1.00145 0.00363395 0)
(1.00159 0.00356207 0)
(1.00173 0.00348386 0)
(1.00187 0.0033995 0)
(1.002 0.00330915 0)
(1.00213 0.00321299 0)
(1.00225 0.00311122 0)
(1.00237 0.00300404 0)
(1.00249 0.00289166 0)
(1.0026 0.00277429 0)
(1.00271 0.00265214 0)
(1.00281 0.00252545 0)
(1.00291 0.00239446 0)
(1.003 0.00225938 0)
(1.00309 0.00212048 0)
(1.00317 0.00197799 0)
(1.00324 0.00183217 0)
(1.00331 0.00168327 0)
(1.00337 0.00153154 0)
(1.00343 0.00137725 0)
(1.00348 0.00122066 0)
(1.00352 0.00106204 0)
(1.00356 0.00090165 0)
(1.00359 0.000739762 0)
(1.00362 0.000576646 0)
(1.00364 0.000412574 0)
(1.00365 0.000247818 0)
(1.00366 8.26523e-05 0)
(0.996846 0.00220345 -3.9701e-23)
(0.996803 0.00213931 2.81482e-23)
(0.99676 0.00207412 -1.46924e-23)
(0.996718 0.00200808 4.4719e-24)
(0.996676 0.00194113 -2.27563e-23)
(0.996636 0.00187326 7.28831e-24)
(0.996596 0.00180449 1.62158e-23)
(0.996557 0.00173484 -4.74101e-24)
(0.996519 0.00166433 1.61852e-23)
(0.996483 0.00159299 4.23396e-24)
(0.996447 0.00152084 -9.92747e-24)
(0.996413 0.00144791 7.66452e-24)
(0.99638 0.00137421 -1.76162e-23)
(0.996348 0.00129979 6.21834e-24)
(0.996318 0.00122468 1.28816e-23)
(0.996289 0.0011489 -1.07125e-23)
(0.996262 0.00107249 -1.01062e-23)
(0.996237 0.000995492 2.98014e-24)
(0.996214 0.00091794 7.8577e-24)
(0.996192 0.000839874 6.14821e-25)
(0.996172 0.000761332 -2.94986e-24)
(0.996153 0.000682358 -2.90674e-24)
(0.996137 0.000602993 -1.91524e-24)
(0.996123 0.000523281 -1.52771e-24)
(0.996111 0.000443266 1.25818e-24)
(0.9961 0.000362995 4.04394e-24)
(0.996092 0.000282512 4.27923e-24)
(0.996086 0.000201864 9.94877e-25)
(0.996082 0.000121098 2.44802e-24)
(0.99608 4.02604e-05 -1.227e-25)
)
;
    }
}


// ************************************************************************* //
