/*--------------------------------*- C++ -*----------------------------------*\
  =========                 |
  \\      /  F ield         | OpenFOAM: The Open Source CFD Toolbox
   \\    /   O peration     | Website:  https://openfoam.org
    \\  /    A nd           | Version:  7
     \\/     M anipulation  |
\*---------------------------------------------------------------------------*/
FoamFile
{
    version     2.0;
    format      ascii;
    class       volVectorField;
    location    "10";
    object      U;
}
// * * * * * * * * * * * * * * * * * * * * * * * * * * * * * * * * * * * * * //

dimensions      [0 1 -1 0 0 0 0];

internalField   nonuniform List<vector> 
928
(
(0.0241472 -0.00132053 -5.56459e-21)
(0.0720622 -0.00307635 1.69306e-21)
(0.120669 -0.00315788 -1.39156e-20)
(0.169927 -0.00172219 1.72112e-21)
(0.219787 0.00112113 2.23413e-20)
(0.0253491 -0.000733825 -9.48583e-22)
(0.0755072 -0.00132369 4.19985e-21)
(0.126223 -0.000225904 2.96054e-21)
(0.177454 0.00239685 -2.95916e-21)
(0.229152 0.00642881 -1.12073e-20)
(0.281254 0.0118217 7.89105e-21)
(0.333685 0.0185189 -1.77989e-21)
(0.386351 0.0264476 -3.82561e-21)
(0.439146 0.0355249 1.18878e-22)
(0.491943 0.045658 3.07443e-21)
(0.5446 0.0567441 3.2919e-21)
(0.596958 0.0686698 1.64714e-22)
(0.648842 0.0813115 9.04049e-21)
(0.70006 0.094536 -3.71177e-21)
(0.75041 0.108201 -6.97515e-21)
(0.799676 0.122157 1.16246e-20)
(0.847637 0.136247 -4.36544e-22)
(0.894064 0.150311 1.47089e-21)
(0.93873 0.164187 -1.17883e-20)
(0.981408 0.177712 4.86034e-21)
(1.02188 0.19073 -8.89197e-21)
(1.05995 0.203089 -1.89594e-20)
(1.09542 0.214647 2.26794e-21)
(1.12812 0.225278 1.01189e-20)
(1.15791 0.234872 -2.59001e-21)
(1.18468 0.243336 2.28545e-21)
(1.20832 0.250603 4.81993e-21)
(0.0265336 -8.58532e-05 1.92921e-21)
(0.0788939 0.00060235 -2.58871e-21)
(0.13167 0.00298036 -6.46765e-23)
(0.184822 0.0068802 -3.63325e-21)
(0.238297 0.01218 3.02117e-21)
(0.292028 0.0188246 -5.13597e-21)
(0.345935 0.0267499 2.21437e-21)
(0.399921 0.035875 -4.66252e-23)
(0.453872 0.0461082 -3.13969e-21)
(0.507657 0.0573481 -2.70404e-21)
(0.561129 0.0694823 -2.93023e-21)
(0.614125 0.082388 -5.19848e-22)
(0.666465 0.0959323 -2.24235e-21)
(0.717956 0.109973 3.76244e-21)
(0.768394 0.124358 -4.39922e-21)
(0.817563 0.13893 -3.76576e-22)
(0.865245 0.153527 4.81875e-22)
(0.911215 0.167982 -9.43168e-21)
(0.955253 0.182128 2.20509e-22)
(0.997144 0.195802 -3.63594e-21)
(1.03668 0.208845 6.32591e-21)
(1.07368 0.22111 3.37775e-21)
(1.10797 0.232458 2.14472e-21)
(1.1394 0.242771 -3.91601e-21)
(1.16785 0.251945 -2.31219e-21)
(1.19323 0.259899 -1.92357e-21)
(1.21545 0.266577 -7.8805e-21)
(1.2345 0.271946 -3.91727e-22)
(1.25033 0.275995 -3.1566e-21)
(1.26291 0.278756 9.11322e-21)
(0.0276945 0.000622708 -3.54453e-21)
(0.082205 0.00269922 7.92195e-22)
(0.136985 0.00645584 -1.01637e-21)
(0.191993 0.0117197 3.5195e-21)
(0.247176 0.018363 -3.74626e-21)
(0.302462 0.0263235 1.85934e-21)
(0.357766 0.0355294 -1.5582e-23)
(0.412986 0.0458917 -4.5153e-21)
(0.468005 0.0573101 -2.17547e-21)
(0.522686 0.0696742 -3.19414e-21)
(0.576878 0.0828624 -1.39754e-21)
(0.630415 0.0967427 -1.8627e-21)
(0.683114 0.111173 3.25251e-21)
(0.73478 0.126002 -1.31499e-21)
(0.78521 0.141071 -3.09377e-22)
(0.83419 0.156214 -4.43584e-21)
(0.881504 0.171263 -2.55214e-21)
(0.926937 0.186046 -7.85876e-22)
(0.970276 0.200396 -1.01005e-20)
(1.01132 0.214147 4.26965e-21)
(1.04987 0.227143 3.2189e-21)
(1.08577 0.239239 7.64012e-21)
(1.11886 0.250304 -6.369e-21)
(1.14901 0.260225 -1.69309e-21)
(1.17613 0.268912 -2.10182e-21)
(1.20014 0.276295 -1.78445e-21)
(1.221 0.282328 -7.08285e-21)
(1.23869 0.286992 4.87172e-22)
(1.25322 0.290307 2.95472e-21)
(1.26455 0.292311 -8.73514e-21)
(0.0288256 0.00139071 5.34774e-21)
(0.085423 0.00496302 -1.03236e-21)
(0.142138 0.0101934 1.96172e-21)
(0.19893 0.0169045 -2.78927e-21)
(0.255743 0.0249627 -8.0147e-21)
(0.312502 0.0342986 5.41271e-21)
(0.369117 0.0448327 -4.31592e-22)
(0.425482 0.0564678 8.21524e-21)
(0.481474 0.0690952 5.08808e-21)
(0.536956 0.0825954 -6.11616e-21)
(0.591771 0.0968379 9.90481e-21)
(0.645751 0.111682 2.1987e-21)
(0.698711 0.126976 -9.71094e-21)
(0.750457 0.142562 1.21121e-21)
(0.800786 0.158272 1.12738e-20)
(0.849489 0.173936 -6.47224e-21)
(0.896355 0.189379 2.51807e-21)
(0.941177 0.204429 8.43947e-21)
(0.983753 0.218913 2.08358e-20)
(1.02389 0.23267 -5.26834e-21)
(1.06143 0.245545 -9.74393e-22)
(1.0962 0.257399 7.07393e-21)
(1.12807 0.268109 2.14993e-21)
(1.15695 0.277572 -4.09212e-21)
(1.18276 0.285708 6.73535e-21)
(1.20544 0.292462 1.46748e-21)
(1.22499 0.2978 9.82468e-21)
(1.24139 0.301717 -6.04286e-21)
(1.25469 0.304264 -1.01013e-20)
(1.26487 0.30548 2.18759e-21)
(0.0299209 0.00221654 2.5231e-21)
(0.0885303 0.00738852 -2.90689e-21)
(0.147102 0.0141837 1.45977e-20)
(0.205596 0.0224208 -9.64105e-22)
(0.263953 0.0319605 -1.1602e-20)
(0.322095 0.0427263 -1.13057e-21)
(0.379929 0.0546309 -1.6811e-20)
(0.437343 0.067569 3.30305e-21)
(0.494214 0.0814234 9.72885e-22)
(0.550397 0.096066 4.30268e-21)
(0.605737 0.111358 -6.50345e-21)
(0.660061 0.127149 9.87307e-21)
(0.713186 0.14328 -6.42109e-21)
(0.764918 0.159586 -2.24075e-21)
(0.815057 0.175892 -2.22536e-20)
(0.8634 0.192023 2.03771e-20)
(0.909742 0.207801 4.11804e-21)
(0.953887 0.22305 -1.17743e-20)
(0.995645 0.237601 -3.95019e-21)
(1.03484 0.251291 2.07087e-20)
(1.07132 0.263973 -1.81581e-20)
(1.10495 0.275514 5.32249e-21)
(1.13561 0.285801 3.52834e-21)
(1.16323 0.294742 -9.8196e-21)
(1.18776 0.30227 8.79557e-21)
(1.20917 0.308343 -1.00756e-20)
(1.22745 0.312943 -2.33851e-20)
(1.24265 0.316077 -2.8086e-21)
(1.25479 0.317827 3.06814e-20)
(1.2639 0.318236 -6.17682e-21)
(0.0309741 0.00309806 4.38404e-21)
(0.0915097 0.00996912 -1.95975e-20)
(0.15185 0.0184154 2.59449e-20)
(0.211954 0.028252 1.01797e-21)
(0.271761 0.0393346 8.63336e-21)
(0.331191 0.0515792 -8.15269e-23)
(0.390145 0.0648908 3.17175e-20)
(0.44851 0.0791563 -3.95064e-21)
(0.506158 0.09425 8.83347e-21)
(0.562943 0.110036 -3.03522e-20)
(0.618707 0.126366 8.02079e-21)
(0.673278 0.143082 -1.53124e-21)
(0.726473 0.16002 -4.86103e-21)
(0.778101 0.177004 -1.56122e-20)
(0.827966 0.193858 5.46332e-21)
(0.87587 0.210399 -1.15055e-20)
(0.92162 0.226449 -1.51474e-20)
(0.965029 0.241832 -6.03922e-21)
(1.00592 0.256378 3.51011e-20)
(1.04414 0.269932 -4.26508e-20)
(1.07954 0.282351 1.1499e-20)
(1.11202 0.293511 -2.61729e-20)
(1.14149 0.30331 4.0852e-20)
(1.16788 0.31167 -2.54714e-20)
(1.19116 0.318536 3.10004e-20)
(0.0319792 0.00403269 5.28862e-21)
(0.0943442 0.0126969 3.15911e-20)
(0.156354 0.022875 -3.02579e-20)
(0.217968 0.0343791 7.62081e-21)
(0.279126 0.0470598 4.98916e-21)
(0.33974 0.0608261 1.79489e-20)
(0.399712 0.0755753 -3.74173e-20)
(0.458924 0.0911865 7.74222e-21)
(0.517245 0.107526 -3.33322e-21)
(0.57453 0.12445 -7.08807e-21)
(0.630619 0.141802 5.13901e-21)
(0.68534 0.159418 3.62446e-20)
(0.738512 0.177125 -6.41664e-21)
(0.789949 0.194744 -4.22079e-21)
(0.839459 0.212092 -1.11378e-20)
(0.0329303 0.00501734 -1.07977e-20)
(0.0970173 0.0155625 -2.73507e-21)
(0.160589 0.0275468 2.62436e-20)
(0.223606 0.0407799 7.86525e-21)
(0.286005 0.0551078 1.09504e-20)
(0.347696 0.0704324 -5.1145e-20)
(0.0329303 -0.00501734 -1.98188e-21)
(0.0970173 -0.0155625 -1.32175e-20)
(0.160589 -0.0275468 -2.41568e-20)
(0.223606 -0.0407799 1.00258e-20)
(0.286005 -0.0551078 -1.5864e-20)
(0.347696 -0.0704324 1.53737e-20)
(0.408577 -0.0866435 1.46991e-20)
(0.0319792 -0.00403269 1.13547e-20)
(0.0943442 -0.0126969 -5.7542e-21)
(0.156354 -0.022875 1.19995e-20)
(0.217968 -0.034379 -1.7171e-20)
(0.279126 -0.0470598 -1.12452e-20)
(0.33974 -0.0608261 4.29806e-21)
(0.399712 -0.0755753 7.00631e-21)
(0.458924 -0.0911864 -1.87914e-20)
(0.517245 -0.107526 -2.05422e-20)
(0.57453 -0.12445 2.51341e-20)
(0.630619 -0.141802 2.25561e-20)
(0.68534 -0.159418 -3.91634e-20)
(0.738512 -0.177125 2.80551e-20)
(0.789949 -0.194744 1.42655e-20)
(0.839459 -0.212091 2.59418e-20)
(0.886854 -0.228985 1.73769e-20)
(0.0309741 -0.00309806 -1.03084e-20)
(0.0915097 -0.00996912 8.711e-21)
(0.15185 -0.0184154 -1.42727e-20)
(0.211954 -0.028252 -7.48457e-22)
(0.271761 -0.0393346 1.91964e-20)
(0.331191 -0.0515792 2.69278e-20)
(0.390145 -0.0648908 -2.94391e-21)
(0.44851 -0.0791562 1.47276e-20)
(0.506158 -0.09425 3.80598e-21)
(0.562943 -0.110036 1.82172e-21)
(0.618707 -0.126365 -4.37965e-20)
(0.673278 -0.143082 5.58695e-21)
(0.726473 -0.16002 3.29426e-21)
(0.778101 -0.177004 -2.74553e-21)
(0.827966 -0.193858 5.36566e-21)
(0.87587 -0.210399 -1.2001e-20)
(0.92162 -0.226449 -4.36852e-21)
(0.965029 -0.241832 1.56475e-20)
(1.00592 -0.256378 -3.88713e-20)
(1.04414 -0.269932 2.18951e-20)
(1.07955 -0.282351 -1.93272e-20)
(1.11202 -0.293511 7.60024e-21)
(1.14149 -0.30331 -1.31727e-20)
(1.16788 -0.311669 1.19933e-20)
(1.19116 -0.318536 -3.3639e-21)
(1.21135 -0.323883 2.13407e-20)
(0.0299209 -0.00221654 -3.25629e-21)
(0.0885303 -0.00738852 2.61816e-21)
(0.147102 -0.0141837 -8.76293e-21)
(0.205596 -0.0224207 -7.00605e-21)
(0.263953 -0.0319605 4.64826e-21)
(0.322095 -0.0427263 -1.08757e-20)
(0.379929 -0.0546309 -2.02583e-21)
(0.437343 -0.067569 -8.72018e-21)
(0.494214 -0.0814234 3.34457e-21)
(0.550397 -0.0960659 1.39824e-20)
(0.605737 -0.111358 1.22384e-21)
(0.660061 -0.127149 -1.00378e-20)
(0.713186 -0.14328 1.67982e-20)
(0.764918 -0.159586 -2.08361e-20)
(0.815057 -0.175892 8.29946e-22)
(0.8634 -0.192023 -4.35376e-21)
(0.909742 -0.207801 2.14652e-20)
(0.953887 -0.22305 -1.28299e-20)
(0.995645 -0.237601 -1.64884e-20)
(1.03484 -0.251291 4.44648e-21)
(1.07132 -0.263973 7.08309e-21)
(1.10495 -0.275514 -4.27883e-22)
(1.13561 -0.285801 -1.09047e-21)
(1.16323 -0.294742 2.0891e-20)
(1.18776 -0.30227 -3.31862e-20)
(1.20917 -0.308343 -1.96054e-20)
(1.22745 -0.312942 1.59931e-20)
(1.24265 -0.316077 1.93375e-20)
(1.25479 -0.317827 -2.32367e-20)
(1.2639 -0.318236 1.80156e-20)
(0.0288256 -0.00139071 -9.28614e-22)
(0.085423 -0.00496302 4.08828e-21)
(0.142138 -0.0101934 2.89191e-21)
(0.19893 -0.0169045 -2.87622e-21)
(0.255743 -0.0249627 -1.08589e-20)
(0.312502 -0.0342986 6.37262e-21)
(0.369117 -0.0448327 -8.00322e-22)
(0.425482 -0.0564678 2.01486e-21)
(0.481475 -0.0690952 7.0926e-21)
(0.536956 -0.0825954 -4.81806e-21)
(0.591771 -0.0968379 1.66475e-20)
(0.645751 -0.111682 -8.05202e-22)
(0.698711 -0.126976 -5.71829e-21)
(0.750457 -0.142562 -3.6344e-21)
(0.800786 -0.158272 4.51159e-21)
(0.849489 -0.173936 1.34099e-20)
(0.896355 -0.189379 -6.52123e-21)
(0.941177 -0.204429 1.65748e-20)
(0.983753 -0.218913 1.3183e-20)
(1.02389 -0.23267 1.8424e-22)
(1.06143 -0.245545 1.05209e-20)
(1.0962 -0.257399 -4.25162e-21)
(1.12807 -0.268108 -7.69105e-21)
(1.15695 -0.277572 1.19688e-20)
(1.18276 -0.285708 -5.66655e-21)
(1.20544 -0.292462 8.7408e-22)
(1.22499 -0.2978 1.2134e-20)
(1.24139 -0.301717 -2.91603e-21)
(1.25469 -0.304263 -4.09906e-21)
(1.26487 -0.30548 -7.87654e-21)
(0.0276945 -0.000622709 1.91921e-21)
(0.0822051 -0.00269922 -2.55715e-21)
(0.136985 -0.00645584 -5.91286e-23)
(0.191994 -0.0117197 -3.6002e-21)
(0.247176 -0.018363 2.99747e-21)
(0.302462 -0.0263235 -5.07536e-21)
(0.357766 -0.0355294 2.18469e-21)
(0.412987 -0.0458916 -2.54392e-23)
(0.468005 -0.0573101 -3.08678e-21)
(0.522686 -0.0696741 -2.65152e-21)
(0.576878 -0.0828624 -2.88176e-21)
(0.630415 -0.0967426 -5.03102e-22)
(0.683114 -0.111173 -2.22446e-21)
(0.73478 -0.126002 3.70932e-21)
(0.78521 -0.14107 -4.32249e-21)
(0.83419 -0.156214 -3.42617e-22)
(0.881504 -0.171262 4.87924e-22)
(0.926937 -0.186046 -9.23251e-21)
(0.970276 -0.200396 2.90208e-22)
(1.01132 -0.214147 -3.58531e-21)
(1.04987 -0.227143 6.13705e-21)
(1.08577 -0.239238 3.21484e-21)
(1.11886 -0.250303 2.14429e-21)
(1.14901 -0.260225 -3.77706e-21)
(1.17613 -0.268912 -2.2119e-21)
(1.20014 -0.276295 -1.83404e-21)
(1.221 -0.282328 -7.48352e-21)
(1.23869 -0.286992 -8.05642e-21)
(1.25322 -0.290307 3.8009e-21)
(1.26455 -0.29231 2.59005e-21)
(0.0265336 8.58533e-05 -3.58445e-21)
(0.078894 -0.000602348 7.91261e-22)
(0.13167 -0.00298035 -1.03057e-21)
(0.184823 -0.00688019 3.55107e-21)
(0.238297 -0.01218 -3.78361e-21)
(0.292029 -0.0188246 1.86142e-21)
(0.345936 -0.0267498 -5.71496e-24)
(0.399921 -0.0358749 -4.57741e-21)
(0.453872 -0.0461082 -2.22021e-21)
(0.507657 -0.057348 -3.25208e-21)
(0.561129 -0.0694822 -1.43201e-21)
(0.614125 -0.082388 -1.89334e-21)
(0.666465 -0.0959322 3.29185e-21)
(0.717957 -0.109972 -1.31574e-21)
(0.768394 -0.124358 -3.39607e-22)
(0.817564 -0.13893 -4.51908e-21)
(0.865245 -0.153527 -2.60013e-21)
(0.911215 -0.167981 -8.67723e-22)
(0.955253 -0.182128 -1.03265e-20)
(0.997144 -0.195802 4.3425e-21)
(1.03668 -0.208845 3.35747e-21)
(1.07368 -0.22111 7.88686e-21)
(1.10797 -0.232458 -6.54128e-21)
(1.1394 -0.242771 -1.79373e-21)
(1.16785 -0.251944 -2.20469e-21)
(1.19323 -0.259899 -1.87781e-21)
(1.21545 -0.266577 -7.4739e-21)
(1.2345 -0.271945 3.91727e-22)
(1.25033 -0.275995 3.1566e-21)
(1.26291 -0.278756 -9.11323e-21)
(0.0253491 0.000733825 5.50219e-21)
(0.0755072 0.0013237 -1.06315e-21)
(0.126223 0.000225914 2.00446e-21)
(0.177455 -0.00239684 -2.86991e-21)
(0.229152 -0.00642879 -8.28494e-21)
(0.281254 -0.0118217 5.54033e-21)
(0.333685 -0.0185189 -4.28763e-22)
(0.386351 -0.0264476 8.44964e-21)
(0.439146 -0.0355248 5.24102e-21)
(0.491943 -0.0456579 -6.35693e-21)
(0.5446 -0.056744 1.02405e-20)
(0.596958 -0.0686697 2.24847e-21)
(0.648842 -0.0813114 -1.009e-20)
(0.70006 -0.0945359 1.26508e-21)
(0.75041 -0.108201 1.1714e-20)
(0.799677 -0.122157 -6.72893e-21)
(0.847637 -0.136247 2.55479e-21)
(0.894064 -0.150311 8.82844e-21)
(0.93873 -0.164187 2.18942e-20)
(0.981408 -0.177712 -5.56689e-21)
(1.02188 -0.19073 -7.91272e-22)
(1.05995 -0.203088 7.69497e-21)
(1.09542 -0.214647 2.12854e-21)
(1.12812 -0.225278 -4.40928e-21)
(1.15791 -0.234871 7.10679e-21)
(1.18468 -0.243336 1.51583e-21)
(0.0241472 0.00132053 2.66623e-21)
(0.0720622 0.00307636 -3.03232e-21)
(0.120669 0.00315789 1.53006e-20)
(0.169927 0.00172221 -1.05707e-21)
(1.19951 0.124314 3.67235e-22)
(1.19612 0.119267 -8.1172e-22)
(1.19283 0.114395 1.72202e-22)
(1.18967 0.109688 5.0617e-23)
(1.18661 0.105136 4.36506e-23)
(1.18366 0.10073 3.39748e-22)
(1.18082 0.096461 -4.41897e-22)
(1.17809 0.0923217 -2.05001e-23)
(1.17546 0.0883043 4.46764e-22)
(1.17293 0.0844014 -7.73383e-24)
(1.1705 0.0806065 1.94966e-22)
(1.16817 0.076913 -2.51064e-22)
(1.16594 0.0733148 -2.22987e-22)
(1.16381 0.0698061 2.08505e-22)
(1.16176 0.0663815 -1.41235e-22)
(1.15981 0.0630358 1.18635e-22)
(1.15796 0.0597639 -1.46119e-22)
(1.15619 0.0565614 -1.07079e-22)
(1.15451 0.0534236 2.09788e-22)
(1.15293 0.0503463 -4.8345e-23)
(1.15143 0.0473254 -1.79777e-23)
(1.15001 0.044357 4.00071e-23)
(1.14869 0.0414374 6.8627e-23)
(1.14745 0.038563 -4.61319e-23)
(1.14629 0.0357303 6.4027e-23)
(1.14522 0.0329359 -4.68129e-23)
(1.14423 0.0301766 1.0633e-22)
(1.14333 0.0274494 7.1506e-23)
(1.14251 0.0247511 -9.51356e-23)
(1.14177 0.0220788 3.53093e-23)
(1.14111 0.0194296 1.26637e-23)
(1.14053 0.0168007 9.01539e-23)
(1.14004 0.0141893 2.40677e-23)
(1.13962 0.0115923 -7.73248e-25)
(1.13929 0.00900699 -2.83115e-23)
(1.13903 0.00643002 8.24034e-23)
(1.13886 0.00385811 3.6405e-23)
(1.13877 0.00128757 -8.40223e-25)
(1.27582 0.280952 -8.07313e-22)
(1.28493 0.280039 -2.50016e-21)
(1.28791 0.276048 2.68197e-21)
(1.28666 0.269692 2.46069e-22)
(1.28274 0.261725 -2.75936e-21)
(1.2773 0.252765 1.34356e-21)
(1.27116 0.243302 2.3201e-22)
(1.26485 0.2337 3.5292e-23)
(1.25865 0.224205 8.52164e-23)
(1.25273 0.214969 -1.31388e-22)
(1.24712 0.206078 4.57123e-22)
(1.24184 0.197567 -9.91471e-22)
(1.23686 0.189442 7.04211e-22)
(1.23212 0.181693 8.58856e-23)
(1.22761 0.1743 -3.89929e-22)
(1.22328 0.16724 8.56192e-24)
(1.21912 0.160488 2.0952e-22)
(1.2151 0.154022 -7.43953e-24)
(1.21122 0.147823 2.69933e-22)
(1.20746 0.141871 -2.07875e-22)
(1.20382 0.136151 2.72684e-22)
(1.2003 0.130648 -1.79037e-22)
(1.19688 0.125347 7.2904e-23)
(1.19358 0.120238 -2.03456e-22)
(1.19039 0.115307 1.78969e-22)
(1.18731 0.110545 1.09404e-22)
(1.18434 0.105942 -1.33106e-22)
(1.18147 0.101488 -8.6584e-23)
(1.1787 0.097174 -3.48562e-23)
(1.17603 0.0929927 -1.15974e-22)
(1.17347 0.0889357 2.10739e-24)
(1.171 0.0849957 2.15123e-22)
(1.16863 0.0811656 -2.47146e-22)
(1.16635 0.0774388 1.61315e-22)
(1.16417 0.0738092 -3.07928e-23)
(1.16208 0.0702706 1.04216e-23)
(1.16008 0.0668177 -8.40371e-23)
(1.15818 0.063445 1.47885e-23)
(1.15636 0.0601473 4.89621e-23)
(1.15463 0.0569202 2.13346e-23)
(1.15298 0.0537588 -5.34207e-24)
(1.15143 0.050659 -1.04205e-22)
(1.14996 0.0476164 5.19496e-23)
(1.14857 0.0446272 -3.43849e-23)
(1.14727 0.0416875 7.66222e-23)
(1.14606 0.0387937 -9.65977e-23)
(1.14492 0.0359422 3.07853e-23)
(1.14387 0.0331297 -5.53641e-24)
(1.1429 0.0303528 -5.67926e-23)
(1.14202 0.0276084 -3.7654e-24)
(1.14121 0.0248934 9.18796e-24)
(1.14049 0.0222048 1.56077e-23)
(1.13984 0.0195397 -5.17698e-23)
(1.13928 0.0168952 1.65759e-23)
(1.13879 0.0142684 -1.66464e-23)
(1.13839 0.0116565 -1.80776e-23)
(1.13806 0.00905643 -5.00178e-24)
(1.13781 0.00646501 -2.49915e-24)
(1.13764 0.00387891 -2.19314e-23)
(1.13756 0.00129414 -3.48654e-24)
(1.27588 0.293084 7.79738e-22)
(1.28324 0.290127 2.42148e-21)
(1.28485 0.284465 -2.13578e-21)
(1.28263 0.276681 -2.36182e-22)
(1.2781 0.267535 2.66318e-21)
(1.27233 0.257629 -1.28742e-21)
(1.26608 0.247424 -2.22282e-22)
(1.2598 0.237243 -3.35604e-23)
(1.25374 0.2273 -8.42627e-23)
(1.24799 0.217714 3.9484e-22)
(1.2426 0.208544 -6.89557e-22)
(1.23754 0.199808 9.47929e-22)
(1.23276 0.191496 -6.70256e-22)
(1.22822 0.183588 -7.75518e-23)
(1.2239 0.176056 3.74053e-22)
(1.21974 0.168872 -7.27793e-24)
(1.21574 0.162009 -1.99915e-22)
(1.21187 0.155443 -1.5682e-22)
(1.20812 0.149152 -2.56257e-22)
(1.20449 0.143115 1.98449e-22)
(1.20097 0.137317 -2.56799e-22)
(1.19756 0.131741 1.71327e-22)
(1.19425 0.126373 -1.42042e-22)
(1.19105 0.121201 2.01155e-22)
(1.18795 0.116213 -1.88346e-22)
(1.18496 0.111397 -9.73217e-23)
(1.18206 0.106743 1.89718e-22)
(1.17927 0.102241 6.67732e-23)
(1.17657 0.0978836 1.8331e-23)
(1.17397 0.0936607 -7.65393e-24)
(1.17147 0.0895646 1.02809e-24)
(1.16906 0.0855876 -2.16252e-22)
(1.16675 0.0817227 2.38273e-22)
(1.16453 0.0779629 -1.21684e-22)
(1.16239 0.074302 3.16241e-23)
(1.16035 0.0707338 -1.37398e-22)
(1.1584 0.0672528 1.05958e-22)
(1.15653 0.0638532 -2.87296e-24)
(1.15475 0.0605299 -4.3809e-23)
(1.15306 0.0572783 -1.65304e-23)
(1.15145 0.0540935 2.78243e-23)
(1.14993 0.0509711 -2.30288e-24)
(1.14849 0.047907 -4.66948e-23)
(1.14713 0.044897 2.4381e-23)
(1.14585 0.0419373 -5.16917e-23)
(1.14466 0.0390242 3.15966e-24)
(1.14355 0.036154 -2.69861e-23)
(1.14252 0.0333233 2.31399e-23)
(1.14157 0.0305288 -2.6807e-23)
(1.1407 0.0277673 -2.94676e-24)
(1.13991 0.0250356 1.58979e-23)
(1.1392 0.0223307 -1.20662e-23)
(1.13857 0.0196497 -2.02587e-23)
(1.13802 0.0169896 -2.1248e-23)
(1.13754 0.0143475 1.67485e-23)
(1.13715 0.0117206 -3.1784e-23)
(1.13683 0.00910582 -1.09798e-24)
(1.13658 0.00649995 -3.36635e-24)
(1.13642 0.00389965 -2.02112e-23)
(1.13633 0.00130068 -2.50694e-24)
(1.27475 0.304815 -2.73206e-21)
(1.28056 0.299845 1.78628e-21)
(1.281 0.292548 5.20704e-21)
(1.27799 0.28338 -8.19762e-22)
(1.27299 0.273102 4.75308e-22)
(1.26702 0.262299 1.90517e-22)
(1.26075 0.251392 -2.06611e-22)
(1.25457 0.240669 1.10858e-22)
(1.24869 0.230305 -7.34122e-23)
(1.24317 0.220391 -1.47579e-21)
(1.23801 0.210959 1.66207e-21)
(1.23318 0.202009 -9.47328e-22)
(1.22862 0.193519 4.91064e-22)
(1.2243 0.185457 3.80539e-22)
(1.22016 0.177791 8.52377e-23)
(1.21618 0.170487 -1.32399e-21)
(1.21234 0.163516 1.82662e-21)
(1.20862 0.15685 1.01823e-22)
(1.20502 0.150468 -1.12234e-21)
(1.20151 0.144349 7.14452e-22)
(1.19811 0.138473 -2.00538e-22)
(1.19481 0.132826 1.26033e-22)
(1.19161 0.127392 -4.41172e-22)
(1.18851 0.122158 7.02705e-22)
(1.18551 0.117113 -1.32335e-22)
(1.1826 0.112243 -5.07772e-23)
(1.17979 0.107539 -1.01191e-22)
(1.17707 0.102991 -2.72897e-22)
(1.17444 0.0985898 3.87995e-22)
(1.17191 0.0943257 1.27907e-22)
(1.16948 0.0901908 -3.80548e-22)
(1.16713 0.0861773 1.85497e-23)
(1.16487 0.0822778 -1.6491e-22)
(1.1627 0.0784853 1.79047e-22)
(1.16062 0.0747934 1.80049e-22)
(1.15862 0.0711957 -5.43598e-23)
(1.15671 0.0676868 9.26581e-23)
(1.15489 0.0642605 -1.09101e-22)
(1.15315 0.0609116 1.16584e-22)
(1.15149 0.0576356 8.18277e-23)
(1.14991 0.0544275 -1.90609e-22)
(1.14842 0.0512828 1.32837e-22)
(1.14701 0.0481972 1.4341e-23)
(1.14568 0.0451665 -2.55726e-23)
(1.14443 0.0421869 -7.26028e-23)
(1.14326 0.0392544 1.17859e-22)
(1.14217 0.0363656 -5.16493e-23)
(1.14116 0.0335169 2.06136e-23)
(1.14023 0.0307048 -9.84083e-24)
(1.13938 0.0279262 -4.66109e-23)
(1.13861 0.0251778 5.10035e-23)
(1.13791 0.0224567 -3.03827e-23)
(1.13729 0.0197597 5.41966e-23)
(1.13675 0.017084 -6.15093e-23)
(1.13629 0.0144267 -2.03364e-23)
(1.1359 0.0117847 4.51252e-23)
(1.13558 0.00915518 2.56438e-23)
(1.13535 0.00653485 -5.5393e-23)
(1.13519 0.00392036 9.93207e-24)
(1.1351 0.00130719 5.73067e-24)
(1.27248 0.316124 2.18285e-21)
(1.27697 0.309182 -2.0704e-21)
(1.27642 0.300293 8.12653e-22)
(1.27278 0.289789 -9.68425e-21)
(1.26745 0.278433 6.65586e-21)
(1.26138 0.26678 -6.64978e-21)
(1.25518 0.255214 3.88102e-21)
(1.24918 0.243983 -1.72105e-21)
(1.24353 0.233225 6.18521e-21)
(1.23826 0.223003 -5.13864e-21)
(1.23336 0.213325 8.34995e-22)
(1.22878 0.204172 1.44776e-21)
(1.22446 0.195511 -8.85959e-22)
(1.22034 0.187301 1.47618e-22)
(1.21641 0.179504 1.25068e-21)
(1.21261 0.172083 1.96038e-21)
(1.20893 0.165006 -2.28e-21)
(1.20537 0.158244 -1.06953e-22)
(1.2019 0.151773 -3.90634e-22)
(1.19853 0.145571 8.1463e-23)
(1.19525 0.13962 -6.46901e-23)
(1.19207 0.133902 1.10238e-22)
(1.18897 0.128403 -2.97217e-22)
(1.18597 0.123109 5.14802e-22)
(1.18306 0.118007 -2.33232e-22)
(1.18024 0.113085 9.74106e-23)
(1.17751 0.108332 -3.12361e-22)
(1.17487 0.103737 5.29135e-22)
(1.17232 0.0992925 1.21288e-22)
(1.16985 0.0949876 -9.11738e-22)
(1.16748 0.0908144 4.46436e-22)
(1.16519 0.0867646 -1.45458e-22)
(1.16299 0.0828308 2.45371e-23)
(1.16087 0.079006 5.25032e-22)
(1.15884 0.0752833 -1.21712e-22)
(1.15689 0.0716563 4.67327e-23)
(1.15502 0.0681197 -3.21746e-22)
(1.15324 0.0646668 2.1168e-22)
(1.15154 0.0612924 -1.94776e-22)
(1.14991 0.0579923 1.46858e-22)
(1.14837 0.054761 -2.58189e-23)
(1.14691 0.051594 2.45999e-22)
(1.14553 0.0484869 1.65202e-23)
(1.14423 0.0454357 -8.12633e-23)
(1.143 0.0424361 4.40722e-23)
(1.14186 0.0394845 2.95327e-23)
(1.14079 0.0365771 -6.63559e-23)
(1.1398 0.0337103 -2.50722e-23)
(1.13889 0.0308807 2.77417e-23)
(1.13805 0.028085 6.61752e-23)
(1.1373 0.02532 -4.99697e-23)
(1.13661 0.0225826 9.39113e-24)
(1.13601 0.0198697 -5.84995e-23)
(1.13548 0.0171784 1.36488e-22)
(1.13502 0.0145058 -4.68065e-24)
(1.13464 0.0118488 3.59777e-23)
(1.13434 0.00920452 -1.53399e-23)
(1.1341 0.00656972 -1.5532e-23)
(1.13395 0.00394103 6.04474e-24)
(1.13387 0.00131368 5.10577e-23)
(1.13843 -0.0339036 2.73859e-22)
(1.13754 -0.0310565 -6.65901e-23)
(1.13672 -0.0282438 1.78013e-22)
(1.13598 -0.0254622 -3.0418e-23)
(1.13531 -0.0227086 1.09752e-22)
(1.13472 -0.0199798 9.01122e-23)
(1.1342 -0.0172729 -5.26548e-23)
(1.13375 -0.0145849 -1.0741e-22)
(1.13338 -0.0119129 -6.28993e-23)
(1.13308 -0.00925387 5.38187e-23)
(1.13286 -0.00660458 3.29088e-23)
(1.1327 -0.00396168 8.79082e-23)
(1.13263 -0.00132016 -1.53375e-23)
(1.27248 -0.316124 -3.29861e-21)
(1.27697 -0.309181 8.67329e-22)
(1.27642 -0.300293 -1.41017e-21)
(1.27278 -0.289789 9.5815e-21)
(1.26745 -0.278432 -7.52694e-21)
(1.26138 -0.266779 5.79051e-21)
(1.25518 -0.255214 -3.59805e-21)
(1.24918 -0.243983 9.80993e-22)
(1.24353 -0.233225 -6.5595e-21)
(1.23826 -0.223003 5.07316e-21)
(1.23336 -0.213325 -1.16177e-21)
(1.22878 -0.204172 -1.48152e-21)
(1.22446 -0.195511 5.76663e-22)
(1.22034 -0.187301 -1.7736e-22)
(1.21641 -0.179504 -6.65896e-22)
(1.21261 -0.172083 -2.00512e-21)
(1.20893 -0.165006 2.05504e-21)
(1.20537 -0.158244 8.35599e-23)
(1.2019 -0.151773 1.74966e-22)
(1.19853 -0.145571 -1.02318e-22)
(1.19525 -0.13962 -4.23626e-22)
(1.19207 -0.133902 -3.36319e-22)
(1.18897 -0.128403 1.37168e-22)
(1.18597 -0.123109 -1.82981e-22)
(1.18306 -0.118007 2.23079e-22)
(1.18024 -0.113085 -1.12433e-22)
(1.17751 -0.108332 1.83088e-22)
(1.17487 -0.103737 -4.11031e-22)
(1.17232 -0.0992925 -2.37898e-22)
(1.16985 -0.0949876 2.95356e-22)
(1.16748 -0.0908143 2.26933e-22)
(1.16519 -0.0867646 1.34388e-22)
(1.16299 -0.0828308 9.96967e-23)
(1.16087 -0.079006 -6.46895e-22)
(1.15884 -0.0752833 -2.8292e-23)
(1.15689 -0.0716563 3.95652e-22)
(1.15502 -0.0681197 -1.24181e-22)
(1.15324 -0.0646668 -2.20044e-22)
(1.15154 -0.0612924 1.22159e-22)
(1.14991 -0.0579923 -2.39898e-22)
(1.14837 -0.054761 1.12557e-22)
(1.14691 -0.051594 -2.53068e-22)
(1.14553 -0.0484869 2.38365e-23)
(1.14423 -0.0454357 7.47151e-23)
(1.143 -0.0424361 -1.11972e-23)
(1.14186 -0.0394845 -3.56319e-23)
(1.14079 -0.0365771 1.0138e-22)
(1.1398 -0.0337103 8.20746e-24)
(1.13889 -0.0308807 -1.18664e-22)
(1.13805 -0.028085 1.48335e-22)
(1.13729 -0.02532 9.80604e-24)
(1.13661 -0.0225826 -2.45132e-23)
(1.13601 -0.0198697 -2.3436e-23)
(1.13548 -0.0171784 5.95716e-23)
(1.13502 -0.0145058 -7.85384e-24)
(1.13464 -0.0118488 5.40251e-23)
(1.13434 -0.00920452 -2.0984e-23)
(1.1341 -0.00656972 4.91019e-24)
(1.13395 -0.00394103 1.27905e-23)
(1.13387 -0.00131368 3.80036e-23)
(1.27475 -0.304815 3.62733e-21)
(1.28056 -0.299845 -5.05104e-22)
(1.281 -0.292548 -5.0349e-21)
(1.27799 -0.283379 9.06957e-22)
(1.27299 -0.273102 5.70509e-22)
(1.26702 -0.262299 1.03593e-21)
(1.26075 -0.251392 -2.40758e-23)
(1.25457 -0.240669 6.4685e-22)
(1.24869 -0.230305 3.27601e-22)
(1.24317 -0.220391 1.29125e-21)
(1.23801 -0.210959 7.87647e-22)
(1.23318 -0.202009 -1.02859e-21)
(1.22862 -0.193519 4.5313e-23)
(1.2243 -0.185457 -1.37345e-22)
(1.22016 -0.177791 -6.39183e-22)
(1.21618 -0.170487 1.41623e-21)
(1.21234 -0.163515 -1.57435e-21)
(1.20862 -0.15685 8.98614e-23)
(1.20502 -0.150468 1.40799e-21)
(1.20151 -0.144348 -6.9901e-22)
(1.19811 -0.138473 8.30945e-22)
(1.19481 -0.132826 1.20658e-22)
(1.19161 -0.127392 6.72067e-22)
(1.18851 -0.122158 -1.0417e-21)
(1.18551 -0.117113 1.60044e-22)
(1.1826 -0.112243 5.9343e-23)
(1.17979 -0.107539 1.68954e-22)
(1.17707 -0.102991 1.69824e-22)
(1.17444 -0.0985898 -2.5707e-22)
(1.17191 -0.0943257 -1.33014e-24)
(1.16948 -0.0901908 3.08474e-22)
(1.16713 -0.0861773 4.87558e-24)
(1.16487 -0.0822778 3.60922e-23)
(1.1627 -0.0784853 -8.69874e-23)
(1.16062 -0.0747934 -3.25466e-23)
(1.15862 -0.0711957 1.8728e-22)
(1.15671 -0.0676868 -1.24468e-22)
(1.15489 -0.0642605 1.06727e-22)
(1.15315 -0.0609115 -4.6073e-23)
(1.15149 -0.0576356 7.87814e-24)
(1.14991 -0.0544275 8.17925e-23)
(1.14842 -0.0512828 -2.93322e-23)
(1.14701 -0.0481972 -5.65194e-23)
(1.14568 -0.0451665 3.95545e-23)
(1.14443 -0.0421869 2.06824e-23)
(1.14326 -0.0392544 -2.80682e-23)
(1.14217 -0.0363656 1.50332e-23)
(1.14116 -0.0335169 -3.22098e-23)
(1.14023 -0.0307048 5.33961e-23)
(1.13938 -0.0279262 -5.45051e-23)
(1.13861 -0.0251778 -2.66828e-23)
(1.13791 -0.0224567 3.32432e-23)
(1.13729 -0.0197597 -1.86898e-23)
(1.13675 -0.017084 -3.11245e-23)
(1.13629 -0.0144267 2.21426e-23)
(1.1359 -0.0117847 6.20583e-24)
(1.13558 -0.00915518 2.30189e-23)
(1.13535 -0.00653485 -3.29535e-23)
(1.13519 -0.00392036 9.66588e-25)
(1.1351 -0.00130719 4.52732e-24)
(1.27588 -0.293084 -5.59839e-22)
(1.28324 -0.290126 -2.49998e-21)
(1.28485 -0.284465 2.56092e-21)
(1.28263 -0.276681 2.5171e-22)
(1.2781 -0.267535 -2.83814e-21)
(1.27233 -0.257629 9.20062e-22)
(1.26608 -0.247424 1.70073e-22)
(1.2598 -0.237243 1.57439e-23)
(1.25374 -0.227299 2.04276e-22)
(1.24799 -0.217714 -1.44857e-22)
(1.2426 -0.208544 4.314e-22)
(1.23754 -0.199808 -8.03804e-22)
(1.23276 -0.191496 4.43143e-22)
(1.22822 -0.183588 -1.35894e-22)
(1.2239 -0.176056 -4.04827e-22)
(1.21974 -0.168872 -4.02237e-23)
(1.21574 -0.162009 1.72587e-22)
(1.21187 -0.155443 -1.14691e-23)
(1.20812 -0.149152 1.86257e-22)
(1.20449 -0.143115 -1.93037e-22)
(1.20097 -0.137317 1.14696e-22)
(1.19756 -0.131741 -1.91939e-22)
(1.19425 -0.126373 7.11943e-23)
(1.19105 -0.121201 -1.93982e-22)
(1.18795 -0.116213 1.70791e-22)
(1.18496 -0.111397 1.03779e-22)
(1.18206 -0.106743 -1.28198e-22)
(1.17927 -0.102241 -8.18146e-23)
(1.17657 -0.0978836 -3.26361e-23)
(1.17397 -0.0936607 -1.06704e-22)
(1.17147 -0.0895646 2.02022e-24)
(1.16906 -0.0855876 2.03895e-22)
(1.16675 -0.0817227 -2.33706e-22)
(1.16453 -0.0779629 1.51509e-22)
(1.16239 -0.074302 -2.90982e-23)
(1.16035 -0.0707338 1.36219e-23)
(1.1584 -0.0672528 -7.98988e-23)
(1.15653 -0.0638532 1.36151e-23)
(1.15475 -0.0605298 4.59303e-23)
(1.15306 -0.0572782 1.98862e-23)
(1.15145 -0.0540935 -5.76295e-24)
(1.14993 -0.0509711 -9.41414e-23)
(1.14849 -0.047907 4.85069e-23)
(1.14713 -0.044897 -3.18144e-23)
(1.14585 -0.0419373 7.07306e-23)
(1.14466 -0.0390242 -8.6861e-23)
(1.14355 -0.036154 2.85681e-23)
(1.14252 -0.0333233 -5.81994e-24)
(1.14157 -0.0305288 -4.97327e-23)
(1.1407 -0.0277673 -3.24055e-24)
(1.13991 -0.0250356 7.58142e-24)
(1.1392 -0.0223307 1.43562e-23)
(1.13857 -0.0196497 -4.52003e-23)
(1.13802 -0.0169896 1.55541e-23)
(1.13754 -0.0143476 -1.54296e-23)
(1.13715 -0.0117206 -1.47431e-23)
(1.13683 -0.00910582 -4.38559e-24)
(1.13658 -0.00649995 -2.07646e-24)
(1.13642 -0.00389966 -1.85959e-23)
(1.13633 -0.00130068 -2.98513e-24)
(1.27582 -0.280952 8.07314e-22)
(1.28493 -0.280039 2.50016e-21)
(1.28791 -0.276048 -2.20286e-21)
(1.28666 -0.269692 -2.46069e-22)
(1.28274 -0.261725 2.75937e-21)
(1.2773 -0.252764 -1.34356e-21)
(1.27116 -0.243302 -2.32011e-22)
(1.26485 -0.2337 -3.5292e-23)
(1.25865 -0.224205 -8.52164e-23)
(1.25273 -0.214969 4.16553e-22)
(1.24712 -0.206078 -7.24282e-22)
(1.24184 -0.197567 9.91471e-22)
(1.23686 -0.189442 -7.04211e-22)
(1.23212 -0.181693 -8.58856e-23)
(1.22761 -0.1743 3.89929e-22)
(1.22328 -0.167239 -8.56194e-24)
(1.21912 -0.160488 -2.0952e-22)
(1.2151 -0.154022 -1.68031e-22)
(1.21122 -0.147823 -2.69932e-22)
(1.20746 -0.141871 2.07875e-22)
(1.20382 -0.136151 -2.72684e-22)
(1.2003 -0.130648 1.79037e-22)
(1.19688 -0.125347 -1.50887e-22)
(1.19358 -0.120237 2.11362e-22)
(1.19039 -0.115307 -1.98347e-22)
(1.18731 -0.110545 -1.02265e-22)
(1.18434 -0.105942 2.01225e-22)
(1.18147 -0.101488 6.99014e-23)
(1.1787 -0.097174 1.89631e-23)
(1.17603 -0.0929927 -1.13058e-23)
(1.17347 -0.0889357 1.29168e-24)
(1.171 -0.0849957 -2.28927e-22)
(1.16863 -0.0811656 2.52258e-22)
(1.16635 -0.0774388 -1.27858e-22)
(1.16417 -0.0738091 3.36322e-23)
(1.16208 -0.0702706 -1.49871e-22)
(1.16008 -0.0668177 1.13462e-22)
(1.15818 -0.063445 -2.631e-24)
(1.15636 -0.0601473 -4.65555e-23)
(1.15463 -0.0569202 -1.75187e-23)
(1.15298 -0.0537588 3.04882e-23)
(1.15143 -0.050659 -5.9907e-24)
(1.14996 -0.0476164 -4.98739e-23)
(1.14857 -0.0446272 2.58503e-23)
(1.14727 -0.0416875 -5.47106e-23)
(1.14606 -0.0387937 4.30744e-26)
(1.14492 -0.0359422 -2.8956e-23)
(1.14387 -0.0331297 2.56062e-23)
(1.1429 -0.0303528 -3.20883e-23)
(1.14202 -0.0276084 -3.43403e-24)
(1.14121 -0.0248934 1.81836e-23)
(1.14049 -0.0222048 -1.29332e-23)
(1.13984 -0.0195397 -2.47929e-23)
(1.13928 -0.0168952 -2.32447e-23)
(1.13879 -0.0142684 1.81927e-23)
(1.13839 -0.0116565 -3.65327e-23)
(1.13806 -0.00905643 -1.43908e-24)
(1.13781 -0.00646501 -3.89683e-24)
(1.13764 -0.00387891 -2.36821e-23)
(1.13756 -0.00129414 -2.96816e-24)
)
;

boundaryField
{
    inlet
    {
        type            uniformFixedValue;
        uniformValue    constant (1 0 0);
        value           nonuniform 0();
    }
    outlet
    {
        type            pressureInletOutletVelocity;
        value           nonuniform 0();
    }
    cylinder
    {
        type            fixedValue;
        value           uniform (0 0 0);
    }
    top
    {
        type            symmetryPlane;
    }
    bottom
    {
        type            symmetryPlane;
    }
    defaultFaces
    {
        type            empty;
    }
    procBoundary9to8
    {
        type            processor;
        value           nonuniform List<vector> 
187
(
(1.21134 0.323883 8.27786e-21)
(1.22844 0.327707 -3.5636e-20)
(1.2425 0.33003 -5.50934e-21)
(1.25358 0.330962 3.51123e-21)
(1.26172 0.330549 -3.64506e-20)
(0.886854 0.228985 5.47618e-21)
(0.93195 0.245244 8.38666e-21)
(0.974572 0.260692 -1.37752e-20)
(1.01456 0.275166 2.45265e-20)
(1.05177 0.288514 -3.30628e-20)
(1.0861 0.300602 2.57822e-20)
(1.11743 0.311316 -9.97599e-21)
(1.14571 0.320567 1.34614e-20)
(1.17091 0.328291 -2.79955e-20)
(1.21134 0.323883 8.27786e-21)
(1.193 0.334449 -3.80575e-20)
(0.408577 0.0866435 -2.16548e-20)
(0.468529 0.103613 2.93974e-20)
(0.527419 0.121199 4.77427e-22)
(0.585101 0.139249 -3.08154e-20)
(0.641415 0.157603 -2.78511e-21)
(0.696191 0.176087 -1.94466e-20)
(0.749251 0.194523 -9.16076e-21)
(0.800413 0.212728 4.0563e-20)
(0.886854 0.228985 5.47618e-21)
(0.849494 0.230516 -3.04593e-20)
(0.0338216 0.00604847 -4.45524e-21)
(0.099513 0.0185553 2.62589e-20)
(0.164531 0.0324134 2.41828e-21)
(0.228834 0.0474301 4.28796e-21)
(0.292359 0.0634473 -3.53341e-20)
(0.408577 0.0866435 -2.16548e-20)
(0.355014 0.08036 1.88585e-21)
(0.0338216 -0.00604847 -3.10852e-21)
(0.099513 -0.0185553 -3.14405e-20)
(0.164531 -0.0324134 3.47989e-20)
(0.228834 -0.0474301 -5.06568e-20)
(0.292359 -0.0634473 2.56566e-20)
(0.355014 -0.08036 -1.25057e-20)
(0.416692 -0.0980507 2.75541e-20)
(0.468529 -0.103613 -2.24378e-20)
(0.468529 -0.103613 -2.24378e-20)
(0.527419 -0.121199 -2.24558e-20)
(0.585101 -0.139249 7.88172e-21)
(0.641415 -0.157603 -1.40344e-20)
(0.696191 -0.176087 5.57739e-23)
(0.749251 -0.194523 9.72505e-21)
(0.800413 -0.212728 1.46535e-20)
(0.849494 -0.230516 4.60329e-20)
(0.896314 -0.247701 -1.98773e-20)
(0.93195 -0.245244 -4.04064e-21)
(0.93195 -0.245244 -4.04064e-21)
(0.974572 -0.260692 3.15316e-20)
(1.01456 -0.275166 -6.97258e-20)
(1.05177 -0.288514 5.91961e-20)
(1.0861 -0.300602 1.30066e-20)
(1.11743 -0.311316 -1.77024e-20)
(1.14571 -0.320567 -5.83161e-21)
(1.17091 -0.328291 -3.48131e-20)
(1.193 -0.334449 3.92344e-22)
(1.21202 -0.339031 -3.23531e-20)
(1.22844 -0.327707 -3.66551e-21)
(1.22844 -0.327707 -3.66551e-21)
(1.2425 -0.33003 -1.40138e-20)
(1.25358 -0.330962 -2.35472e-20)
(1.26172 -0.330549 -1.22223e-20)
(1.26915 0.326992 -7.99392e-22)
(1.2725 0.318127 2.61375e-21)
(1.27114 0.307698 4.46615e-21)
(1.26704 0.295912 -1.02821e-20)
(1.26151 0.28353 4.41996e-21)
(1.25546 0.271076 -3.16871e-22)
(1.24941 0.258893 6.54964e-23)
(1.24364 0.247188 -9.13568e-22)
(1.23826 0.236063 2.43668e-21)
(1.23328 0.225553 -4.3642e-21)
(1.22866 0.215642 -1.00566e-21)
(1.22434 0.206297 4.0052e-21)
(1.22026 0.197472 -1.21146e-21)
(1.21637 0.18912 -5.64127e-22)
(1.21263 0.181196 -1.30242e-21)
(1.20902 0.173662 1.87326e-21)
(1.20551 0.16648 4.02402e-22)
(1.2021 0.159623 5.03227e-23)
(1.19878 0.153065 -3.50191e-22)
(1.19554 0.146782 1.4599e-21)
(1.19239 0.140757 1.19983e-22)
(1.18932 0.13497 1.23728e-22)
(1.18633 0.129407 -2.51314e-21)
(1.18343 0.124053 3.33915e-21)
(1.18061 0.118895 -1.22417e-21)
(1.17788 0.113921 -1.17956e-21)
(1.17523 0.109119 1.54702e-21)
(1.17267 0.10448 -3.87614e-22)
(1.17019 0.0999917 8.76687e-22)
(1.16779 0.0956466 -1.2847e-21)
(1.16548 0.0914353 5.80204e-22)
(1.16325 0.0873496 7.8494e-22)
(1.16111 0.0833819 -5.73955e-22)
(1.15904 0.0795248 1.15424e-22)
(1.15706 0.0757716 -2.59099e-22)
(1.15516 0.0721155 -4.48393e-22)
(1.15333 0.0685515 -2.89478e-22)
(1.15159 0.0650723 6.46465e-22)
(1.14992 0.0616724 -2.83031e-22)
(1.14834 0.0583483 7.6116e-23)
(1.14683 0.0550938 -4.66525e-22)
(1.1454 0.0519047 2.00867e-22)
(1.14405 0.0487763 1.59663e-22)
(1.14277 0.0457045 -1.23783e-22)
(1.14157 0.0426852 -1.16507e-22)
(1.14045 0.0397144 -8.00681e-23)
(1.1394 0.0367884 -1.77616e-22)
(1.13843 0.0339036 -1.57096e-22)
(1.13754 0.0310565 6.65904e-23)
(1.13672 0.0282438 -1.78014e-22)
(1.13598 0.0254622 3.04181e-23)
(1.13531 0.0227086 -1.09752e-22)
(1.13472 0.0199798 -9.01126e-23)
(1.1342 0.0172729 -5.21083e-23)
(1.13375 0.0145849 4.50349e-24)
(1.13338 0.0119129 -3.84852e-23)
(1.13308 0.00925387 -5.3819e-23)
(1.13286 0.00660458 -1.32241e-22)
(1.1327 0.00396168 1.08853e-23)
(1.13263 0.00132016 1.53375e-23)
(1.13706 -0.0340968 1.13643e-22)
(1.13619 -0.0312323 -1.16642e-22)
(1.13539 -0.0284026 1.3787e-22)
(1.13466 -0.0256044 1.36176e-22)
(1.134 -0.0228345 -5.30038e-23)
(1.13342 -0.0200899 -3.43518e-23)
(1.13291 -0.0173674 9.53633e-23)
(1.13248 -0.0146641 -4.70982e-24)
(1.13211 -0.0119771 1.06551e-22)
(1.13182 -0.00930324 6.03448e-23)
(1.1316 -0.00663944 -2.14641e-24)
(1.13145 -0.00398231 -6.33218e-23)
(1.13138 -0.00132663 -4.81581e-23)
(1.26915 -0.326992 1.75638e-21)
(1.2725 -0.318127 -5.4952e-21)
(1.27114 -0.307698 -2.91607e-21)
(1.26704 -0.295912 7.87156e-21)
(1.26151 -0.28353 -4.47802e-21)
(1.25546 -0.271076 -2.02711e-23)
(1.24941 -0.258893 -1.04842e-21)
(1.24364 -0.247188 -8.43395e-22)
(1.23826 -0.236063 -2.62939e-21)
(1.23328 -0.225552 2.83973e-21)
(1.22866 -0.215642 4.48585e-22)
(1.22434 -0.206297 -2.70185e-21)
(1.22026 -0.197472 7.23037e-22)
(1.21637 -0.18912 -6.07375e-22)
(1.21263 -0.181196 8.72038e-22)
(1.20902 -0.173661 -4.29554e-21)
(1.20551 -0.16648 2.04823e-21)
(1.2021 -0.159623 -2.01456e-22)
(1.19878 -0.153065 3.27559e-22)
(1.19554 -0.146782 -1.41812e-21)
(1.19239 -0.140756 -4.20742e-22)
(1.18932 -0.13497 -1.76895e-22)
(1.18633 -0.129407 3.25552e-21)
(1.18343 -0.124053 -2.70491e-21)
(1.18061 -0.118895 1.88793e-21)
(1.17788 -0.113921 1.13706e-21)
(1.17523 -0.109119 -1.01924e-21)
(1.17267 -0.104479 -1.16706e-22)
(1.17019 -0.0999917 -9.95881e-22)
(1.16779 -0.0956465 1.39285e-21)
(1.16548 -0.0914352 -7.99553e-22)
(1.16325 -0.0873496 -1.49896e-22)
(1.16111 -0.0833819 5.98232e-22)
(1.15904 -0.0795248 -7.61715e-22)
(1.15706 -0.0757716 -9.11543e-23)
(1.15516 -0.0721155 3.03126e-22)
(1.15333 -0.0685515 -8.82599e-23)
(1.15159 -0.0650723 -7.78291e-22)
(1.14992 -0.0616724 -5.44471e-24)
(1.14834 -0.0583483 -1.96159e-22)
(1.14683 -0.0550938 2.52377e-22)
(1.1454 -0.0519047 -3.10633e-22)
(1.14405 -0.0487763 -1.17251e-22)
(1.14277 -0.0457045 2.29202e-23)
(1.14157 -0.0426852 -1.05798e-22)
(1.14045 -0.0397144 -1.74511e-22)
(1.1394 -0.0367884 8.77682e-23)
(1.1394 -0.0367884 8.77682e-23)
)
;
    }
    procBoundary9to10
    {
        type            processor;
        value           nonuniform List<vector> 
185
(
(0.0229337 -0.00184574 -1.10157e-20)
(0.068576 -0.00465436 9.25074e-21)
(0.115037 -0.00581255 -1.51248e-20)
(0.162277 -0.00547154 -8.85211e-22)
(0.210248 -0.00373463 2.04576e-20)
(0.270193 0.00533054 -1.39865e-20)
(0.270193 0.00533054 -1.39865e-20)
(0.321075 0.0108568 -2.20588e-21)
(0.372344 0.0176349 -9.1021e-21)
(0.423899 0.0255905 3.59234e-21)
(0.475619 0.0346398 1.46746e-20)
(0.527369 0.0446891 1.40179e-21)
(0.578994 0.0556349 -1.05653e-20)
(0.630323 0.067363 1.75976e-20)
(0.68117 0.0797499 -2.21404e-20)
(0.731334 0.0926626 8.94618e-22)
(0.780602 0.10596 -4.48013e-21)
(0.82875 0.119493 2.30153e-20)
(0.875548 0.133109 -1.36929e-20)
(0.920761 0.146649 -1.75333e-20)
(0.964157 0.159957 4.93314e-21)
(1.00551 0.172875 7.95807e-21)
(1.04459 0.185252 -1.19267e-22)
(1.08121 0.196945 -1.40689e-21)
(1.11517 0.207821 2.35156e-20)
(1.1463 0.217761 -3.76532e-20)
(1.17447 0.226668 -2.27625e-20)
(1.19955 0.234461 -1.17334e-20)
(1.22877 0.256626 -1.66251e-21)
(1.22877 0.256626 -1.66251e-21)
(1.24598 0.261368 -4.47996e-21)
(1.25988 0.264851 -8.96409e-21)
(1.20832 -0.250602 -4.23834e-21)
(1.22877 -0.256626 -1.49657e-20)
(1.24598 -0.261368 -3.92035e-21)
(1.25988 -0.264851 -4.47521e-21)
(0.219787 -0.00112112 2.35038e-21)
(0.270194 -0.00533053 -2.62064e-21)
(0.321075 -0.0108567 -1.67098e-20)
(0.372344 -0.0176349 9.38988e-21)
(0.423899 -0.0255905 8.2929e-21)
(0.475619 -0.0346397 -3.57292e-21)
(0.527369 -0.0446891 7.16685e-21)
(0.578994 -0.0556348 9.35735e-21)
(0.630323 -0.0673629 -2.18835e-20)
(0.68117 -0.0797498 -2.54214e-21)
(0.731335 -0.0926625 -1.19053e-20)
(0.780602 -0.10596 2.40562e-20)
(0.82875 -0.119493 -1.90151e-21)
(0.875548 -0.133108 3.24056e-21)
(0.920761 -0.146649 2.166e-20)
(0.964157 -0.159957 1.79394e-20)
(1.00551 -0.172875 7.32413e-22)
(1.04459 -0.185252 2.09033e-20)
(1.08121 -0.196945 -6.86436e-21)
(1.11517 -0.20782 -8.16514e-21)
(1.1463 -0.217761 5.87607e-21)
(1.20832 -0.250602 -4.23834e-21)
(1.17447 -0.226667 -1.31907e-20)
(0.0229338 0.00184575 6.84895e-21)
(0.068576 0.00465436 -1.99101e-20)
(0.115037 0.00581256 3.25612e-20)
(0.219787 -0.00112112 2.35038e-21)
(0.162277 0.00547155 -8.10545e-21)
(1.20214 0.123273 -1.03115e-22)
(1.19864 0.11829 2.06762e-22)
(1.19527 0.113478 -1.96566e-22)
(1.19202 0.108826 -1.85565e-22)
(1.18888 0.104326 2.67948e-22)
(1.18586 0.099968 -1.68065e-22)
(1.18294 0.0957445 4.4669e-23)
(1.18014 0.0916477 4.01429e-23)
(1.17745 0.0876701 6.17066e-22)
(1.17486 0.0838049 4.86688e-22)
(1.17237 0.0800454 1.5135e-22)
(1.16999 0.0763853 -8.86544e-22)
(1.16771 0.0728188 -3.37528e-22)
(1.16553 0.0693402 7.92843e-22)
(1.16344 0.0659442 -1.92489e-22)
(1.16145 0.0626256 -6.14999e-23)
(1.15955 0.0593797 3.57594e-22)
(1.15775 0.0562018 -1.05567e-22)
(1.15604 0.0530877 1.31972e-22)
(1.15442 0.050033 -1.47896e-22)
(1.15289 0.0470339 2.30215e-22)
(1.15145 0.0440865 -9.13729e-23)
(1.15009 0.041187 -4.36596e-24)
(1.14883 0.038332 1.30303e-22)
(1.14765 0.0355181 2.20378e-23)
(1.14656 0.0327419 1.17253e-23)
(1.14555 0.0300003 -1.82296e-22)
(1.14463 0.0272902 2.17934e-22)
(1.14379 0.0246086 1.76677e-23)
(1.14304 0.0219527 -3.6505e-23)
(1.14237 0.0193195 -4.35891e-23)
(1.14178 0.0167062 8.94725e-23)
(1.14127 0.01411 -1.22325e-23)
(1.14085 0.0115281 8.75383e-23)
(1.14051 0.00895747 -2.8502e-23)
(1.14025 0.00639495 -5.22771e-24)
(1.14007 0.00383725 1.69662e-23)
(1.13998 0.00128096 6.37504e-23)
(1.27453 0.268441 4.00641e-21)
(1.2856 0.269594 -5.13276e-22)
(1.29014 0.267302 -5.56498e-21)
(1.29003 0.262412 1.00293e-21)
(1.28687 0.255669 6.45633e-22)
(1.28189 0.247698 1.16646e-21)
(1.27597 0.23902 -3.81264e-23)
(1.2697 0.230033 7.41471e-22)
(1.26343 0.221016 3.78576e-22)
(1.25736 0.212154 1.46538e-21)
(1.25158 0.203557 8.94642e-22)
(1.2461 0.195284 -1.16077e-21)
(1.24092 0.187355 5.35636e-23)
(1.23599 0.179772 -1.61124e-22)
(1.2313 0.172523 -7.44716e-22)
(1.22681 0.165589 1.61522e-21)
(1.22249 0.15895 -1.79416e-21)
(1.21833 0.152587 9.699e-23)
(1.21431 0.146482 1.61705e-21)
(1.21042 0.140617 -8.02568e-22)
(1.20666 0.134976 9.65048e-22)
(1.20303 0.129546 1.44684e-22)
(1.20303 0.129546 1.44684e-22)
(1.27453 -0.268441 -2.7485e-21)
(1.2856 -0.269594 1.88688e-21)
(1.29014 -0.267302 5.77192e-21)
(1.29003 -0.262412 -8.84363e-22)
(1.28687 -0.255669 3.63931e-22)
(1.28189 -0.247698 -1.66833e-22)
(1.27597 -0.23902 -2.92147e-22)
(1.2697 -0.230032 1.24828e-22)
(1.26343 -0.221015 6.07294e-23)
(1.25736 -0.212154 -1.67355e-21)
(1.25158 -0.203557 1.86991e-21)
(1.2461 -0.195284 -9.1211e-22)
(1.24092 -0.187355 3.12796e-22)
(1.23599 -0.179772 1.96429e-22)
(1.2313 -0.172523 4.90937e-23)
(1.22681 -0.165589 -1.56189e-21)
(1.22249 -0.15895 2.0629e-21)
(1.21833 -0.152587 1.06503e-22)
(1.21431 -0.146482 -1.35824e-21)
(1.21042 -0.140617 8.27653e-22)
(1.20666 -0.134976 -3.76204e-22)
(1.20303 -0.129546 1.2864e-22)
(1.19951 -0.124314 -5.85325e-22)
(1.19612 -0.119267 6.84832e-22)
(1.19283 -0.114395 -1.72201e-22)
(1.18967 -0.109688 -1.65193e-22)
(1.18661 -0.105136 -4.36506e-23)
(1.18366 -0.10073 -3.39748e-22)
(1.18082 -0.096461 4.41897e-22)
(1.17809 -0.0923217 2.05001e-23)
(1.17546 -0.0883042 -4.46763e-22)
(1.17293 -0.0844014 7.73383e-24)
(1.1705 -0.0806065 -2.7701e-22)
(1.16817 -0.0769129 2.51064e-22)
(1.16594 -0.0733147 2.22987e-22)
(1.16381 -0.0698061 -2.08505e-22)
(1.16176 -0.0663815 1.41235e-22)
(1.15981 -0.0630358 -1.8488e-22)
(1.15796 -0.0597639 1.46119e-22)
(1.15619 -0.0565614 4.58443e-23)
(1.15451 -0.0534236 -2.09787e-22)
(1.15293 -0.0503463 4.83449e-23)
(1.15143 -0.0473254 1.79776e-23)
(1.15001 -0.044357 -4.0007e-23)
(1.14869 -0.0414374 -6.86268e-23)
(1.14745 -0.038563 9.59551e-23)
(1.14629 -0.0357303 -6.40268e-23)
(1.14522 -0.0329359 4.68128e-23)
(1.14423 -0.0301766 -1.0633e-22)
(1.14333 -0.0274494 -7.15058e-23)
(1.14251 -0.0247511 9.51353e-23)
(1.14177 -0.0220788 -7.82231e-23)
(1.14111 -0.0194296 2.94782e-23)
(1.14053 -0.0168007 -9.01536e-23)
(1.14004 -0.0141893 -2.40676e-23)
(1.13962 -0.0115923 7.7325e-25)
(1.13929 -0.00900699 2.83114e-23)
(1.13903 -0.00643002 -8.24031e-23)
(1.13886 -0.00385812 -3.64048e-23)
(1.13877 -0.00128757 8.40221e-25)
)
;
    }
}


// ************************************************************************* //
