/*--------------------------------*- C++ -*----------------------------------*\
  =========                 |
  \\      /  F ield         | OpenFOAM: The Open Source CFD Toolbox
   \\    /   O peration     | Website:  https://openfoam.org
    \\  /    A nd           | Version:  7
     \\/     M anipulation  |
\*---------------------------------------------------------------------------*/
FoamFile
{
    version     2.0;
    format      ascii;
    class       surfaceScalarField;
    location    "30";
    object      phi;
}
// * * * * * * * * * * * * * * * * * * * * * * * * * * * * * * * * * * * * * //

dimensions      [0 3 -1 0 0 0 0];

internalField   nonuniform List<scalar> 
1665
(
0.00132651
-4.6271e-06
1.17725e-09
0.00133109
-4.57602e-06
1.18345e-09
0.00133561
-4.52557e-06
1.18828e-09
0.00134009
-4.47572e-06
1.19156e-09
-4.42648e-06
1.19328e-09
0.00132723
-9.24718e-06
0.0013318
-9.14516e-06
0.00133632
-9.04437e-06
0.00134079
-8.9448e-06
-8.84644e-06
0.00132867
-1.38557e-05
0.00133323
-1.37029e-05
0.00133773
-1.35521e-05
0.00134219
-1.34031e-05
-1.32558e-05
0.00133081
-1.84469e-05
0.00133535
-1.82439e-05
0.00133984
-1.80433e-05
0.00134428
-1.78452e-05
-1.76495e-05
0.00133364
-2.30154e-05
0.00133816
-2.27627e-05
0.00134263
-2.2513e-05
0.00134705
-2.22663e-05
0.00135143
-2.20226e-05
-2.17819e-05
0.00133715
-2.75562e-05
0.00134164
-2.72543e-05
0.00134609
-2.69561e-05
0.00135048
-2.66615e-05
0.00135483
-2.63704e-05
-2.60829e-05
0.00134131
-3.20643e-05
0.00134577
-3.17141e-05
0.00135018
-3.13681e-05
0.00135455
-3.10263e-05
0.00135886
-3.06886e-05
-3.0355e-05
0.00134609
-3.65354e-05
0.00135051
-3.61377e-05
0.00135489
-3.57448e-05
0.00135922
-3.53567e-05
0.00136351
-3.49732e-05
-3.45944e-05
0.00135147
-4.09655e-05
0.00135585
-4.05213e-05
0.00136019
-4.00825e-05
0.00136448
-3.9649e-05
0.00136873
-3.92207e-05
-3.87976e-05
0.0013574
-4.53511e-05
0.00136174
-4.48616e-05
0.00136604
-4.43779e-05
0.00137029
-4.39001e-05
0.00137449
-4.34281e-05
-4.29617e-05
0.00136385
-4.96895e-05
0.00136815
-4.91557e-05
0.0013724
-4.86284e-05
0.00137661
-4.81074e-05
0.00138077
-4.75927e-05
-4.70842e-05
0.00137079
0.00137503
-5.34015e-05
0.00137924
-5.28317e-05
0.0013834
-5.22689e-05
0.00138752
-5.17128e-05
-5.11634e-05
0.00138235
-5.75974e-05
0.0013865
-5.69866e-05
0.00139062
-5.63831e-05
0.00139469
-5.57869e-05
-5.51979e-05
0.00139005
-6.17425e-05
0.00139416
-6.1092e-05
0.00139822
-6.04493e-05
0.00140225
-5.98144e-05
-5.91871e-05
0.00139809
-6.58366e-05
0.00140215
-6.51479e-05
0.00140616
-6.44675e-05
0.00141014
-6.37952e-05
-6.3131e-05
0.00140641
-6.98803e-05
0.00141042
-6.91549e-05
0.00141439
-6.84382e-05
0.00141833
-6.77301e-05
-6.70305e-05
0.00141497
-7.38747e-05
0.00141893
-7.31142e-05
0.00142285
-7.23628e-05
0.00142674
-7.16204e-05
-7.08869e-05
0.0014237
-7.78219e-05
0.00142762
-7.70279e-05
0.0014315
-7.62433e-05
0.00143534
-7.54681e-05
-7.47023e-05
0.00143256
-8.17247e-05
0.00143643
-8.08987e-05
0.00144027
-8.00826e-05
0.00144408
-7.92762e-05
0.00144785
-7.84796e-05
-7.76925e-05
0.00144148
-8.55864e-05
0.00144531
-8.47301e-05
0.00144911
-8.38841e-05
0.00145289
-8.30482e-05
0.00145663
-8.22223e-05
-8.14063e-05
0.00145041
0.00145421
-8.85265e-05
0.00145798
-8.76522e-05
0.00146172
-8.67883e-05
0.00146543
-8.59347e-05
-8.50914e-05
0.00146306
-9.22927e-05
0.0014668
-9.13917e-05
0.00147051
-9.05014e-05
0.0014742
-8.96218e-05
-8.87527e-05
0.00147182
-9.60343e-05
0.00147553
-9.51083e-05
0.00147922
-9.41933e-05
0.00148289
-9.32891e-05
-9.23958e-05
0.00148042
-9.97578e-05
0.00148412
-9.88083e-05
0.00148779
-9.78701e-05
0.00149145
-9.69431e-05
-9.60271e-05
0.00148881
-0.00010347
0.0014925
-0.000102499
0.00149617
-0.000101539
0.00149982
-0.00010059
-9.96533e-05
0.00149694
-0.000107179
0.00150063
-0.000106187
0.0015043
-0.000105207
0.00150794
-0.000104239
-0.000103282
0.00150476
-0.000110892
0.00150845
-0.000109882
0.00151213
-0.000108883
0.00151578
-0.000107896
0.00151942
-0.000106921
-0.000105958
0.00151221
0.00151592
-0.000113591
0.00151961
-0.000112575
0.00152328
-0.000111571
0.00152694
-0.00011058
-0.0001096
0.00152298
-0.000117324
0.0015267
-0.000116293
0.0015304
-0.000115273
0.00153408
-0.000114266
-0.000113271
0.00152959
-0.000121091
0.00153334
-0.000120045
0.00153708
-0.000119012
0.00154081
-0.00011799
-0.000116981
0.00397674
-0.000125442
0.00398106
-0.000124372
0.00398536
-0.000123314
0.00398964
-0.000122268
-0.000121235
0.0040983
-0.000129061
0.0041019
-0.000127972
0.00410548
-0.000126896
0.00410904
-0.000125832
-0.000124781
0.00422234
-0.000131951
0.00422522
-0.00013085
0.00422809
-0.000129762
0.00423094
-0.000128687
-0.000127624
0.00434794
-0.000134125
0.00435011
-0.000133019
0.00435227
-0.000131925
0.00435443
-0.000130844
-0.000129776
0.0044742
-0.000135601
0.00447568
-0.000134496
0.00447715
-0.000133403
0.00447863
-0.000132322
-0.000131254
0.00460025
-0.000136406
0.00460106
-0.000135307
0.00460187
-0.00013422
0.0046027
-0.000133146
-0.000132084
0.00472526
-0.000136571
0.00472543
-0.000135483
0.00472562
-0.000134408
0.00472582
-0.000133345
-0.000132294
0.00484845
-0.000136132
0.00484803
-0.000135061
0.00484763
-0.000134003
0.00484724
-0.000132955
-0.000131919
0.00496912
-0.000135132
0.00496814
-0.000134082
0.00496718
-0.000133043
0.00496624
-0.000132016
-0.000131
0.0050866
-0.000133614
0.00508511
-0.000132589
0.00508364
-0.000131575
0.0050822
-0.000130571
-0.000129579
0.00520031
-0.000131628
0.00519835
-0.00013063
0.00519642
-0.000129643
0.00519452
-0.000128667
-0.0001277
0.00530974
-0.000129221
0.00530736
-0.000128254
0.00530502
-0.000127297
0.0053027
-0.00012635
-0.000125413
0.00541444
-0.000126446
0.0054117
-0.000125512
0.00540899
-0.000124586
0.00540631
-0.000123671
-0.000122764
0.00551407
-0.000123353
0.00551101
-0.000122453
0.00550799
-0.000121561
0.00550499
-0.000120678
-0.000119804
0.00560833
-0.000119993
0.00560501
-0.000119127
0.00560171
-0.000118269
0.00559846
-0.00011742
-0.000116579
0.00569702
-0.000116414
0.00569348
-0.000115583
0.00568997
-0.00011476
0.00568649
-0.000113945
-0.000113138
0.00578
-0.000112663
0.00577629
-0.000111867
0.00577261
-0.000111079
0.00576896
-0.000110299
-0.000109526
0.00585721
-0.000108785
0.00585337
-0.000108024
0.00584956
-0.000107271
0.00584578
-0.000106524
-0.000105784
0.00592864
-0.000104821
0.00592471
-0.000104095
0.00592081
-0.000103375
0.00591695
-0.000102661
-0.000101955
0.00599435
-0.000100809
0.00599037
-0.000100116
0.00598643
-9.94287e-05
0.00598251
-9.87476e-05
-9.80728e-05
0.00605445
-9.67836e-05
0.00605046
-9.61221e-05
0.00604649
-9.54663e-05
0.00604256
-9.48164e-05
-9.41723e-05
0.0061091
-9.2774e-05
0.00610512
-9.21431e-05
0.00610117
-9.15175e-05
0.00609725
-9.08973e-05
-9.02826e-05
0.00615849
-8.88069e-05
0.00615455
-8.8205e-05
0.00615064
-8.7608e-05
0.00614676
-8.70162e-05
-8.64295e-05
0.00620286
-8.49043e-05
0.00619898
-8.43299e-05
0.00619513
-8.37601e-05
0.00619131
-8.31951e-05
-8.26349e-05
0.00624245
-8.10846e-05
0.00623866
-8.0536e-05
0.00623489
-7.99918e-05
0.00623115
-7.94522e-05
-7.8917e-05
0.00627756
-7.73622e-05
0.00627386
-7.6838e-05
0.00627019
-7.63179e-05
0.00626654
-7.58021e-05
-7.52906e-05
0.00630846
-7.37482e-05
0.00630487
-7.32469e-05
0.0063013
-7.27495e-05
0.00629776
-7.22561e-05
-7.17667e-05
0.00633547
-7.02505e-05
0.00633199
-6.97707e-05
0.00632854
-6.92946e-05
0.0063251
-6.88222e-05
-6.83537e-05
0.00635888
-6.68738e-05
0.00635552
-6.64143e-05
0.00635218
-6.59582e-05
0.00634887
-6.55056e-05
-6.50567e-05
0.00637899
-6.36206e-05
0.00637576
-6.31801e-05
0.00637254
-6.27429e-05
0.00636934
-6.23091e-05
-6.18787e-05
0.00639611
-6.04908e-05
0.006393
-6.00684e-05
0.0063899
-5.96491e-05
0.00638683
-5.92329e-05
-5.88201e-05
0.00641052
-5.74826e-05
0.00640753
-5.70774e-05
0.00640455
-5.66751e-05
0.00640159
-5.62758e-05
-5.58795e-05
0.0064225
-5.45926e-05
0.00641962
-5.42038e-05
0.00641676
-5.38177e-05
0.00641392
-5.34345e-05
-5.30542e-05
0.00643231
-5.18161e-05
0.00642955
-5.14431e-05
0.0064268
-5.10726e-05
0.00642407
-5.07048e-05
-5.03398e-05
0.0064402
-4.91474e-05
0.00643755
-4.87896e-05
0.00643491
-4.84343e-05
0.00643229
-4.80814e-05
-4.77312e-05
0.00644641
-4.65802e-05
0.00644386
-4.62372e-05
0.00644132
-4.58965e-05
0.0064388
-4.55582e-05
-4.52224e-05
0.00645116
-4.41076e-05
0.0064487
-4.37791e-05
0.00644625
-4.34528e-05
0.00644383
-4.31287e-05
-4.28069e-05
0.00645463
-4.17225e-05
0.00645226
-4.14083e-05
0.0064499
-4.10962e-05
0.00644756
-4.07861e-05
-4.04782e-05
0.00645702
-3.94178e-05
0.00645473
-3.91178e-05
0.00645245
-3.88196e-05
0.00645019
-3.85233e-05
-3.82291e-05
0.00645849
-3.71864e-05
0.00645627
-3.69004e-05
0.00645407
-3.66161e-05
0.00645188
-3.63336e-05
-3.6053e-05
0.00645919
-3.50213e-05
0.00645704
-3.47493e-05
0.0064549
-3.44788e-05
0.00645278
-3.42101e-05
-3.39431e-05
0.00645925
-3.29161e-05
0.00645716
-3.2658e-05
0.00645508
-3.24013e-05
0.00645302
-3.21463e-05
-3.18928e-05
0.0064588
-3.08642e-05
0.00645676
-3.06201e-05
0.00645473
-3.03773e-05
0.00645272
-3.0136e-05
-2.98962e-05
0.00645793
-2.886e-05
0.00645594
-2.86299e-05
0.00645397
-2.8401e-05
0.00645201
-2.81734e-05
-2.79472e-05
0.00645676
-2.68978e-05
0.00645481
-2.66818e-05
0.00645288
-2.64668e-05
0.00645096
-2.6253e-05
-2.60406e-05
0.00645535
-2.49728e-05
0.00645344
-2.47708e-05
0.00645154
-2.45698e-05
0.00644966
-2.437e-05
-2.41713e-05
0.00645378
-2.30802e-05
0.0064519
-2.28924e-05
0.00645004
-2.27055e-05
0.00644819
-2.25196e-05
-2.23347e-05
0.00645212
-2.12159e-05
0.00645027
-2.10423e-05
0.00644843
-2.08695e-05
0.00644661
-2.06976e-05
-2.05267e-05
0.00645041
-1.93761e-05
0.00644859
-1.92168e-05
0.00644678
-1.90582e-05
0.00644498
-1.89004e-05
-1.87435e-05
0.00644871
-1.75575e-05
0.00644691
-1.74125e-05
0.00644512
-1.72682e-05
0.00644334
-1.71246e-05
-1.69817e-05
0.00644706
-1.5757e-05
0.00644527
-1.56264e-05
0.0064435
-1.54964e-05
0.00644175
-1.5367e-05
-1.52382e-05
0.00644549
-1.39719e-05
0.00644372
-1.38557e-05
0.00644196
-1.374e-05
0.00644022
-1.36249e-05
-1.35103e-05
0.00644403
-1.21998e-05
0.00644227
-1.2098e-05
0.00644053
-1.19967e-05
0.0064388
-1.18959e-05
-1.17956e-05
0.0064427
-1.04385e-05
0.00644095
-1.03512e-05
0.00643922
-1.02643e-05
0.0064375
-1.01778e-05
-1.00918e-05
0.00644153
-8.68601e-06
0.00643979
-8.61328e-06
0.00643807
-8.54084e-06
0.00643636
-8.46872e-06
-8.39696e-06
0.00644053
-6.94068e-06
0.0064388
-6.88247e-06
0.00643708
-6.8245e-06
0.00643538
-6.76678e-06
-6.70934e-06
0.00643971
-5.20085e-06
0.00643799
-5.15718e-06
0.00643628
-5.11369e-06
0.00643458
-5.07038e-06
-5.02729e-06
0.00643909
-3.46504e-06
0.00643737
-3.43593e-06
0.00643567
-3.40693e-06
0.00643397
-3.37805e-06
-3.34931e-06
0.00643868
-1.73187e-06
0.00643696
-1.71731e-06
0.00643525
-1.70281e-06
0.00643356
-1.68837e-06
-1.674e-06
0.00643847
0.00643675
0.00643505
0.00643336
-0.000125441
0.00397674
0.000121089
-0.000129059
0.0040983
-0.000131949
0.00422234
-0.000134123
0.00434794
-0.0001356
0.0044742
-0.000136404
0.00460025
-0.000136569
0.00472526
-0.000136131
0.00484845
-0.000135131
0.00496912
-0.000133613
0.0050866
-0.000131627
0.00520031
-0.00012922
0.00530974
-0.000126445
0.00541445
-0.000123352
0.00551407
-0.000119992
0.00560833
-0.000116413
0.00569702
-0.000112662
0.00578
-0.000108784
0.00585721
-0.00010482
0.00592864
-0.000100809
0.00599435
-9.67829e-05
0.00605445
-9.27734e-05
0.0061091
-8.88063e-05
0.00615849
-8.49038e-05
0.00620286
-8.10841e-05
0.00624245
-7.73617e-05
0.00627756
-7.37478e-05
0.00630846
-7.025e-05
0.00633547
-6.68734e-05
0.00635888
-6.36202e-05
0.00637899
-6.04905e-05
0.00639611
-5.74823e-05
0.00641052
-5.45923e-05
0.0064225
-5.18158e-05
0.00643231
-4.91472e-05
0.0064402
-4.65799e-05
0.00644641
-4.41073e-05
0.00645116
-4.17223e-05
0.00645463
-3.94176e-05
0.00645702
-3.71862e-05
0.00645849
-3.50212e-05
0.00645919
-3.29159e-05
0.00645925
-3.08641e-05
0.0064588
-2.88599e-05
0.00645794
-2.68977e-05
0.00645676
-2.49727e-05
0.00645535
-2.30801e-05
0.00645378
-2.12158e-05
0.00645212
-1.9376e-05
0.00645041
-1.75574e-05
0.00644871
-1.57569e-05
0.00644706
-1.39718e-05
0.00644549
-1.21997e-05
0.00644403
-1.04384e-05
0.0064427
-8.68597e-06
0.00644153
-6.94065e-06
0.00644053
-5.20083e-06
0.00643971
-3.46503e-06
0.00643909
-1.73186e-06
0.00643868
0.00643847
-0.00012437
0.00398106
0.000120043
-0.00012797
0.0041019
-0.000130849
0.00422522
-0.000133017
0.00435011
-0.000134494
0.00447568
-0.000135305
0.00460106
-0.000135482
0.00472543
-0.00013506
0.00484803
-0.000134081
0.00496814
-0.000132588
0.00508511
-0.000130629
0.00519835
-0.000128253
0.00530736
-0.000125511
0.0054117
-0.000122452
0.00551101
-0.000119126
0.00560501
-0.000115582
0.00569348
-0.000111867
0.00577629
-0.000108024
0.00585337
-0.000104094
0.00592471
-0.000100115
0.00599037
-9.61215e-05
0.00605046
-9.21425e-05
0.00610512
-8.82044e-05
0.00615455
-8.43293e-05
0.00619898
-8.05355e-05
0.00623866
-7.68375e-05
0.00627386
-7.32465e-05
0.00630487
-6.97703e-05
0.00633199
-6.64139e-05
0.00635552
-6.31798e-05
0.00637576
-6.00681e-05
0.006393
-5.70771e-05
0.00640753
-5.42035e-05
0.00641962
-5.14428e-05
0.00642955
-4.87894e-05
0.00643755
-4.6237e-05
0.00644386
-4.37789e-05
0.0064487
-4.14081e-05
0.00645226
-3.91176e-05
0.00645473
-3.69002e-05
0.00645627
-3.47491e-05
0.00645704
-3.26578e-05
0.00645716
-3.062e-05
0.00645676
-2.86297e-05
0.00645594
-2.66817e-05
0.00645481
-2.47707e-05
0.00645344
-2.28923e-05
0.0064519
-2.10422e-05
0.00645027
-1.92167e-05
0.00644859
-1.74125e-05
0.00644691
-1.56263e-05
0.00644528
-1.38557e-05
0.00644372
-1.2098e-05
0.00644227
-1.03512e-05
0.00644095
-8.61325e-06
0.00643979
-6.88245e-06
0.0064388
-5.15717e-06
0.00643799
-3.43592e-06
0.00643737
-1.71731e-06
0.00643696
0.00643675
-0.000123312
0.00398536
0.00011901
-0.000126894
0.00410548
-0.000129761
0.00422809
-0.000131924
0.00435227
-0.000133401
0.00447715
-0.000134219
0.00460187
-0.000134407
0.00472562
-0.000134001
0.00484763
-0.000133042
0.00496718
-0.000131574
0.00508364
-0.000129642
0.00519642
-0.000127296
0.00530502
-0.000124585
0.00540899
-0.00012156
0.00550799
-0.000118268
0.00560171
-0.000114759
0.00568997
-0.000111079
0.00577261
-0.00010727
0.00584956
-0.000103374
0.00592081
-9.9428e-05
0.00598643
-9.54657e-05
0.0060465
-9.15169e-05
0.00610117
-8.76075e-05
0.00615064
-8.37596e-05
0.00619513
-7.99914e-05
0.00623489
-7.63175e-05
0.00627019
-7.27491e-05
0.0063013
-6.92942e-05
0.00632854
-6.59578e-05
0.00635218
-6.27426e-05
0.00637254
-5.96488e-05
0.0063899
-5.66748e-05
0.00640455
-5.38175e-05
0.00641677
-5.10724e-05
0.0064268
-4.8434e-05
0.00643491
-4.58963e-05
0.00644132
-4.34526e-05
0.00644626
-4.1096e-05
0.0064499
-3.88194e-05
0.00645245
-3.66159e-05
0.00645407
-3.44787e-05
0.0064549
-3.24012e-05
0.00645508
-3.03772e-05
0.00645474
-2.84008e-05
0.00645397
-2.64667e-05
0.00645288
-2.45697e-05
0.00645154
-2.27054e-05
0.00645004
-2.08694e-05
0.00644843
-1.90582e-05
0.00644678
-1.72681e-05
0.00644512
-1.54963e-05
0.0064435
-1.374e-05
0.00644196
-1.19967e-05
0.00644053
-1.02643e-05
0.00643922
-8.54081e-06
0.00643807
-6.82447e-06
0.00643708
-5.11367e-06
0.00643628
-3.40691e-06
0.00643567
-1.7028e-06
0.00643525
0.00643505
-0.000122266
0.00398964
0.000117989
-0.00012583
0.00410904
-0.000128685
0.00423094
-0.000130843
0.00435443
-0.000132321
0.00447863
-0.000133145
0.0046027
-0.000133344
0.00472582
-0.000132954
0.00484724
-0.000132015
0.00496624
-0.00013057
0.0050822
-0.000128665
0.00519452
-0.000126349
0.0053027
-0.00012367
0.00540631
-0.000120677
0.00550499
-0.000117419
0.00559846
-0.000113944
0.00568649
-0.000110298
0.00576896
-0.000106523
0.00584578
-0.000102661
0.00591695
-9.8747e-05
0.00598251
-9.48158e-05
0.00604256
-9.08967e-05
0.00609725
-8.70157e-05
0.00614676
-8.31946e-05
0.00619131
-7.94517e-05
0.00623115
-7.58017e-05
0.00626654
-7.22557e-05
0.00629776
-6.88218e-05
0.0063251
-6.55053e-05
0.00634887
-6.23088e-05
0.00636935
-5.92326e-05
0.00638683
-5.62755e-05
0.0064016
-5.34342e-05
0.00641392
-5.07046e-05
0.00642407
-4.80812e-05
0.00643229
-4.5558e-05
0.0064388
-4.31285e-05
0.00644383
-4.07859e-05
0.00644756
-3.85232e-05
0.00645019
-3.63334e-05
0.00645188
-3.42099e-05
0.00645278
-3.21461e-05
0.00645302
-3.01359e-05
0.00645273
-2.81733e-05
0.00645201
-2.62529e-05
0.00645096
-2.43699e-05
0.00644966
-2.25195e-05
0.00644819
-2.06976e-05
0.00644661
-1.89004e-05
0.00644498
-1.71245e-05
0.00644334
-1.53669e-05
0.00644175
-1.36248e-05
0.00644022
-1.18959e-05
0.0064388
-1.01778e-05
0.0064375
-8.46869e-06
0.00643636
-6.76675e-06
0.00643538
-5.07037e-06
0.00643458
-3.37804e-06
0.00643397
-1.68836e-06
0.00643356
0.00643336
-0.000121233
0.00011698
-0.000124779
-0.000127622
-0.000129774
-0.000131253
-0.000132082
-0.000132292
-0.000131918
-0.000130999
-0.000129578
-0.000127699
-0.000125412
-0.000122763
-0.000119803
-0.000116579
-0.000113138
-0.000109525
-0.000105784
-0.000101954
-9.80722e-05
-9.41717e-05
-9.02821e-05
-8.6429e-05
-8.26344e-05
-7.89166e-05
-7.52902e-05
-7.17663e-05
-6.83533e-05
-6.50564e-05
-6.18784e-05
-5.88198e-05
-5.58793e-05
-5.30539e-05
-5.03396e-05
-4.77309e-05
-4.52222e-05
-4.28068e-05
-4.0478e-05
-3.8229e-05
-3.60529e-05
-3.39429e-05
-3.18927e-05
-2.9896e-05
-2.79471e-05
-2.60405e-05
-2.41712e-05
-2.23347e-05
-2.05267e-05
-1.87435e-05
-1.69817e-05
-1.52382e-05
-1.35103e-05
-1.17955e-05
-1.00918e-05
-8.39693e-06
-6.70932e-06
-5.02727e-06
-3.3493e-06
-1.67399e-06
0.00152959
0.000117322
0.00153334
0.000116291
0.00153708
0.000115271
0.00154081
0.000114264
0.000113269
0.00152298
0.000113589
0.0015267
0.000112573
0.0015304
0.000111569
0.00153408
0.000110578
0.000109598
0.00151221
0.00011089
0.00151592
0.00010988
0.00151961
0.000108881
0.00152328
0.000107894
0.00152694
0.000106919
0.000105956
0.00150476
0.000107177
0.00150845
0.000106185
0.00151213
0.000105205
0.00151578
0.000104237
0.00151942
0.00010328
0.00149694
0.000103468
0.00150063
0.000102497
0.0015043
0.000101537
0.00150794
0.000100588
9.96513e-05
0.00148881
9.97558e-05
0.0014925
9.88063e-05
0.00149617
9.78681e-05
0.00149982
9.6941e-05
9.60251e-05
0.00148042
9.60323e-05
0.00148412
9.51062e-05
0.00148779
9.41912e-05
0.00149145
9.32871e-05
9.23938e-05
0.00147182
9.22906e-05
0.00147553
9.13896e-05
0.00147922
9.04993e-05
0.00148289
8.96197e-05
8.87506e-05
0.0014593
8.94093e-05
0.00146306
8.85244e-05
0.0014668
8.76501e-05
0.00147051
8.67862e-05
0.0014742
8.59326e-05
8.50893e-05
0.00145041
8.55843e-05
0.00145421
8.4728e-05
0.00145798
8.3882e-05
0.00146172
8.30461e-05
0.00146543
8.22202e-05
8.14042e-05
0.00144148
8.17225e-05
0.00144531
8.08965e-05
0.00144911
8.00804e-05
0.00145289
7.92741e-05
0.00145663
7.84774e-05
7.76903e-05
0.00143256
7.78198e-05
0.00143643
7.70257e-05
0.00144027
7.62411e-05
0.00144408
7.5466e-05
0.00144785
7.47001e-05
0.0014237
7.38725e-05
0.00142762
7.3112e-05
0.0014315
7.23606e-05
0.00143534
7.16182e-05
7.08847e-05
0.00141497
6.98781e-05
0.00141893
6.91527e-05
0.00142285
6.8436e-05
0.00142674
6.77279e-05
6.70283e-05
0.00140641
6.58344e-05
0.00141042
6.51457e-05
0.00141439
6.44652e-05
0.00141833
6.3793e-05
6.31288e-05
0.00139809
6.17403e-05
0.00140215
6.10898e-05
0.00140616
6.04471e-05
0.00141014
5.98121e-05
5.91848e-05
0.00139005
5.75951e-05
0.00139416
5.69843e-05
0.00139822
5.63808e-05
0.00140225
5.57846e-05
5.51956e-05
0.00137815
5.39759e-05
0.00138235
5.33992e-05
0.0013865
5.28295e-05
0.00139062
5.22666e-05
0.00139469
5.17105e-05
5.11611e-05
0.00137079
4.96872e-05
0.00137503
4.91534e-05
0.00137924
4.86261e-05
0.0013834
4.81051e-05
0.00138752
4.75904e-05
4.70819e-05
0.00136385
4.53488e-05
0.00136815
4.48593e-05
0.0013724
4.43756e-05
0.00137661
4.38978e-05
0.00138077
4.34257e-05
4.29594e-05
0.0013574
4.09632e-05
0.00136174
4.0519e-05
0.00136604
4.00802e-05
0.00137029
3.96467e-05
0.00137449
3.92184e-05
3.87953e-05
0.00135147
3.65331e-05
0.00135585
3.61354e-05
0.00136019
3.57425e-05
0.00136448
3.53543e-05
0.00136873
3.49709e-05
3.45921e-05
0.00134609
3.2062e-05
0.00135051
3.17118e-05
0.00135489
3.13657e-05
0.00135922
3.10239e-05
0.00136351
3.06863e-05
3.03527e-05
0.00134131
2.75539e-05
0.00134577
2.7252e-05
0.00135018
2.69537e-05
0.00135455
2.66591e-05
0.00135886
2.63681e-05
2.60805e-05
0.00133715
2.30131e-05
0.00134164
2.27603e-05
0.00134609
2.25106e-05
0.00135048
2.22639e-05
0.00135483
2.20203e-05
2.17795e-05
0.00133364
1.84445e-05
0.00133816
1.82415e-05
0.00134263
1.8041e-05
0.00134705
1.78429e-05
0.00135143
1.76472e-05
0.00133081
1.38533e-05
0.00133535
1.37006e-05
0.00133984
1.35497e-05
0.00134428
1.34007e-05
1.32535e-05
0.00132867
9.24483e-06
0.00133323
9.14279e-06
0.00133773
9.042e-06
0.00134219
8.94242e-06
8.84406e-06
0.00132723
4.62475e-06
0.0013318
4.57366e-06
0.00133632
4.52319e-06
0.00134079
4.47334e-06
4.42409e-06
0.00132651
0.00133109
0.00133561
0.00134009
)
;

boundaryField
{
    inlet
    {
        type            calculated;
        value           nonuniform 0();
    }
    outlet
    {
        type            calculated;
        value           nonuniform 0();
    }
    cylinder
    {
        type            calculated;
        value           nonuniform 0();
    }
    top
    {
        type            symmetryPlane;
        value           uniform 0;
    }
    bottom
    {
        type            symmetryPlane;
        value           uniform 0;
    }
    defaultFaces
    {
        type            empty;
        value           nonuniform 0();
    }
    procBoundary47to46
    {
        type            processor;
        value           nonuniform List<scalar> 
186
(
-0.00132189
-0.00132261
-0.00132406
-0.00132622
-0.00132908
-0.00133261
-0.0013368
-0.00134162
-0.00134704
-0.00135301
-0.00135952
-0.0013665
-5.39782e-05
-0.00137815
-0.00138591
-0.001394
-0.00140237
-0.00141097
-0.00141976
-0.00142866
-0.00143762
-0.00144659
-8.94114e-05
-0.0014593
-0.00146807
-0.00147669
-0.0014851
-0.00149323
-0.00150104
-0.00150848
-0.000114619
-0.00151924
-0.00152582
-0.00397238
-0.00409468
-0.00421945
-0.00434577
-0.00447272
-0.00459944
-0.00472509
-0.00484889
-0.00497012
-0.00508812
-0.0052023
-0.00531215
-0.00541722
-0.00551716
-0.00561169
-0.0057006
-0.00578375
-0.00586109
-0.0059326
-0.00599836
-0.00605848
-0.00611311
-0.00616246
-0.00620676
-0.00624627
-0.00628128
-0.00631208
-0.00633897
-0.00636225
-0.00638224
-0.00639924
-0.00641353
-0.00642539
-0.00643508
-0.00644287
-0.00644898
-0.00645363
-0.00645702
-0.00645932
-0.00646072
-0.00646135
-0.00646136
-0.00646085
-0.00645994
-0.00645872
-0.00645727
-0.00645567
-0.00645398
-0.00645225
-0.00645053
-0.00644886
-0.00644727
-0.0064458
-0.00644446
-0.00644328
-0.00644227
-0.00644145
-0.00644083
-0.00644041
-0.0064402
-0.00397238
-0.00409468
-0.00421945
-0.00434577
-0.00447272
-0.00459944
-0.00472509
-0.00484889
-0.00497012
-0.00508812
-0.0052023
-0.00531215
-0.00541722
-0.00551716
-0.00561169
-0.0057006
-0.00578375
-0.00586109
-0.0059326
-0.00599836
-0.00605848
-0.00611311
-0.00616246
-0.00620676
-0.00624627
-0.00628128
-0.00631208
-0.00633897
-0.00636225
-0.00638224
-0.00639924
-0.00641353
-0.00642539
-0.00643508
-0.00644287
-0.00644898
-0.00645363
-0.00645702
-0.00645933
-0.00646072
-0.00646135
-0.00646136
-0.00646085
-0.00645994
-0.00645872
-0.00645727
-0.00645567
-0.00645398
-0.00645225
-0.00645053
-0.00644886
-0.00644727
-0.0064458
-0.00644446
-0.00644328
-0.00644227
-0.00644145
-0.00644083
-0.00644041
-0.0064402
-0.00152583
-0.00151924
-0.000114617
-0.00150848
-0.00150104
-0.00149323
-0.0014851
-0.00147669
-0.00146807
-9.32025e-05
-0.0014555
-0.00144659
-0.00143762
-0.00142866
-0.00141976
-0.00141097
-0.00140237
-0.001394
-0.00138591
-5.82134e-05
-0.00137392
-0.0013665
-0.00135952
-0.00135301
-0.00134704
-0.00134162
-0.0013368
-0.00133261
-0.00132908
-0.00132622
-0.00132406
-0.00132261
-0.00132189
)
;
    }
    procBoundary47to48
    {
        type            processor;
        value           nonuniform List<scalar> 
186
(
0.00134451
0.00134521
0.0013466
0.00134868
1.74562e-05
0.00135575
0.00135913
0.00136314
0.00136775
0.00137293
0.00137866
0.00138489
0.0013916
0.00139873
0.00140624
0.00141409
0.00142222
0.0014306
0.00143916
7.39456e-05
0.0014516
0.00146034
0.00146911
0.00147786
0.00148654
0.00149508
0.00150344
0.00151157
0.000102337
0.00152304
0.00153058
0.00153776
0.00154452
0.0039939
0.00411259
0.00423378
0.00435658
0.00448011
0.00460353
0.00472603
0.00484686
0.00496532
0.00508077
0.00519264
0.00530041
0.00540366
0.00550203
0.00559523
0.00568305
0.00576535
0.00584204
0.00591312
0.00597863
0.00603866
0.00609336
0.00614291
0.00618752
0.00622743
0.00626291
0.00629423
0.00632169
0.00634557
0.00636617
0.00638377
0.00639865
0.0064111
0.00642136
0.00642968
0.00643629
0.00644141
0.00644523
0.00644794
0.0064497
0.00645067
0.00645097
0.00645073
0.00645006
0.00644905
0.00644779
0.00644635
0.0064448
0.0064432
0.00644158
0.00644
0.00643849
0.00643708
0.0064358
0.00643466
0.00643369
0.0064329
0.00643229
0.00643189
0.00643168
0.0039939
0.00411259
0.00423378
0.00435658
0.00448011
0.00460353
0.00472603
0.00484686
0.00496532
0.00508077
0.00519264
0.00530041
0.00540366
0.00550203
0.00559523
0.00568305
0.00576535
0.00584204
0.00591312
0.00597863
0.00603866
0.00609336
0.00614291
0.00618752
0.00622743
0.00626291
0.00629423
0.00632169
0.00634557
0.00636617
0.00638377
0.00639866
0.0064111
0.00642136
0.00642968
0.00643629
0.00644141
0.00644523
0.00644794
0.0064497
0.00645067
0.00645097
0.00645073
0.00645006
0.00644905
0.00644779
0.00644635
0.0064448
0.0064432
0.00644158
0.00644
0.00643849
0.00643708
0.0064358
0.00643466
0.00643369
0.0064329
0.0064323
0.00643189
0.00643168
0.00154452
0.00153776
0.00153058
0.00152304
0.000102335
0.00151157
0.00150344
0.00149508
0.00148654
0.00147786
0.00146911
0.00146034
0.0014516
7.39434e-05
0.00143916
0.0014306
0.00142223
0.00141409
0.00140624
0.00139873
0.0013916
0.00138489
0.00137866
0.00137293
0.00136775
0.00136314
0.00135913
0.00135575
1.74538e-05
0.00134868
0.0013466
0.00134521
0.00134451
)
;
    }
}


// ************************************************************************* //
