/*--------------------------------*- C++ -*----------------------------------*\
  =========                 |
  \\      /  F ield         | OpenFOAM: The Open Source CFD Toolbox
   \\    /   O peration     | Website:  https://openfoam.org
    \\  /    A nd           | Version:  7
     \\/     M anipulation  |
\*---------------------------------------------------------------------------*/
FoamFile
{
    version     2.0;
    format      ascii;
    class       volScalarField;
    location    "35";
    object      p;
}
// * * * * * * * * * * * * * * * * * * * * * * * * * * * * * * * * * * * * * //

dimensions      [0 2 -2 0 0 0 0];

internalField   nonuniform List<scalar> 
392
(
-0.359734
-0.36641
-0.373473
-0.372604
-0.380909
-0.379671
-0.378316
-0.388701
-0.387074
-0.385355
-0.383537
-0.396833
-0.394795
-0.392695
-0.390527
-0.388163
-0.40528
-0.402813
-0.400315
-0.397783
-0.395059
-0.392135
-0.414018
-0.411103
-0.408192
-0.405284
-0.402189
-0.398897
-0.395428
-0.419639
-0.416302
-0.413006
-0.40953
-0.405863
-0.402026
-0.398027
-0.420922
-0.417058
-0.413009
-0.4088
-0.40444
-0.399931
-0.424749
-0.420313
-0.415728
-0.411004
-0.406145
-0.401157
-0.427748
-0.422786
-0.417698
-0.412489
-0.407167
-0.40174
-0.429949
-0.424498
-0.418941
-0.413286
-0.407545
-0.401726
-0.425475
-0.419491
-0.413437
-0.407325
-0.401171
-0.394992
-0.425754
-0.419389
-0.412985
-0.406557
-0.400126
-0.39372
-0.418675
-0.411967
-0.405272
-0.398618
-0.392043
-0.410396
-0.403471
-0.396628
-0.389912
-0.383385
-0.408241
-0.401093
-0.394054
-0.387169
-0.380506
-0.397989
-0.390687
-0.383533
-0.376564
-0.369684
-0.386207
-0.378585
-0.370923
-0.363188
-0.371723
-0.36307
-0.355706
-0.348514
-0.354008
-0.345294
-0.362521
-0.354008
-0.345294
-0.380189
-0.371723
-0.36307
-0.355706
-0.348513
-0.386207
-0.378585
-0.370923
-0.363188
-0.397989
-0.390687
-0.383533
-0.376564
-0.369684
-0.408241
-0.401093
-0.394054
-0.387169
-0.380506
-0.417369
-0.410396
-0.403471
-0.396628
-0.389912
-0.383385
-0.418675
-0.411967
-0.405272
-0.398618
-0.392043
-0.425754
-0.419389
-0.412985
-0.406557
-0.400126
-0.39372
-0.425475
-0.419491
-0.413437
-0.407325
-0.401171
-0.429949
-0.424498
-0.418941
-0.413286
-0.407545
-0.401726
-0.427748
-0.422786
-0.417698
-0.412489
-0.407167
-0.40174
-0.424749
-0.420313
-0.415728
-0.411004
-0.406145
-0.401157
-0.424614
-0.420922
-0.417058
-0.413009
-0.4088
-0.40444
-0.399931
-0.419639
-0.416302
-0.413006
-0.40953
-0.405863
-0.402026
-0.398027
-0.414018
-0.411103
-0.408192
-0.405284
-0.402189
-0.398897
-0.395428
-0.40528
-0.402813
-0.400315
-0.397783
-0.395059
-0.392135
-0.396833
-0.394795
-0.392695
-0.390527
-0.388163
-0.388701
-0.387074
-0.385355
-0.383537
-0.380909
-0.379671
-0.378316
-0.373473
-0.372604
-0.36641
-0.359734
-0.0224947
-0.0211611
-0.0200093
-0.0190313
-0.0182202
-0.0175706
-0.0170777
-0.016741
-0.0165439
-0.300413
-0.296644
-0.27017
-0.247726
-0.226233
-0.205881
-0.187137
-0.169976
-0.154366
-0.140218
-0.127422
-0.115862
-0.10542
-0.0959873
-0.087462
-0.0797511
-0.0727712
-0.0664476
-0.0607144
-0.0555132
-0.0507926
-0.0465074
-0.0426179
-0.039089
-0.0358901
-0.0329941
-0.0303771
-0.0280183
-0.0258991
-0.0240036
-0.0223174
-0.0208284
-0.0195258
-0.0184004
-0.0174445
-0.0166514
-0.0160158
-0.0155331
-0.0152027
-0.0150082
-0.29812
-0.291426
-0.264613
-0.241713
-0.220159
-0.19995
-0.181461
-0.164615
-0.149337
-0.135518
-0.123035
-0.111764
-0.101588
-0.0923963
-0.0840896
-0.0765764
-0.0697752
-0.0636133
-0.0580263
-0.0529574
-0.0483566
-0.0441798
-0.0403883
-0.0369482
-0.0338295
-0.0310058
-0.028454
-0.0261536
-0.0240868
-0.0222378
-0.0205928
-0.01914
-0.0178688
-0.0167704
-0.0158371
-0.0150626
-0.0144416
-0.0139696
-0.0136461
-0.0134549
-0.295822
-0.286126
-0.259001
-0.235685
-0.214082
-0.194024
-0.295822
-0.286126
-0.259001
-0.235685
-0.214082
-0.194024
-0.175789
-0.159252
-0.144301
-0.130805
-0.29812
-0.291426
-0.264613
-0.241713
-0.220159
-0.19995
-0.181461
-0.164615
-0.149337
-0.135518
-0.123035
-0.111764
-0.101588
-0.0923963
-0.0840896
-0.0765764
-0.0697752
-0.0636133
-0.0580263
-0.0529574
-0.0483566
-0.0441798
-0.0403883
-0.0369482
-0.0338295
-0.0310058
-0.028454
-0.0261536
-0.0240868
-0.0222378
-0.0205928
-0.01914
-0.0178688
-0.0167704
-0.0158371
-0.0150626
-0.0144416
-0.0139696
-0.0136461
-0.0134549
-0.300413
-0.296644
-0.27017
-0.247726
-0.226233
-0.205881
-0.187137
-0.169976
-0.154366
-0.140218
-0.127422
-0.115862
-0.10542
-0.0959873
-0.087462
-0.0797511
-0.0727712
-0.0664476
-0.0607144
-0.0555132
-0.0507926
-0.0465074
-0.0426179
-0.039089
-0.0358901
-0.0329941
-0.0303771
-0.0280183
-0.0258991
-0.0240036
-0.0223174
-0.0208284
-0.0195258
-0.0184004
-0.0174445
-0.0166514
-0.0160158
-0.0155331
-0.0152027
-0.0150082
)
;

boundaryField
{
    inlet
    {
        type            zeroGradient;
    }
    outlet
    {
        type            fixedValue;
        value           nonuniform 0();
    }
    cylinder
    {
        type            zeroGradient;
    }
    top
    {
        type            symmetryPlane;
    }
    bottom
    {
        type            symmetryPlane;
    }
    defaultFaces
    {
        type            empty;
    }
    procBoundary19to18
    {
        type            processor;
        value           nonuniform List<scalar> 
160
(
-0.423017
-0.423017
-0.428389
-0.424614
-0.424614
-0.429006
-0.429006
-0.432572
-0.432572
-0.435286
-0.435286
-0.437188
-0.431378
-0.431378
-0.432065
-0.432065
-0.432047
-0.425374
-0.425374
-0.424363
-0.417369
-0.417369
-0.415461
-0.415461
-0.412885
-0.405398
-0.405398
-0.401678
-0.393907
-0.393907
-0.388504
-0.380189
-0.380189
-0.372077
-0.362521
-0.362521
-0.351917
-0.341823
-0.341823
-0.361525
-0.351917
-0.341823
-0.341823
-0.381357
-0.372077
-0.372077
-0.388504
-0.388504
-0.401678
-0.393907
-0.393907
-0.412885
-0.405398
-0.405398
-0.422726
-0.415461
-0.415461
-0.424363
-0.424363
-0.432047
-0.425374
-0.425374
-0.432065
-0.432065
-0.437188
-0.431378
-0.431378
-0.435286
-0.435286
-0.432572
-0.432572
-0.4331
-0.429006
-0.429006
-0.428389
-0.428389
-0.423017
-0.423017
-0.175789
-0.159252
-0.144301
-0.130805
-0.118628
-0.107643
-0.0977296
-0.0887781
-0.0806892
-0.0733735
-0.066751
-0.0607509
-0.0553105
-0.0503743
-0.0458936
-0.0418257
-0.0381329
-0.034782
-0.0317439
-0.0289931
-0.0265068
-0.0242654
-0.0222514
-0.0204494
-0.0188462
-0.01743
-0.0161908
-0.0151198
-0.0142097
-0.0134542
-0.0128483
-0.0123876
-0.0120715
-0.0118843
-0.293398
-0.280705
-0.25329
-0.229612
-0.207977
-0.175789
-0.188082
-0.293398
-0.280705
-0.25329
-0.229612
-0.207977
-0.188082
-0.170105
-0.153876
-0.139248
-0.126071
-0.118628
-0.118628
-0.107643
-0.0977296
-0.0887781
-0.0806892
-0.0733734
-0.066751
-0.0607509
-0.0553105
-0.0503743
-0.0458936
-0.0418257
-0.0381329
-0.034782
-0.0317439
-0.028993
-0.0265068
-0.0242654
-0.0222513
-0.0204494
-0.0188462
-0.01743
-0.0161908
-0.0151198
-0.0142097
-0.0134542
-0.0128483
-0.0123876
-0.0120715
-0.0118843
)
;
    }
    procBoundary19to20
    {
        type            processor;
        value           nonuniform List<scalar> 
169
(
-0.353459
-0.359541
-0.36589
-0.36589
-0.371593
-0.371593
-0.376831
-0.376831
-0.381518
-0.381518
-0.385594
-0.385594
-0.389025
-0.389025
-0.391785
-0.391785
-0.393867
-0.393867
-0.395278
-0.395278
-0.396046
-0.396046
-0.396214
-0.396214
-0.395842
-0.395842
-0.389904
-0.388811
-0.388811
-0.387375
-0.387375
-0.385598
-0.385598
-0.379357
-0.377138
-0.377138
-0.374134
-0.374134
-0.367994
-0.362875
-0.362875
-0.357029
-0.357029
-0.351514
-0.357029
-0.351514
-0.357029
-0.362875
-0.374134
-0.362875
-0.367994
-0.374134
-0.377138
-0.385598
-0.377138
-0.379357
-0.385598
-0.387375
-0.394992
-0.387375
-0.388811
-0.394992
-0.395842
-0.395842
-0.396214
-0.396214
-0.396046
-0.396046
-0.395278
-0.395278
-0.393867
-0.393867
-0.391785
-0.391785
-0.389025
-0.389025
-0.385594
-0.385594
-0.381518
-0.381518
-0.376831
-0.376831
-0.371593
-0.371593
-0.36589
-0.36589
-0.359541
-0.353459
-0.0241383
-0.0227743
-0.0215966
-0.020597
-0.0197684
-0.0191054
-0.0186029
-0.0182604
-0.0180615
-0.302835
-0.301822
-0.275724
-0.253761
-0.232331
-0.211838
-0.192833
-0.175349
-0.159395
-0.144909
-0.131794
-0.119938
-0.109228
-0.0995515
-0.0908064
-0.0828972
-0.0757384
-0.0692534
-0.0633743
-0.0580411
-0.0532012
-0.048808
-0.0448208
-0.0412037
-0.0379251
-0.0349572
-0.0322756
-0.0298588
-0.0276878
-0.0257462
-0.0240194
-0.0240194
-0.302835
-0.301822
-0.275724
-0.253761
-0.232331
-0.211838
-0.192833
-0.175349
-0.159395
-0.144909
-0.131794
-0.119938
-0.109228
-0.0995515
-0.0908064
-0.0828972
-0.0757384
-0.0692534
-0.0633743
-0.0580411
-0.0532012
-0.048808
-0.0448208
-0.0412037
-0.0379251
-0.0349572
-0.0322756
-0.0298588
-0.0276878
-0.0257462
-0.0240194
-0.0224947
-0.0211611
-0.0200093
-0.0190313
-0.0182202
-0.0175706
-0.0170777
-0.016741
-0.0165439
)
;
    }
}


// ************************************************************************* //
