/*--------------------------------*- C++ -*----------------------------------*\
  =========                 |
  \\      /  F ield         | OpenFOAM: The Open Source CFD Toolbox
   \\    /   O peration     | Website:  https://openfoam.org
    \\  /    A nd           | Version:  7
     \\/     M anipulation  |
\*---------------------------------------------------------------------------*/
FoamFile
{
    version     2.0;
    format      ascii;
    class       vectorField;
    location    "constant/polyMesh";
    object      points;
}
// * * * * * * * * * * * * * * * * * * * * * * * * * * * * * * * * * * * * * //


1054
(
(6.25 0 -0.05)
(6.325 0 -0.05)
(6.4 0 -0.05)
(6.475 0 -0.05)
(6.249776911 0.03081957426 -0.05)
(6.324781373 0.03079243843 -0.05)
(6.399785835 0.03076530259 -0.05)
(6.474790297 0.03073816676 -0.05)
(6.249107884 0.06162455002 -0.05)
(6.324125727 0.06157057032 -0.05)
(6.399143569 0.06151659062 -0.05)
(6.474161411 0.06146261092 -0.05)
(6.247993636 0.09240034439 -0.05)
(6.323033763 0.09232010445 -0.05)
(6.39807389 0.09223986451 -0.05)
(6.473114017 0.09215962458 -0.05)
(6.246435358 0.1231324058 -0.05)
(6.321506651 0.1230267802 -0.05)
(6.396577944 0.1229211547 -0.05)
(6.471649237 0.1228155292 -0.05)
(6.244434721 0.1538062293 -0.05)
(6.319546027 0.153676383 -0.05)
(6.394657332 0.1535465366 -0.05)
(6.469768638 0.1534166903 -0.05)
(6.241993866 0.1844073726 -0.05)
(6.317153989 0.1842547591 -0.05)
(6.392314111 0.1841021455 -0.05)
(6.467474234 0.183949532 -0.05)
(6.239115407 0.2149214711 -0.05)
(6.314333099 0.2147478313 -0.05)
(6.389550791 0.2145741914 -0.05)
(6.464768483 0.2144005515 -0.05)
(6.235802427 0.2453342534 -0.05)
(6.311086378 0.2451416135 -0.05)
(6.38637033 0.2449489737 -0.05)
(6.461654281 0.2447563338 -0.05)
(6.232058472 0.2756315565 -0.05)
(6.307417303 0.2754222263 -0.05)
(6.382776133 0.275212896 -0.05)
(6.458134964 0.2750035657 -0.05)
(6.227887553 0.3057993413 -0.05)
(6.303329802 0.305575911 -0.05)
(6.378772051 0.3053524807 -0.05)
(6.4542143 0.3051290503 -0.05)
(6.223294135 0.3358237071 -0.05)
(6.298828252 0.3355890451 -0.05)
(6.37436237 0.3353543832 -0.05)
(6.449896487 0.3351197212 -0.05)
(6.218283137 0.3656909071 -0.05)
(6.293917475 0.3654481567 -0.05)
(6.369551812 0.3652054064 -0.05)
(6.445186149 0.364962656 -0.05)
(6.212859926 0.3953873624 -0.05)
(6.288602727 0.3951399386 -0.05)
(6.364345529 0.3948925148 -0.05)
(6.44008833 0.394645091 -0.05)
(6.515831132 0.3943976672 -0.05)
(6.207030308 0.4248996774 -0.05)
(6.282889702 0.4246512629 -0.05)
(6.358749095 0.4244028485 -0.05)
(6.434608489 0.424154434 -0.05)
(6.510467883 0.4239060196 -0.05)
(6.276784515 0.4539691949 -0.05)
(6.352768505 0.4537237366 -0.05)
(6.428752494 0.4534782783 -0.05)
(6.504736484 0.45323282 -0.05)
(6.270293705 0.483081007 -0.05)
(6.34641016 0.4828427113 -0.05)
(6.422526615 0.4826044157 -0.05)
(6.49864307 0.48236612 -0.05)
(6.263424223 0.5119741923 -0.05)
(6.339680872 0.5117475211 -0.05)
(6.41593752 0.5115208499 -0.05)
(6.492194169 0.5112941786 -0.05)
(6.256183424 0.5406364781 -0.05)
(6.332587844 0.5404261435 -0.05)
(6.408992264 0.540215809 -0.05)
(6.485396684 0.5400054744 -0.05)
(6.248579062 0.5690558388 -0.05)
(6.325138673 0.5688667986 -0.05)
(6.401698284 0.5686777583 -0.05)
(6.478257895 0.5684887181 -0.05)
(6.24061928 0.5972205091 -0.05)
(6.317341335 0.5970579609 -0.05)
(6.394063391 0.5968954128 -0.05)
(6.470785446 0.5967328647 -0.05)
(6.232312601 0.6251189963 -0.05)
(6.309204181 0.6249883725 -0.05)
(6.38609576 0.6248577488 -0.05)
(6.46298734 0.624727125 -0.05)
(6.223667921 0.6527400928 -0.05)
(6.300735922 0.6526470545 -0.05)
(6.377803924 0.6525540161 -0.05)
(6.454871926 0.6524609778 -0.05)
(6.214694496 0.680072888 -0.05)
(6.291945628 0.6800233188 -0.05)
(6.369196761 0.6799737496 -0.05)
(6.446447894 0.6799241804 -0.05)
(6.205401935 0.70710678 -0.05)
(6.282842712 0.70710678 -0.05)
(6.360283489 0.70710678 -0.05)
(6.437724266 0.70710678 -0.05)
(6.25 0 0.05)
(6.325 0 0.05)
(6.4 0 0.05)
(6.475 0 0.05)
(6.249776911 0.03081957426 0.05)
(6.324781373 0.03079243843 0.05)
(6.399785835 0.03076530259 0.05)
(6.474790297 0.03073816676 0.05)
(6.249107884 0.06162455002 0.05)
(6.324125727 0.06157057032 0.05)
(6.399143569 0.06151659062 0.05)
(6.474161411 0.06146261092 0.05)
(6.247993636 0.09240034439 0.05)
(6.323033763 0.09232010445 0.05)
(6.39807389 0.09223986451 0.05)
(6.473114017 0.09215962458 0.05)
(6.246435358 0.1231324058 0.05)
(6.321506651 0.1230267802 0.05)
(6.396577944 0.1229211547 0.05)
(6.471649237 0.1228155292 0.05)
(6.244434721 0.1538062293 0.05)
(6.319546027 0.153676383 0.05)
(6.394657332 0.1535465366 0.05)
(6.469768638 0.1534166903 0.05)
(6.241993866 0.1844073726 0.05)
(6.317153989 0.1842547591 0.05)
(6.392314111 0.1841021455 0.05)
(6.467474234 0.183949532 0.05)
(6.239115407 0.2149214711 0.05)
(6.314333099 0.2147478313 0.05)
(6.389550791 0.2145741914 0.05)
(6.464768483 0.2144005515 0.05)
(6.235802427 0.2453342534 0.05)
(6.311086378 0.2451416135 0.05)
(6.38637033 0.2449489737 0.05)
(6.461654281 0.2447563338 0.05)
(6.232058472 0.2756315565 0.05)
(6.307417303 0.2754222263 0.05)
(6.382776133 0.275212896 0.05)
(6.458134964 0.2750035657 0.05)
(6.227887553 0.3057993413 0.05)
(6.303329802 0.305575911 0.05)
(6.378772051 0.3053524807 0.05)
(6.4542143 0.3051290503 0.05)
(6.223294135 0.3358237071 0.05)
(6.298828252 0.3355890451 0.05)
(6.37436237 0.3353543832 0.05)
(6.449896487 0.3351197212 0.05)
(6.218283137 0.3656909071 0.05)
(6.293917475 0.3654481567 0.05)
(6.369551812 0.3652054064 0.05)
(6.445186149 0.364962656 0.05)
(6.212859926 0.3953873624 0.05)
(6.288602727 0.3951399386 0.05)
(6.364345529 0.3948925148 0.05)
(6.44008833 0.394645091 0.05)
(6.515831132 0.3943976672 0.05)
(6.207030308 0.4248996774 0.05)
(6.282889702 0.4246512629 0.05)
(6.358749095 0.4244028485 0.05)
(6.434608489 0.424154434 0.05)
(6.510467883 0.4239060196 0.05)
(6.276784515 0.4539691949 0.05)
(6.352768505 0.4537237366 0.05)
(6.428752494 0.4534782783 0.05)
(6.504736484 0.45323282 0.05)
(6.270293705 0.483081007 0.05)
(6.34641016 0.4828427113 0.05)
(6.422526615 0.4826044157 0.05)
(6.49864307 0.48236612 0.05)
(6.263424223 0.5119741923 0.05)
(6.339680872 0.5117475211 0.05)
(6.41593752 0.5115208499 0.05)
(6.492194169 0.5112941786 0.05)
(6.256183424 0.5406364781 0.05)
(6.332587844 0.5404261435 0.05)
(6.408992264 0.540215809 0.05)
(6.485396684 0.5400054744 0.05)
(6.248579062 0.5690558388 0.05)
(6.325138673 0.5688667986 0.05)
(6.401698284 0.5686777583 0.05)
(6.478257895 0.5684887181 0.05)
(6.24061928 0.5972205091 0.05)
(6.317341335 0.5970579609 0.05)
(6.394063391 0.5968954128 0.05)
(6.470785446 0.5967328647 0.05)
(6.232312601 0.6251189963 0.05)
(6.309204181 0.6249883725 0.05)
(6.38609576 0.6248577488 0.05)
(6.46298734 0.624727125 0.05)
(6.223667921 0.6527400928 0.05)
(6.300735922 0.6526470545 0.05)
(6.377803924 0.6525540161 0.05)
(6.454871926 0.6524609778 0.05)
(6.214694496 0.680072888 0.05)
(6.291945628 0.6800233188 0.05)
(6.369196761 0.6799737496 0.05)
(6.446447894 0.6799241804 0.05)
(6.205401935 0.70710678 0.05)
(6.282842712 0.70710678 0.05)
(6.360283489 0.70710678 0.05)
(6.437724266 0.70710678 0.05)
(6.205401935 0.7894291105 -0.05)
(6.282842712 0.7894291105 -0.05)
(6.360283489 0.7894291105 -0.05)
(6.437724266 0.7894291105 -0.05)
(6.205401935 0.871751441 -0.05)
(6.282842712 0.871751441 -0.05)
(6.360283489 0.871751441 -0.05)
(6.437724266 0.871751441 -0.05)
(6.205401935 0.9540737715 -0.05)
(6.282842712 0.9540737715 -0.05)
(6.360283489 0.9540737715 -0.05)
(6.437724266 0.9540737715 -0.05)
(6.205401935 1.036396102 -0.05)
(6.282842712 1.036396102 -0.05)
(6.360283489 1.036396102 -0.05)
(6.437724266 1.036396102 -0.05)
(6.205401935 1.118718433 -0.05)
(6.282842712 1.118718433 -0.05)
(6.360283489 1.118718433 -0.05)
(6.437724266 1.118718432 -0.05)
(6.515165043 1.118718432 -0.05)
(6.205401935 1.201040763 -0.05)
(6.282842712 1.201040763 -0.05)
(6.360283489 1.201040763 -0.05)
(6.437724266 1.201040763 -0.05)
(6.515165043 1.201040763 -0.05)
(6.205401935 1.283363093 -0.05)
(6.282842712 1.283363093 -0.05)
(6.360283489 1.283363093 -0.05)
(6.437724266 1.283363093 -0.05)
(6.515165043 1.283363093 -0.05)
(6.205401935 1.365685424 -0.05)
(6.282842712 1.365685424 -0.05)
(6.360283489 1.365685424 -0.05)
(6.437724266 1.365685424 -0.05)
(6.515165043 1.365685424 -0.05)
(6.205401935 1.448007754 -0.05)
(6.282842712 1.448007755 -0.05)
(6.360283489 1.448007755 -0.05)
(6.437724266 1.448007755 -0.05)
(6.515165043 1.448007755 -0.05)
(6.205401935 1.530330085 -0.05)
(6.282842712 1.530330085 -0.05)
(6.360283489 1.530330085 -0.05)
(6.437724266 1.530330085 -0.05)
(6.515165042 1.530330085 -0.05)
(6.205401935 1.612652416 -0.05)
(6.282842712 1.612652416 -0.05)
(6.360283489 1.612652416 -0.05)
(6.437724266 1.612652416 -0.05)
(6.515165042 1.612652416 -0.05)
(6.205401935 1.694974746 -0.05)
(6.282842712 1.694974746 -0.05)
(6.360283489 1.694974746 -0.05)
(6.437724266 1.694974746 -0.05)
(6.515165042 1.694974746 -0.05)
(6.282842712 1.777297077 -0.05)
(6.360283489 1.777297077 -0.05)
(6.437724266 1.777297077 -0.05)
(6.515165042 1.777297077 -0.05)
(6.282842712 1.859619407 -0.05)
(6.360283489 1.859619407 -0.05)
(6.437724266 1.859619407 -0.05)
(6.515165043 1.859619407 -0.05)
(6.282842712 1.941941737 -0.05)
(6.360283489 1.941941738 -0.05)
(6.437724266 1.941941737 -0.05)
(6.515165043 1.941941737 -0.05)
(6.282842712 2.024264068 -0.05)
(6.360283489 2.024264068 -0.05)
(6.437724266 2.024264068 -0.05)
(6.515165043 2.024264068 -0.05)
(6.282842712 2.106586398 -0.05)
(6.360283489 2.106586399 -0.05)
(6.437724266 2.106586398 -0.05)
(6.515165043 2.106586398 -0.05)
(6.282842712 2.188908729 -0.05)
(6.360283489 2.188908729 -0.05)
(6.437724266 2.188908729 -0.05)
(6.515165042 2.188908729 -0.05)
(6.282842712 2.271231059 -0.05)
(6.360283489 2.271231059 -0.05)
(6.437724266 2.27123106 -0.05)
(6.515165043 2.271231059 -0.05)
(6.282842712 2.35355339 -0.05)
(6.360283489 2.35355339 -0.05)
(6.437724266 2.35355339 -0.05)
(6.515165043 2.35355339 -0.05)
(6.282842712 2.43587572 -0.05)
(6.360283489 2.43587572 -0.05)
(6.437724266 2.43587572 -0.05)
(6.515165042 2.43587572 -0.05)
(6.282842712 2.518198051 -0.05)
(6.360283489 2.518198051 -0.05)
(6.437724266 2.518198051 -0.05)
(6.515165042 2.518198051 -0.05)
(6.282842712 2.600520381 -0.05)
(6.360283489 2.600520381 -0.05)
(6.437724266 2.600520381 -0.05)
(6.515165042 2.600520381 -0.05)
(6.282842712 2.682842712 -0.05)
(6.360283489 2.682842712 -0.05)
(6.437724266 2.682842712 -0.05)
(6.515165043 2.682842712 -0.05)
(6.282842712 2.765165043 -0.05)
(6.360283489 2.765165043 -0.05)
(6.437724266 2.765165043 -0.05)
(6.515165043 2.765165043 -0.05)
(6.282842712 2.847487373 -0.05)
(6.360283489 2.847487373 -0.05)
(6.437724266 2.847487373 -0.05)
(6.515165043 2.847487373 -0.05)
(6.282842712 2.929809704 -0.05)
(6.360283489 2.929809704 -0.05)
(6.437724266 2.929809704 -0.05)
(6.515165043 2.929809704 -0.05)
(6.282842712 3.012132034 -0.05)
(6.360283489 3.012132034 -0.05)
(6.437724266 3.012132034 -0.05)
(6.515165043 3.012132034 -0.05)
(6.282842712 3.094454365 -0.05)
(6.360283489 3.094454365 -0.05)
(6.437724266 3.094454364 -0.05)
(6.515165043 3.094454364 -0.05)
(6.282842712 3.176776695 -0.05)
(6.360283489 3.176776695 -0.05)
(6.437724266 3.176776695 -0.05)
(6.515165043 3.176776695 -0.05)
(6.282842712 3.259099025 -0.05)
(6.360283489 3.259099026 -0.05)
(6.437724266 3.259099025 -0.05)
(6.515165042 3.259099025 -0.05)
(6.282842712 3.341421356 -0.05)
(6.360283489 3.341421356 -0.05)
(6.437724266 3.341421356 -0.05)
(6.515165042 3.341421356 -0.05)
(6.282842712 3.423743686 -0.05)
(6.360283489 3.423743686 -0.05)
(6.437724266 3.423743686 -0.05)
(6.515165042 3.423743686 -0.05)
(6.282842712 3.506066017 -0.05)
(6.360283489 3.506066017 -0.05)
(6.437724266 3.506066017 -0.05)
(6.515165042 3.506066017 -0.05)
(6.282842712 3.588388348 -0.05)
(6.360283489 3.588388348 -0.05)
(6.437724266 3.588388348 -0.05)
(6.515165043 3.588388348 -0.05)
(6.282842712 3.670710678 -0.05)
(6.360283489 3.670710678 -0.05)
(6.437724266 3.670710678 -0.05)
(6.515165043 3.670710678 -0.05)
(6.282842712 3.753033009 -0.05)
(6.360283489 3.753033009 -0.05)
(6.437724266 3.753033008 -0.05)
(6.515165043 3.753033008 -0.05)
(6.282842712 3.835355339 -0.05)
(6.360283489 3.835355339 -0.05)
(6.437724266 3.835355339 -0.05)
(6.515165043 3.835355339 -0.05)
(6.282842712 3.917677669 -0.05)
(6.360283489 3.917677669 -0.05)
(6.437724266 3.917677669 -0.05)
(6.515165042 3.917677669 -0.05)
(6.282842712 4 -0.05)
(6.360283489 4 -0.05)
(6.437724266 4 -0.05)
(6.515165043 4 -0.05)
(6.205401935 0.7894291105 0.05)
(6.282842712 0.7894291105 0.05)
(6.360283489 0.7894291105 0.05)
(6.437724266 0.7894291105 0.05)
(6.205401935 0.871751441 0.05)
(6.282842712 0.871751441 0.05)
(6.360283489 0.871751441 0.05)
(6.437724266 0.871751441 0.05)
(6.205401935 0.9540737715 0.05)
(6.282842712 0.9540737715 0.05)
(6.360283489 0.9540737715 0.05)
(6.437724266 0.9540737715 0.05)
(6.205401935 1.036396102 0.05)
(6.282842712 1.036396102 0.05)
(6.360283489 1.036396102 0.05)
(6.437724266 1.036396102 0.05)
(6.205401935 1.118718433 0.05)
(6.282842712 1.118718433 0.05)
(6.360283489 1.118718433 0.05)
(6.437724266 1.118718432 0.05)
(6.515165043 1.118718432 0.05)
(6.205401935 1.201040763 0.05)
(6.282842712 1.201040763 0.05)
(6.360283489 1.201040763 0.05)
(6.437724266 1.201040763 0.05)
(6.515165043 1.201040763 0.05)
(6.205401935 1.283363093 0.05)
(6.282842712 1.283363093 0.05)
(6.360283489 1.283363093 0.05)
(6.437724266 1.283363093 0.05)
(6.515165043 1.283363093 0.05)
(6.205401935 1.365685424 0.05)
(6.282842712 1.365685424 0.05)
(6.360283489 1.365685424 0.05)
(6.437724266 1.365685424 0.05)
(6.515165043 1.365685424 0.05)
(6.205401935 1.448007754 0.05)
(6.282842712 1.448007755 0.05)
(6.360283489 1.448007755 0.05)
(6.437724266 1.448007755 0.05)
(6.515165043 1.448007755 0.05)
(6.205401935 1.530330085 0.05)
(6.282842712 1.530330085 0.05)
(6.360283489 1.530330085 0.05)
(6.437724266 1.530330085 0.05)
(6.515165042 1.530330085 0.05)
(6.205401935 1.612652416 0.05)
(6.282842712 1.612652416 0.05)
(6.360283489 1.612652416 0.05)
(6.437724266 1.612652416 0.05)
(6.515165042 1.612652416 0.05)
(6.205401935 1.694974746 0.05)
(6.282842712 1.694974746 0.05)
(6.360283489 1.694974746 0.05)
(6.437724266 1.694974746 0.05)
(6.515165042 1.694974746 0.05)
(6.282842712 1.777297077 0.05)
(6.360283489 1.777297077 0.05)
(6.437724266 1.777297077 0.05)
(6.515165042 1.777297077 0.05)
(6.282842712 1.859619407 0.05)
(6.360283489 1.859619407 0.05)
(6.437724266 1.859619407 0.05)
(6.515165043 1.859619407 0.05)
(6.282842712 1.941941737 0.05)
(6.360283489 1.941941738 0.05)
(6.437724266 1.941941737 0.05)
(6.515165043 1.941941737 0.05)
(6.282842712 2.024264068 0.05)
(6.360283489 2.024264068 0.05)
(6.437724266 2.024264068 0.05)
(6.515165043 2.024264068 0.05)
(6.282842712 2.106586398 0.05)
(6.360283489 2.106586399 0.05)
(6.437724266 2.106586398 0.05)
(6.515165042 2.106586398 0.05)
(6.282842712 2.188908729 0.05)
(6.360283489 2.188908729 0.05)
(6.437724266 2.188908729 0.05)
(6.515165042 2.188908729 0.05)
(6.282842712 2.271231059 0.05)
(6.360283489 2.271231059 0.05)
(6.437724266 2.27123106 0.05)
(6.515165043 2.271231059 0.05)
(6.282842712 2.35355339 0.05)
(6.360283489 2.35355339 0.05)
(6.437724266 2.35355339 0.05)
(6.515165043 2.35355339 0.05)
(6.282842712 2.43587572 0.05)
(6.360283489 2.43587572 0.05)
(6.437724266 2.43587572 0.05)
(6.515165042 2.43587572 0.05)
(6.282842712 2.518198051 0.05)
(6.360283489 2.518198051 0.05)
(6.437724266 2.518198051 0.05)
(6.515165042 2.518198051 0.05)
(6.282842712 2.600520381 0.05)
(6.360283489 2.600520381 0.05)
(6.437724266 2.600520381 0.05)
(6.515165042 2.600520381 0.05)
(6.282842712 2.682842712 0.05)
(6.360283489 2.682842712 0.05)
(6.437724266 2.682842712 0.05)
(6.515165043 2.682842712 0.05)
(6.282842712 2.765165043 0.05)
(6.360283489 2.765165043 0.05)
(6.437724266 2.765165043 0.05)
(6.515165043 2.765165043 0.05)
(6.282842712 2.847487373 0.05)
(6.360283489 2.847487373 0.05)
(6.437724266 2.847487373 0.05)
(6.515165043 2.847487373 0.05)
(6.282842712 2.929809704 0.05)
(6.360283489 2.929809704 0.05)
(6.437724266 2.929809704 0.05)
(6.515165043 2.929809704 0.05)
(6.282842712 3.012132034 0.05)
(6.360283489 3.012132034 0.05)
(6.437724266 3.012132034 0.05)
(6.515165043 3.012132034 0.05)
(6.282842712 3.094454365 0.05)
(6.360283489 3.094454365 0.05)
(6.437724266 3.094454364 0.05)
(6.515165043 3.094454364 0.05)
(6.282842712 3.176776695 0.05)
(6.360283489 3.176776695 0.05)
(6.437724266 3.176776695 0.05)
(6.515165043 3.176776695 0.05)
(6.282842712 3.259099025 0.05)
(6.360283489 3.259099026 0.05)
(6.437724266 3.259099025 0.05)
(6.515165042 3.259099025 0.05)
(6.282842712 3.341421356 0.05)
(6.360283489 3.341421356 0.05)
(6.437724266 3.341421356 0.05)
(6.515165042 3.341421356 0.05)
(6.282842712 3.423743686 0.05)
(6.360283489 3.423743686 0.05)
(6.437724266 3.423743686 0.05)
(6.515165042 3.423743686 0.05)
(6.282842712 3.506066017 0.05)
(6.360283489 3.506066017 0.05)
(6.437724266 3.506066017 0.05)
(6.515165042 3.506066017 0.05)
(6.282842712 3.588388348 0.05)
(6.360283489 3.588388348 0.05)
(6.437724266 3.588388348 0.05)
(6.515165043 3.588388348 0.05)
(6.282842712 3.670710678 0.05)
(6.360283489 3.670710678 0.05)
(6.437724266 3.670710678 0.05)
(6.515165043 3.670710678 0.05)
(6.282842712 3.753033009 0.05)
(6.360283489 3.753033009 0.05)
(6.437724266 3.753033008 0.05)
(6.515165043 3.753033008 0.05)
(6.282842712 3.835355339 0.05)
(6.360283489 3.835355339 0.05)
(6.437724266 3.835355339 0.05)
(6.515165043 3.835355339 0.05)
(6.282842712 3.917677669 0.05)
(6.360283489 3.917677669 0.05)
(6.437724266 3.917677669 0.05)
(6.515165042 3.917677669 0.05)
(6.282842712 4 0.05)
(6.360283489 4 0.05)
(6.437724266 4 0.05)
(6.515165043 4 0.05)
(6.205401935 -0.70710678 -0.05)
(6.205401935 -0.7894291105 -0.05)
(6.205401935 -0.871751441 -0.05)
(6.205401935 -0.9540737715 -0.05)
(6.205401935 -1.036396102 -0.05)
(6.205401935 -1.118718433 -0.05)
(6.205401935 -1.201040763 -0.05)
(6.205401935 -1.283363093 -0.05)
(6.205401935 -1.365685424 -0.05)
(6.205401935 -1.448007755 -0.05)
(6.205401935 -1.530330085 -0.05)
(6.205401935 -1.612652416 -0.05)
(6.205401935 -1.694974746 -0.05)
(6.205401935 -1.777297077 -0.05)
(6.205401935 -1.859619407 -0.05)
(6.205401935 -1.941941737 -0.05)
(6.205401935 -2.024264068 -0.05)
(6.205401935 -2.106586398 -0.05)
(6.205401935 -2.188908729 -0.05)
(6.205401935 -2.271231059 -0.05)
(6.205401935 -2.35355339 -0.05)
(6.205401935 -2.43587572 -0.05)
(6.205401935 -2.518198051 -0.05)
(6.205401935 -2.600520382 -0.05)
(6.205401935 -2.682842712 -0.05)
(6.205401935 -2.765165042 -0.05)
(6.205401935 -2.847487373 -0.05)
(6.205401935 -2.929809704 -0.05)
(6.205401935 -3.012132034 -0.05)
(6.205401935 -3.094454364 -0.05)
(6.205401935 -3.176776695 -0.05)
(6.205401935 -3.259099025 -0.05)
(6.205401935 -3.341421356 -0.05)
(6.205401935 -3.423743687 -0.05)
(6.205401935 -3.506066017 -0.05)
(6.205401935 -3.588388348 -0.05)
(6.205401935 -3.670710678 -0.05)
(6.205401935 -3.753033009 -0.05)
(6.205401935 -3.835355339 -0.05)
(6.205401935 -3.917677669 -0.05)
(6.205401935 -4 -0.05)
(6.282842712 -0.70710678 -0.05)
(6.282842712 -0.7894291105 -0.05)
(6.282842712 -0.871751441 -0.05)
(6.282842712 -0.9540737715 -0.05)
(6.282842712 -1.036396102 -0.05)
(6.282842712 -1.118718433 -0.05)
(6.282842712 -1.201040763 -0.05)
(6.282842712 -1.283363093 -0.05)
(6.282842712 -1.365685424 -0.05)
(6.282842712 -1.448007755 -0.05)
(6.282842712 -1.530330085 -0.05)
(6.282842712 -1.612652416 -0.05)
(6.282842712 -1.694974746 -0.05)
(6.282842712 -1.777297077 -0.05)
(6.282842712 -1.859619407 -0.05)
(6.282842712 -1.941941737 -0.05)
(6.282842712 -2.024264068 -0.05)
(6.282842712 -2.106586399 -0.05)
(6.282842712 -2.188908729 -0.05)
(6.282842712 -2.271231059 -0.05)
(6.282842712 -2.35355339 -0.05)
(6.282842712 -2.43587572 -0.05)
(6.282842712 -2.518198051 -0.05)
(6.282842712 -2.600520381 -0.05)
(6.282842712 -2.682842712 -0.05)
(6.282842712 -2.765165042 -0.05)
(6.282842712 -2.847487373 -0.05)
(6.282842712 -2.929809703 -0.05)
(6.282842712 -3.012132034 -0.05)
(6.282842712 -3.094454365 -0.05)
(6.282842712 -3.176776695 -0.05)
(6.282842712 -3.259099026 -0.05)
(6.282842712 -3.341421356 -0.05)
(6.282842712 -3.423743686 -0.05)
(6.282842712 -3.506066017 -0.05)
(6.282842712 -3.588388348 -0.05)
(6.282842712 -3.670710678 -0.05)
(6.282842712 -3.753033009 -0.05)
(6.282842712 -3.835355339 -0.05)
(6.282842712 -3.917677669 -0.05)
(6.282842712 -4 -0.05)
(6.360283489 -0.70710678 -0.05)
(6.360283489 -0.7894291105 -0.05)
(6.360283489 -0.871751441 -0.05)
(6.360283489 -0.9540737715 -0.05)
(6.360283489 -1.036396102 -0.05)
(6.360283489 -1.118718433 -0.05)
(6.360283489 -1.201040763 -0.05)
(6.360283489 -1.283363093 -0.05)
(6.360283489 -1.365685424 -0.05)
(6.360283489 -1.448007755 -0.05)
(6.360283489 -1.530330085 -0.05)
(6.360283489 -1.612652415 -0.05)
(6.360283489 -1.694974746 -0.05)
(6.360283489 -1.777297077 -0.05)
(6.360283489 -1.859619407 -0.05)
(6.360283489 -1.941941738 -0.05)
(6.360283489 -2.024264068 -0.05)
(6.360283489 -2.106586398 -0.05)
(6.360283489 -2.188908729 -0.05)
(6.360283489 -2.27123106 -0.05)
(6.360283489 -2.35355339 -0.05)
(6.360283489 -2.43587572 -0.05)
(6.360283489 -2.518198051 -0.05)
(6.360283489 -2.600520381 -0.05)
(6.360283489 -2.682842712 -0.05)
(6.360283489 -2.765165043 -0.05)
(6.360283489 -2.847487373 -0.05)
(6.360283489 -2.929809704 -0.05)
(6.360283489 -3.012132034 -0.05)
(6.360283489 -3.094454365 -0.05)
(6.360283489 -3.176776695 -0.05)
(6.360283489 -3.259099026 -0.05)
(6.360283489 -3.341421356 -0.05)
(6.360283489 -3.423743686 -0.05)
(6.360283489 -3.506066017 -0.05)
(6.360283489 -3.588388348 -0.05)
(6.360283489 -3.670710678 -0.05)
(6.360283489 -3.753033009 -0.05)
(6.360283489 -3.835355339 -0.05)
(6.360283489 -3.91767767 -0.05)
(6.360283489 -4 -0.05)
(6.437724266 -0.70710678 -0.05)
(6.437724266 -0.7894291105 -0.05)
(6.437724266 -0.871751441 -0.05)
(6.437724266 -0.9540737715 -0.05)
(6.437724266 -1.036396102 -0.05)
(6.437724266 -1.118718433 -0.05)
(6.437724266 -1.201040763 -0.05)
(6.437724266 -1.283363093 -0.05)
(6.437724266 -1.365685424 -0.05)
(6.437724266 -1.448007754 -0.05)
(6.437724266 -1.530330085 -0.05)
(6.437724266 -1.612652416 -0.05)
(6.437724266 -1.694974746 -0.05)
(6.437724266 -1.777297077 -0.05)
(6.437724266 -1.859619407 -0.05)
(6.437724266 -1.941941737 -0.05)
(6.437724266 -2.024264068 -0.05)
(6.437724266 -2.106586398 -0.05)
(6.437724266 -2.188908729 -0.05)
(6.437724266 -2.27123106 -0.05)
(6.437724266 -2.35355339 -0.05)
(6.437724266 -2.43587572 -0.05)
(6.437724266 -2.518198051 -0.05)
(6.437724266 -2.600520381 -0.05)
(6.437724266 -2.682842712 -0.05)
(6.437724266 -2.765165043 -0.05)
(6.437724266 -2.847487373 -0.05)
(6.437724266 -2.929809704 -0.05)
(6.437724266 -3.012132034 -0.05)
(6.437724266 -3.094454365 -0.05)
(6.437724266 -3.176776695 -0.05)
(6.437724266 -3.259099025 -0.05)
(6.437724266 -3.341421356 -0.05)
(6.437724266 -3.423743686 -0.05)
(6.437724266 -3.506066017 -0.05)
(6.437724266 -3.588388348 -0.05)
(6.437724266 -3.670710678 -0.05)
(6.437724266 -3.753033008 -0.05)
(6.437724266 -3.835355339 -0.05)
(6.437724266 -3.91767767 -0.05)
(6.437724266 -4 -0.05)
(6.205401935 -0.70710678 0.05)
(6.205401935 -0.7894291105 0.05)
(6.205401935 -0.871751441 0.05)
(6.205401935 -0.9540737715 0.05)
(6.205401935 -1.036396102 0.05)
(6.205401935 -1.118718433 0.05)
(6.205401935 -1.201040763 0.05)
(6.205401935 -1.283363093 0.05)
(6.205401935 -1.365685424 0.05)
(6.205401935 -1.448007755 0.05)
(6.205401935 -1.530330085 0.05)
(6.205401935 -1.612652416 0.05)
(6.205401935 -1.694974746 0.05)
(6.205401935 -1.777297077 0.05)
(6.205401935 -1.859619407 0.05)
(6.205401935 -1.941941737 0.05)
(6.205401935 -2.024264068 0.05)
(6.205401935 -2.106586398 0.05)
(6.205401935 -2.188908729 0.05)
(6.205401935 -2.271231059 0.05)
(6.205401935 -2.35355339 0.05)
(6.205401935 -2.43587572 0.05)
(6.205401935 -2.518198051 0.05)
(6.205401935 -2.600520382 0.05)
(6.205401935 -2.682842712 0.05)
(6.205401935 -2.765165042 0.05)
(6.205401935 -2.847487373 0.05)
(6.205401935 -2.929809704 0.05)
(6.205401935 -3.012132034 0.05)
(6.205401935 -3.094454364 0.05)
(6.205401935 -3.176776695 0.05)
(6.205401935 -3.259099025 0.05)
(6.205401935 -3.341421356 0.05)
(6.205401935 -3.423743687 0.05)
(6.205401935 -3.506066017 0.05)
(6.205401935 -3.588388348 0.05)
(6.205401935 -3.670710678 0.05)
(6.205401935 -3.753033009 0.05)
(6.205401935 -3.835355339 0.05)
(6.205401935 -3.917677669 0.05)
(6.205401935 -4 0.05)
(6.282842712 -0.70710678 0.05)
(6.282842712 -0.7894291105 0.05)
(6.282842712 -0.871751441 0.05)
(6.282842712 -0.9540737715 0.05)
(6.282842712 -1.036396102 0.05)
(6.282842712 -1.118718433 0.05)
(6.282842712 -1.201040763 0.05)
(6.282842712 -1.283363093 0.05)
(6.282842712 -1.365685424 0.05)
(6.282842712 -1.448007754 0.05)
(6.282842712 -1.530330085 0.05)
(6.282842712 -1.612652416 0.05)
(6.282842712 -1.694974746 0.05)
(6.282842712 -1.777297077 0.05)
(6.282842712 -1.859619407 0.05)
(6.282842712 -1.941941737 0.05)
(6.282842712 -2.024264068 0.05)
(6.282842712 -2.106586398 0.05)
(6.282842712 -2.188908729 0.05)
(6.282842712 -2.271231059 0.05)
(6.282842712 -2.35355339 0.05)
(6.282842712 -2.43587572 0.05)
(6.282842712 -2.518198051 0.05)
(6.282842712 -2.600520381 0.05)
(6.282842712 -2.682842712 0.05)
(6.282842712 -2.765165042 0.05)
(6.282842712 -2.847487373 0.05)
(6.282842712 -2.929809703 0.05)
(6.282842712 -3.012132034 0.05)
(6.282842712 -3.094454365 0.05)
(6.282842712 -3.176776695 0.05)
(6.282842712 -3.259099025 0.05)
(6.282842712 -3.341421356 0.05)
(6.282842712 -3.423743686 0.05)
(6.282842712 -3.506066017 0.05)
(6.282842712 -3.588388348 0.05)
(6.282842712 -3.670710678 0.05)
(6.282842712 -3.753033009 0.05)
(6.282842712 -3.835355339 0.05)
(6.282842712 -3.917677669 0.05)
(6.282842712 -4 0.05)
(6.360283489 -0.70710678 0.05)
(6.360283489 -0.7894291105 0.05)
(6.360283489 -0.871751441 0.05)
(6.360283489 -0.9540737715 0.05)
(6.360283489 -1.036396102 0.05)
(6.360283489 -1.118718433 0.05)
(6.360283489 -1.201040763 0.05)
(6.360283489 -1.283363093 0.05)
(6.360283489 -1.365685424 0.05)
(6.360283489 -1.448007755 0.05)
(6.360283489 -1.530330085 0.05)
(6.360283489 -1.612652415 0.05)
(6.360283489 -1.694974746 0.05)
(6.360283489 -1.777297077 0.05)
(6.360283489 -1.859619407 0.05)
(6.360283489 -1.941941738 0.05)
(6.360283489 -2.024264068 0.05)
(6.360283489 -2.106586398 0.05)
(6.360283489 -2.188908729 0.05)
(6.360283489 -2.27123106 0.05)
(6.360283489 -2.35355339 0.05)
(6.360283489 -2.43587572 0.05)
(6.360283489 -2.518198051 0.05)
(6.360283489 -2.600520381 0.05)
(6.360283489 -2.682842712 0.05)
(6.360283489 -2.765165043 0.05)
(6.360283489 -2.847487373 0.05)
(6.360283489 -2.929809704 0.05)
(6.360283489 -3.012132034 0.05)
(6.360283489 -3.094454365 0.05)
(6.360283489 -3.176776695 0.05)
(6.360283489 -3.259099025 0.05)
(6.360283489 -3.341421356 0.05)
(6.360283489 -3.423743686 0.05)
(6.360283489 -3.506066017 0.05)
(6.360283489 -3.588388348 0.05)
(6.360283489 -3.670710678 0.05)
(6.360283489 -3.753033009 0.05)
(6.360283489 -3.835355339 0.05)
(6.360283489 -3.91767767 0.05)
(6.360283489 -4 0.05)
(6.437724266 -0.70710678 0.05)
(6.437724266 -0.7894291105 0.05)
(6.437724266 -0.871751441 0.05)
(6.437724266 -0.9540737715 0.05)
(6.437724266 -1.036396102 0.05)
(6.437724266 -1.118718433 0.05)
(6.437724266 -1.201040763 0.05)
(6.437724266 -1.283363093 0.05)
(6.437724266 -1.365685424 0.05)
(6.437724266 -1.448007754 0.05)
(6.437724266 -1.530330085 0.05)
(6.437724266 -1.612652416 0.05)
(6.437724266 -1.694974746 0.05)
(6.437724266 -1.777297077 0.05)
(6.437724266 -1.859619407 0.05)
(6.437724266 -1.941941737 0.05)
(6.437724266 -2.024264068 0.05)
(6.437724266 -2.106586398 0.05)
(6.437724266 -2.188908729 0.05)
(6.437724266 -2.27123106 0.05)
(6.437724266 -2.35355339 0.05)
(6.437724266 -2.43587572 0.05)
(6.437724266 -2.518198051 0.05)
(6.437724266 -2.600520381 0.05)
(6.437724266 -2.682842712 0.05)
(6.437724266 -2.765165042 0.05)
(6.437724266 -2.847487373 0.05)
(6.437724266 -2.929809704 0.05)
(6.437724266 -3.012132034 0.05)
(6.437724266 -3.094454365 0.05)
(6.437724266 -3.176776695 0.05)
(6.437724266 -3.259099025 0.05)
(6.437724266 -3.341421356 0.05)
(6.437724266 -3.423743686 0.05)
(6.437724266 -3.506066017 0.05)
(6.437724266 -3.588388348 0.05)
(6.437724266 -3.670710678 0.05)
(6.437724266 -3.753033008 0.05)
(6.437724266 -3.835355339 0.05)
(6.437724266 -3.91767767 0.05)
(6.437724266 -4 0.05)
(6.214694496 -0.680072888 -0.05)
(6.291945628 -0.6800233188 -0.05)
(6.369196761 -0.6799737496 -0.05)
(6.446447894 -0.6799241804 -0.05)
(6.223667921 -0.6527400928 -0.05)
(6.300735922 -0.6526470545 -0.05)
(6.377803924 -0.6525540161 -0.05)
(6.454871926 -0.6524609778 -0.05)
(6.232312601 -0.6251189963 -0.05)
(6.309204181 -0.6249883725 -0.05)
(6.38609576 -0.6248577488 -0.05)
(6.46298734 -0.624727125 -0.05)
(6.24061928 -0.5972205091 -0.05)
(6.317341335 -0.5970579609 -0.05)
(6.394063391 -0.5968954128 -0.05)
(6.470785446 -0.5967328647 -0.05)
(6.248579062 -0.5690558388 -0.05)
(6.325138673 -0.5688667986 -0.05)
(6.401698284 -0.5686777583 -0.05)
(6.478257895 -0.5684887181 -0.05)
(6.256183424 -0.5406364781 -0.05)
(6.332587844 -0.5404261435 -0.05)
(6.408992264 -0.540215809 -0.05)
(6.485396684 -0.5400054744 -0.05)
(6.263424223 -0.5119741923 -0.05)
(6.339680872 -0.5117475211 -0.05)
(6.41593752 -0.5115208499 -0.05)
(6.492194169 -0.5112941786 -0.05)
(6.270293705 -0.483081007 -0.05)
(6.34641016 -0.4828427113 -0.05)
(6.422526615 -0.4826044157 -0.05)
(6.49864307 -0.48236612 -0.05)
(6.276784515 -0.4539691949 -0.05)
(6.352768505 -0.4537237366 -0.05)
(6.428752494 -0.4534782783 -0.05)
(6.504736484 -0.45323282 -0.05)
(6.207030308 -0.4248996774 -0.05)
(6.282889702 -0.4246512629 -0.05)
(6.358749095 -0.4244028485 -0.05)
(6.434608489 -0.424154434 -0.05)
(6.510467883 -0.4239060196 -0.05)
(6.212859926 -0.3953873624 -0.05)
(6.288602727 -0.3951399386 -0.05)
(6.364345529 -0.3948925148 -0.05)
(6.44008833 -0.394645091 -0.05)
(6.218283137 -0.3656909071 -0.05)
(6.293917475 -0.3654481567 -0.05)
(6.369551812 -0.3652054064 -0.05)
(6.445186149 -0.364962656 -0.05)
(6.223294135 -0.3358237071 -0.05)
(6.298828252 -0.3355890451 -0.05)
(6.37436237 -0.3353543832 -0.05)
(6.449896487 -0.3351197212 -0.05)
(6.227887553 -0.3057993413 -0.05)
(6.303329802 -0.305575911 -0.05)
(6.378772051 -0.3053524807 -0.05)
(6.4542143 -0.3051290503 -0.05)
(6.232058472 -0.2756315565 -0.05)
(6.307417303 -0.2754222263 -0.05)
(6.382776133 -0.275212896 -0.05)
(6.458134964 -0.2750035657 -0.05)
(6.235802427 -0.2453342534 -0.05)
(6.311086378 -0.2451416135 -0.05)
(6.38637033 -0.2449489737 -0.05)
(6.461654281 -0.2447563338 -0.05)
(6.239115407 -0.2149214711 -0.05)
(6.314333099 -0.2147478313 -0.05)
(6.389550791 -0.2145741914 -0.05)
(6.464768483 -0.2144005515 -0.05)
(6.241993866 -0.1844073726 -0.05)
(6.317153989 -0.1842547591 -0.05)
(6.392314111 -0.1841021455 -0.05)
(6.467474234 -0.183949532 -0.05)
(6.244434721 -0.1538062293 -0.05)
(6.319546027 -0.153676383 -0.05)
(6.394657332 -0.1535465366 -0.05)
(6.469768638 -0.1534166903 -0.05)
(6.246435358 -0.1231324058 -0.05)
(6.321506651 -0.1230267802 -0.05)
(6.396577944 -0.1229211547 -0.05)
(6.471649237 -0.1228155292 -0.05)
(6.247993636 -0.09240034439 -0.05)
(6.323033763 -0.09232010445 -0.05)
(6.39807389 -0.09223986451 -0.05)
(6.473114017 -0.09215962458 -0.05)
(6.249107884 -0.06162455002 -0.05)
(6.324125727 -0.06157057032 -0.05)
(6.399143569 -0.06151659062 -0.05)
(6.474161411 -0.06146261092 -0.05)
(6.249776911 -0.03081957426 -0.05)
(6.324781373 -0.03079243843 -0.05)
(6.399785835 -0.03076530259 -0.05)
(6.474790297 -0.03073816676 -0.05)
(6.214694496 -0.680072888 0.05)
(6.291945628 -0.6800233188 0.05)
(6.369196761 -0.6799737496 0.05)
(6.446447894 -0.6799241804 0.05)
(6.223667921 -0.6527400928 0.05)
(6.300735922 -0.6526470545 0.05)
(6.377803924 -0.6525540161 0.05)
(6.454871926 -0.6524609778 0.05)
(6.232312601 -0.6251189963 0.05)
(6.309204181 -0.6249883725 0.05)
(6.38609576 -0.6248577488 0.05)
(6.46298734 -0.624727125 0.05)
(6.24061928 -0.5972205091 0.05)
(6.317341335 -0.5970579609 0.05)
(6.394063391 -0.5968954128 0.05)
(6.470785446 -0.5967328647 0.05)
(6.248579062 -0.5690558388 0.05)
(6.325138673 -0.5688667986 0.05)
(6.401698284 -0.5686777583 0.05)
(6.478257895 -0.5684887181 0.05)
(6.256183424 -0.5406364781 0.05)
(6.332587844 -0.5404261435 0.05)
(6.408992264 -0.540215809 0.05)
(6.485396684 -0.5400054744 0.05)
(6.263424223 -0.5119741923 0.05)
(6.339680872 -0.5117475211 0.05)
(6.41593752 -0.5115208499 0.05)
(6.492194169 -0.5112941786 0.05)
(6.270293705 -0.483081007 0.05)
(6.34641016 -0.4828427113 0.05)
(6.422526615 -0.4826044157 0.05)
(6.49864307 -0.48236612 0.05)
(6.276784515 -0.4539691949 0.05)
(6.352768505 -0.4537237366 0.05)
(6.428752494 -0.4534782783 0.05)
(6.504736484 -0.45323282 0.05)
(6.207030308 -0.4248996774 0.05)
(6.282889702 -0.4246512629 0.05)
(6.358749095 -0.4244028485 0.05)
(6.434608489 -0.424154434 0.05)
(6.510467883 -0.4239060196 0.05)
(6.212859926 -0.3953873624 0.05)
(6.288602727 -0.3951399386 0.05)
(6.364345529 -0.3948925148 0.05)
(6.44008833 -0.394645091 0.05)
(6.218283137 -0.3656909071 0.05)
(6.293917475 -0.3654481567 0.05)
(6.369551812 -0.3652054064 0.05)
(6.445186149 -0.364962656 0.05)
(6.223294135 -0.3358237071 0.05)
(6.298828252 -0.3355890451 0.05)
(6.37436237 -0.3353543832 0.05)
(6.449896487 -0.3351197212 0.05)
(6.227887553 -0.3057993413 0.05)
(6.303329802 -0.305575911 0.05)
(6.378772051 -0.3053524807 0.05)
(6.4542143 -0.3051290503 0.05)
(6.232058472 -0.2756315565 0.05)
(6.307417303 -0.2754222263 0.05)
(6.382776133 -0.275212896 0.05)
(6.458134964 -0.2750035657 0.05)
(6.235802427 -0.2453342534 0.05)
(6.311086378 -0.2451416135 0.05)
(6.38637033 -0.2449489737 0.05)
(6.461654281 -0.2447563338 0.05)
(6.239115407 -0.2149214711 0.05)
(6.314333099 -0.2147478313 0.05)
(6.389550791 -0.2145741914 0.05)
(6.464768483 -0.2144005515 0.05)
(6.241993866 -0.1844073726 0.05)
(6.317153989 -0.1842547591 0.05)
(6.392314111 -0.1841021455 0.05)
(6.467474234 -0.183949532 0.05)
(6.244434721 -0.1538062293 0.05)
(6.319546027 -0.153676383 0.05)
(6.394657332 -0.1535465366 0.05)
(6.469768638 -0.1534166903 0.05)
(6.246435358 -0.1231324058 0.05)
(6.321506651 -0.1230267802 0.05)
(6.396577944 -0.1229211547 0.05)
(6.471649237 -0.1228155292 0.05)
(6.247993636 -0.09240034439 0.05)
(6.323033763 -0.09232010445 0.05)
(6.39807389 -0.09223986451 0.05)
(6.473114017 -0.09215962458 0.05)
(6.249107884 -0.06162455002 0.05)
(6.324125727 -0.06157057032 0.05)
(6.399143569 -0.06151659062 0.05)
(6.474161411 -0.06146261092 0.05)
(6.249776911 -0.03081957426 0.05)
(6.324781373 -0.03079243843 0.05)
(6.399785835 -0.03076530259 0.05)
(6.474790297 -0.03073816676 0.05)
)


// ************************************************************************* //
