/*--------------------------------*- C++ -*----------------------------------*\
  =========                 |
  \\      /  F ield         | OpenFOAM: The Open Source CFD Toolbox
   \\    /   O peration     | Website:  https://openfoam.org
    \\  /    A nd           | Version:  7
     \\/     M anipulation  |
\*---------------------------------------------------------------------------*/
FoamFile
{
    version     2.0;
    format      ascii;
    class       labelList;
    note        "nPoints: 1060 nCells: 392 nFaces: 1705 nInternalFaces: 647";
    location    "constant/polyMesh";
    object      owner;
}
// * * * * * * * * * * * * * * * * * * * * * * * * * * * * * * * * * * * * * //


1705
(
0
0
0
1
1
1
2
2
3
3
4
4
5
6
6
7
7
8
9
9
10
10
11
12
12
13
13
14
15
15
16
16
17
18
18
19
19
20
21
21
22
22
23
24
24
25
25
26
27
27
28
28
29
30
30
31
31
32
33
33
34
34
35
35
36
37
38
38
39
39
40
41
41
42
42
43
44
44
45
45
46
47
47
48
48
49
50
50
51
51
52
53
53
54
54
55
56
57
57
58
58
59
60
60
61
61
62
63
63
64
64
65
66
66
67
67
68
69
69
70
70
71
72
73
73
74
74
75
76
76
77
77
78
79
79
80
80
81
82
82
83
83
84
85
85
86
86
87
88
88
89
89
90
91
91
92
92
93
94
94
95
95
96
97
97
98
98
99
100
100
101
101
102
103
103
104
104
105
106
106
107
107
108
109
109
110
110
111
112
112
113
113
114
115
115
116
116
117
118
118
119
119
120
121
121
122
122
123
124
124
125
125
126
127
127
128
128
129
130
130
131
131
132
133
133
134
134
135
136
136
137
137
138
139
139
140
140
141
142
142
143
143
144
145
145
146
146
147
148
148
149
149
150
151
151
152
152
153
154
154
155
155
156
157
157
158
158
159
160
160
161
161
162
163
163
164
164
165
166
166
167
167
168
169
169
170
170
171
172
172
173
173
174
175
175
176
176
177
178
178
179
179
180
181
181
182
182
183
184
184
185
185
186
187
187
188
188
189
190
190
191
191
192
193
194
196
196
196
197
197
198
198
199
199
200
200
201
201
202
202
203
203
204
204
205
205
206
206
207
207
208
208
209
209
210
210
211
211
212
212
213
213
214
214
215
215
216
216
217
217
218
218
219
219
220
220
221
221
222
222
223
223
224
224
225
225
226
226
227
227
228
228
229
229
230
230
231
231
232
232
233
233
234
234
235
236
236
236
237
237
238
238
239
239
240
240
241
241
242
242
243
243
244
244
245
245
246
246
247
247
248
248
249
249
250
250
251
251
252
252
253
253
254
254
255
255
256
256
257
257
258
258
259
259
260
260
261
261
262
262
263
263
264
264
265
265
266
266
267
267
268
268
269
269
270
270
271
271
272
272
273
273
274
274
275
276
276
277
278
279
280
281
282
283
284
285
286
287
288
289
290
291
292
293
294
295
296
297
298
299
300
301
302
303
304
305
306
307
308
309
310
311
312
313
314
316
316
317
317
318
318
320
320
321
321
322
323
323
324
324
325
326
326
327
327
328
329
329
330
330
331
332
332
333
333
334
334
336
336
337
337
338
339
339
340
340
341
342
342
343
343
344
345
345
346
346
347
348
348
349
349
350
351
351
352
352
353
353
354
355
355
356
356
357
357
359
359
360
360
361
362
362
363
363
364
365
365
366
366
367
368
368
369
369
370
371
371
372
372
373
374
374
375
375
376
377
377
378
378
379
380
380
381
381
382
383
383
384
384
385
386
386
387
387
388
389
390
193
194
195
235
275
315
0
3
6
9
12
15
18
21
24
27
30
33
37
1
4
7
10
13
16
19
22
25
28
31
34
38
41
44
47
50
53
56
2
5
8
11
14
17
20
23
26
29
32
35
39
42
45
48
51
54
57
60
63
66
69
72
36
40
43
46
49
52
55
58
61
64
67
70
73
59
62
65
68
71
74
75
0
3
6
9
12
15
18
21
24
27
30
33
37
1
4
7
10
13
16
19
22
25
28
31
34
38
41
44
47
50
53
56
2
5
8
11
14
17
20
23
26
29
32
35
39
42
45
48
51
54
57
60
63
66
69
72
36
40
43
46
49
52
55
58
61
64
67
70
73
59
62
65
68
71
74
75
76
79
82
85
88
91
94
97
100
103
106
109
112
115
118
121
124
127
130
133
136
139
142
145
148
151
154
157
160
163
166
169
172
175
178
181
184
187
190
193
77
80
83
86
89
92
95
98
101
104
107
110
113
116
119
122
125
128
131
134
137
140
143
146
149
152
155
158
161
164
167
170
173
176
179
182
185
188
191
194
78
81
84
87
90
93
96
99
102
105
108
111
114
117
120
123
126
129
132
135
138
141
144
147
150
153
156
159
162
165
168
171
174
177
180
183
186
189
192
195
76
79
82
85
88
91
94
97
100
103
106
109
112
115
118
121
124
127
130
133
136
139
142
145
148
151
154
157
160
163
166
169
172
175
178
181
184
187
190
193
77
80
83
86
89
92
95
98
101
104
107
110
113
116
119
122
125
128
131
134
137
140
143
146
149
152
155
158
161
164
167
170
173
176
179
182
185
188
191
194
78
81
84
87
90
93
96
99
102
105
108
111
114
117
120
123
126
129
132
135
138
141
144
147
150
153
156
159
162
165
168
171
174
177
180
183
186
189
192
195
196
236
276
197
237
277
198
238
278
199
239
279
200
240
280
201
241
281
202
242
282
203
243
283
204
244
284
205
245
285
206
246
286
207
247
287
208
248
288
209
249
289
210
250
290
211
251
291
212
252
292
213
253
293
214
254
294
215
255
295
216
256
296
217
257
297
218
258
298
219
259
299
220
260
300
221
261
301
222
262
302
223
263
303
224
264
304
225
265
305
226
266
306
227
267
307
228
268
308
229
269
309
230
270
310
231
271
311
232
272
312
233
273
313
234
274
314
235
275
315
196
236
276
197
237
277
198
238
278
199
239
279
200
240
280
201
241
281
202
242
282
203
243
283
204
244
284
205
245
285
206
246
286
207
247
287
208
248
288
209
249
289
210
250
290
211
251
291
212
252
292
213
253
293
214
254
294
215
255
295
216
256
296
217
257
297
218
258
298
219
259
299
220
260
300
221
261
301
222
262
302
223
263
303
224
264
304
225
265
305
226
266
306
227
267
307
228
268
308
229
269
309
230
270
310
231
271
311
232
272
312
233
273
313
234
274
314
235
275
315
351
355
359
362
365
368
371
374
377
380
383
386
389
332
336
339
342
345
348
352
356
360
363
366
369
372
375
378
381
384
387
390
316
320
323
326
329
333
337
340
343
346
349
353
357
361
364
367
370
373
376
379
382
385
388
391
317
321
324
327
330
334
338
341
344
347
350
354
358
318
322
325
328
331
335
319
351
355
359
362
365
368
371
374
377
380
383
386
389
332
336
339
342
345
348
352
356
360
363
366
369
372
375
378
381
384
387
390
316
320
323
326
329
333
337
340
343
346
349
353
357
361
364
367
370
373
376
379
382
385
388
391
317
321
324
327
330
334
338
341
344
347
350
354
358
318
322
325
328
331
335
319
0
3
6
9
12
15
18
21
24
27
30
33
37
37
41
44
47
50
53
56
56
60
63
66
69
72
72
76
79
82
85
88
91
94
97
100
103
106
109
112
115
118
121
124
127
130
133
136
139
142
145
148
151
154
157
160
163
166
169
172
175
178
181
184
187
190
193
196
316
197
198
199
200
201
202
203
204
205
206
207
208
209
210
211
212
213
214
215
216
217
218
219
220
221
222
223
224
225
226
227
228
229
230
231
232
233
234
235
316
320
323
326
329
332
332
336
339
342
345
348
351
351
355
359
362
365
368
371
374
377
380
383
386
389
2
5
8
11
14
17
20
23
26
29
32
36
36
40
43
46
49
52
55
59
59
62
65
68
71
75
75
78
81
84
87
90
93
96
99
102
105
108
111
114
117
120
123
126
129
132
135
138
141
144
147
150
153
156
159
162
165
168
171
174
177
180
183
186
189
192
195
276
277
278
279
280
281
282
283
284
285
286
287
288
289
290
291
292
293
294
295
296
297
298
299
300
301
302
303
304
305
306
307
308
309
310
311
312
313
314
315
319
319
322
325
328
331
335
335
338
341
344
347
350
354
358
358
361
364
367
370
373
376
379
382
385
388
391
)


// ************************************************************************* //
