/*--------------------------------*- C++ -*----------------------------------*\
  =========                 |
  \\      /  F ield         | OpenFOAM: The Open Source CFD Toolbox
   \\    /   O peration     | Website:  https://openfoam.org
    \\  /    A nd           | Version:  7
     \\/     M anipulation  |
\*---------------------------------------------------------------------------*/
FoamFile
{
    version     2.0;
    format      ascii;
    class       surfaceScalarField;
    location    "30";
    object      phi;
}
// * * * * * * * * * * * * * * * * * * * * * * * * * * * * * * * * * * * * * //

dimensions      [0 3 -1 0 0 0 0];

internalField   nonuniform List<scalar> 
231
(
-0.00479807
-0.00115618
-0.00119274
-0.00110382
-0.00419535
-0.00110902
-0.0039809
-0.00110357
-0.00377621
-0.000978013
-0.00350061
-0.00108771
-0.00357919
-0.000949678
-0.00331866
-0.00106145
-0.00338883
-0.00091109
-0.00314281
-0.00102496
-0.00320479
-0.000862558
-0.00297281
-0.000978509
-0.00302686
-0.000922425
-0.00285479
-0.000857038
-0.0026882
-0.000782702
-0.00252632
-0.00256381
-0.000699831
-0.00236736
-0.000826021
-0.00240013
-0.000736768
-0.00223958
-0.000639878
-0.00207836
-0.00210797
-0.000668766
-0.00194582
-0.000559609
-0.0017763
-0.00180979
-0.000581238
-0.00164055
-0.00167053
-0.000601097
-0.00150164
-0.00047739
-0.00131732
-0.00135985
-0.0004911
-0.00117827
-0.00121548
-0.000503306
-0.0010367
-0.0010688
-0.000370233
-0.000837611
-0.000514002
-0.000892928
-0.00037753
-0.000701458
-0.000747276
-0.000383622
-0.000563574
-0.000600054
-0.000388504
-0.000424304
-0.000451576
-0.000392173
-0.000283995
-0.000302157
-0.000394627
-0.000142992
-0.000152107
-0.000395863
-1.63811e-06
-1.74081e-06
-0.000395882
0.000139721
0.000148631
-0.000394682
0.00028074
0.000298694
-0.000392265
0.000421076
0.000448138
-0.000388632
0.000560382
0.000596649
-0.000383787
0.000698314
0.000743915
-0.000377731
0.000834525
0.000889621
-0.000370471
-0.000514303
0.00103345
0.00106544
-0.000503653
0.0011751
0.00121218
-0.000491492
0.00131423
0.00135663
-0.000477827
0.0014985
-0.000601674
0.00163752
0.00166741
-0.000581867
0.00177338
0.00180676
-0.000560287
0.00194291
-0.000669613
0.00207558
0.00210512
-0.000640778
0.00223685
-0.000737857
0.0023975
-0.000827316
0.00252384
0.00256129
-0.000784049
0.00268585
-0.00085861
0.0028526
-0.000924241
0.00302486
-0.000980588
0.00314104
0.00320303
-0.000913185
-0.00102732
0.00331716
0.00338736
-0.000952028
-0.0010641
0.00349943
0.00357808
-0.000980616
-0.00109064
0.00377555
-0.00110676
0.00398076
-0.00111241
0.00419583
-0.00110735
-0.00121697
0.00455355
-0.00119667
0.00480053
-0.00130589
-0.00115993
-0.00124636
-0.00127407
-0.0200353
-0.00127724
-0.0202157
-0.00125771
-0.0203603
-0.00122665
-0.0203949
-0.00117897
-0.0205015
-0.00111474
-0.0205461
-0.00105139
-0.0204869
-0.000991618
-0.0204575
-0.0205434
-0.00141271
-0.00141004
-0.00138422
-0.00134707
-0.00129288
-0.00122007
-0.00114824
-0.00108233
-0.00100163
-0.000904947
-0.000808665
-0.00072122
-0.00063963
-0.000551969
-0.000451893
-0.000357313
-0.000273102
-0.000185164
-8.55901e-05
-0.00139302
0.0198124
-0.00141411
0.0200655
-0.00140967
0.0202509
-0.00138626
0.0203634
-0.00134021
0.0204756
-0.00127476
0.0205311
-0.00120717
0.0204786
-0.00113982
-0.0010598
-0.000981586
-0.000900647
-0.000823441
-0.000746231
-0.000656692
-0.000556969
-0.000460678
-0.000376068
-0.000288915
-0.000186964
-8.60777e-05
-0.00124926
-0.00127497
-0.00127651
-0.00125844
-0.00121882
-0.00116181
)
;

boundaryField
{
    inlet
    {
        type            calculated;
        value           nonuniform 0();
    }
    outlet
    {
        type            calculated;
        value           nonuniform 0();
    }
    cylinder
    {
        type            calculated;
        value           nonuniform 0();
    }
    top
    {
        type            symmetryPlane;
        value           uniform 0;
    }
    bottom
    {
        type            symmetryPlane;
        value           uniform 0;
    }
    defaultFaces
    {
        type            empty;
        value           nonuniform 0();
    }
    procBoundary8to7
    {
        type            processor;
        value           nonuniform List<scalar> 
130
(
-0.00455195
-0.00468922
-0.0013016
-0.00121303
-0.00431237
-0.00121959
-0.00408478
-0.00121515
-0.00386933
-0.00120073
-0.00366319
-0.00117629
-0.00346435
-0.00114173
-0.00327206
-0.00109722
-0.00308608
-0.00104304
-0.00290624
-0.000979549
-0.00273228
-0.000907087
-0.000954529
-0.00243531
-0.000866914
-0.00226998
-0.000771479
-0.000803951
-0.00197279
-0.00069564
-0.000720491
-0.000743311
-0.00152832
-0.000619178
-0.000635474
-0.00064998
-0.000662688
-0.000920116
-0.000523183
-0.000530844
-0.000536981
-0.000541593
-0.000544676
-0.00054623
-0.000546253
-0.000544746
-0.000541709
-0.000537143
-0.000531052
-0.000523438
-0.000916691
-0.000663048
-0.000650395
-0.000635944
-0.000619702
-0.0015251
-0.000743982
-0.000721223
-0.000696431
-0.00196981
-0.000804921
-0.000772511
-0.00226721
-0.000868149
-0.00243262
-0.000955989
-0.000908608
-0.00272989
-0.000981319
-0.00290401
-0.00104508
-0.00308406
-0.00109955
-0.00327029
-0.00114439
-0.00346291
-0.00117927
-0.00366216
-0.00120403
-0.00386879
-0.00121873
-0.00408485
-0.00122339
-0.00431315
-0.00443982
-0.00133069
-0.00469131
-0.019791
0.00138949
-0.0200121
-0.0202184
-0.0203862
-0.0204321
-0.0205557
-0.0206189
-0.0205587
-0.0205235
-0.0206241
-0.0206522
-0.020576
-0.0204816
-0.0204223
-0.0204348
-0.0204886
-0.0203911
-0.0203236
-0.0203163
-0.0204157
-0.0202843
-0.0197253
-0.0200444
-0.0202554
-0.0203868
-0.0205216
-0.0205965
-0.0205462
-0.0205215
-0.0205844
-0.0204673
-0.0204977
-0.0204064
-0.0204185
-0.0204735
-0.020501
-0.0204453
-0.0203492
-0.0203676
-0.0204607
-0.0204341
-0.0203321
)
;
    }
    procBoundary8to9
    {
        type            processor;
        value           nonuniform List<scalar> 
138
(
0.00489952
0.00105473
0.00465811
0.00430002
0.00108658
0.00442158
0.000999152
0.00408702
0.0010029
0.00388397
0.00360721
0.000995816
0.00368889
0.000871406
0.00342752
0.000840814
0.00325392
0.000799976
0.00308616
0.000749209
0.000804404
0.00280826
0.000736974
0.00264834
0.00066068
0.00249108
0.000576104
0.000608988
0.00220717
0.000511073
0.000536217
0.00190861
0.000427306
0.000445485
0.000462183
0.00145354
0.00034117
0.000352047
0.000361737
0.000971686
0.000236159
0.000241377
0.000245737
0.000249234
0.000251864
0.000253623
0.00025451
0.000254523
0.000253662
0.000251929
0.000249326
0.000245855
0.00024152
0.000236327
0.000968669
0.00036201
0.000352355
0.000341513
0.00145055
0.000462662
0.000446006
0.000427867
0.0019058
0.000536942
0.00051184
0.00220452
0.000609935
0.00236478
0.00070097
0.000661863
0.00264603
0.000738364
0.0028061
0.000806015
0.00297082
0.000864405
0.000801834
0.00325239
0.0008429
0.00342628
0.000873719
0.00360633
0.00368811
0.000998651
0.00388366
0.00100593
0.00408725
0.00100232
0.00430086
0.00442276
0.00109015
0.00466008
0.00105819
0.00490227
0.0198812
0.020063
0.0202189
0.0203408
0.0203639
0.0204538
0.0204819
0.0204235
0.0203978
0.0204692
-0.000917447
0.0205556
0.0204797
0.0203942
0.0203407
0.0203472
0.0203885
0.0202966
0.0202394
0.0202284
0.0203161
0.0201987
0.0204542
0.0205044
0.020389
0.0204168
0.0203292
0.0203412
0.020384
0.0204012
0.020349
0.0202646
0.0202805
0.0203587
0.0203332
0.020246
0.0199017
0.0200912
0.0202525
0.0203454
0.0204359
0.020474
-0.00110274
0.0204195
)
;
    }
}


// ************************************************************************* //
