/*--------------------------------*- C++ -*----------------------------------*\
  =========                 |
  \\      /  F ield         | OpenFOAM: The Open Source CFD Toolbox
   \\    /   O peration     | Website:  https://openfoam.org
    \\  /    A nd           | Version:  7
     \\/     M anipulation  |
\*---------------------------------------------------------------------------*/
FoamFile
{
    version     2.0;
    format      ascii;
    class       vectorField;
    location    "constant/polyMesh";
    object      points;
}
// * * * * * * * * * * * * * * * * * * * * * * * * * * * * * * * * * * * * * //


2240
(
(6.625 0 -0.05)
(6.6625 0 -0.05)
(6.7 0 -0.05)
(6.7375 0 -0.05)
(6.775 0 -0.05)
(6.8125 0 -0.05)
(6.624871497 0.02454774684 -0.05)
(6.662372925 0.0245368855 -0.05)
(6.699874352 0.02452602415 -0.05)
(6.73737578 0.02451516281 -0.05)
(6.774877208 0.02450430147 -0.05)
(6.812378636 0.02449344013 -0.05)
(6.624486075 0.04908876604 -0.05)
(6.661991786 0.0490671181 -0.05)
(6.699497496 0.04904547017 -0.05)
(6.737003206 0.04902382224 -0.05)
(6.774508916 0.0490021743 -0.05)
(6.812014627 0.04898052637 -0.05)
(6.623844 0.07361633456 -0.05)
(6.661356844 0.07358404949 -0.05)
(6.698869689 0.07355176442 -0.05)
(6.736382533 0.07351947934 -0.05)
(6.773895378 0.07348719427 -0.05)
(6.811408222 0.0734549092 -0.05)
(6.62294571 0.09812373861 -0.05)
(6.660468536 0.09808104044 -0.05)
(6.697991361 0.09803834228 -0.05)
(6.735514187 0.09799564412 -0.05)
(6.773037012 0.09795294596 -0.05)
(6.810559837 0.09791024779 -0.05)
(6.848082663 0.09786754963 -0.05)
(6.621791822 0.1226042782 -0.05)
(6.659327469 0.1225514654 -0.05)
(6.696863115 0.1224986527 -0.05)
(6.734398762 0.1224458399 -0.05)
(6.771934408 0.1223930271 -0.05)
(6.809470055 0.1223402144 -0.05)
(6.847005701 0.1222874016 -0.05)
(6.620383127 0.1470512717 -0.05)
(6.657934426 0.1469887171 -0.05)
(6.695485724 0.1469261625 -0.05)
(6.733037023 0.1468636078 -0.05)
(6.770588321 0.1468010532 -0.05)
(6.80813962 0.1467384986 -0.05)
(6.845690919 0.146675944 -0.05)
(6.61872059 0.1714580606 -0.05)
(6.656290361 0.1713862108 -0.05)
(6.693860132 0.1713143611 -0.05)
(6.731429903 0.1712425113 -0.05)
(6.768999674 0.1711706615 -0.05)
(6.806569446 0.1710988118 -0.05)
(6.844139217 0.171026962 -0.05)
(6.616805349 0.1958180138 -0.05)
(6.654396401 0.1957373893 -0.05)
(6.691987453 0.1956567648 -0.05)
(6.729578504 0.1955761403 -0.05)
(6.767169556 0.1954955158 -0.05)
(6.804760608 0.1954148912 -0.05)
(6.842351659 0.1953342667 -0.05)
(6.614638719 0.2201245324 -0.05)
(6.652253845 0.2200357269 -0.05)
(6.68986897 0.2199469213 -0.05)
(6.727484095 0.2198581158 -0.05)
(6.765099221 0.2197693102 -0.05)
(6.802714346 0.2196805047 -0.05)
(6.840329471 0.2195916992 -0.05)
(6.612222184 0.2443710541 -0.05)
(6.64986416 0.2442747341 -0.05)
(6.687506135 0.2441784142 -0.05)
(6.725148111 0.2440820943 -0.05)
(6.762790087 0.2439857743 -0.05)
(6.800432063 0.2438894544 -0.05)
(6.838074038 0.2437931345 -0.05)
(6.6095574 0.2685510576 -0.05)
(6.647228984 0.2684479624 -0.05)
(6.684900568 0.2683448671 -0.05)
(6.722572153 0.2682417719 -0.05)
(6.760243737 0.2681386767 -0.05)
(6.797915322 0.2680355814 -0.05)
(6.835586906 0.2679324862 -0.05)
(6.606646193 0.2926580675 -0.05)
(6.644350124 0.292549008 -0.05)
(6.682054055 0.2924399485 -0.05)
(6.719757986 0.292330889 -0.05)
(6.757461917 0.2922218294 -0.05)
(6.795165849 0.2921127699 -0.05)
(6.83286978 0.2920037104 -0.05)
(6.641229552 0.3165715167 -0.05)
(6.678968546 0.3164573753 -0.05)
(6.716707539 0.316343234 -0.05)
(6.754446533 0.3162290927 -0.05)
(6.792185527 0.3161149513 -0.05)
(6.829924521 0.31600081 -0.05)
(6.637869407 0.3405091882 -0.05)
(6.675646155 0.3403909182 -0.05)
(6.713422904 0.3402726483 -0.05)
(6.751199652 0.3401543784 -0.05)
(6.7889764 0.3400361084 -0.05)
(6.826753148 0.3399178385 -0.05)
(6.634271992 0.3643557802 -0.05)
(6.672089161 0.364234405 -0.05)
(6.709906329 0.3641130299 -0.05)
(6.747723498 0.3639916547 -0.05)
(6.785540667 0.3638702795 -0.05)
(6.823357835 0.3637489043 -0.05)
(6.630439773 0.388105113 -0.05)
(6.6683 0.3879817254 -0.05)
(6.706160227 0.3878583378 -0.05)
(6.744020455 0.3877349502 -0.05)
(6.781880682 0.3876115626 -0.05)
(6.819740909 0.387488175 -0.05)
(6.626375375 0.4117510734 -0.05)
(6.66428127 0.4116268349 -0.05)
(6.702187165 0.4115025963 -0.05)
(6.740093059 0.4113783578 -0.05)
(6.777998954 0.4112541192 -0.05)
(6.815904848 0.4111298806 -0.05)
(6.622081585 0.4352876192 -0.05)
(6.660035724 0.4351637591 -0.05)
(6.697989864 0.4350398989 -0.05)
(6.735944003 0.4349160388 -0.05)
(6.773898143 0.4347921787 -0.05)
(6.811852282 0.4346683186 -0.05)
(6.849806422 0.4345444584 -0.05)
(6.617561345 0.458708783 -0.05)
(6.655566274 0.4585865977 -0.05)
(6.693571202 0.4584644124 -0.05)
(6.731576131 0.4583422272 -0.05)
(6.76958106 0.4582200419 -0.05)
(6.807585988 0.4580978566 -0.05)
(6.845590917 0.4579756713 -0.05)
(6.612817753 0.4820086765 -0.05)
(6.65087598 0.4818895287 -0.05)
(6.688934208 0.4817703809 -0.05)
(6.726992435 0.4816512331 -0.05)
(6.765050663 0.4815320852 -0.05)
(6.80310889 0.4814129374 -0.05)
(6.841167118 0.4812937896 -0.05)
(6.60785406 0.5051814948 -0.05)
(6.645968059 0.5050668122 -0.05)
(6.684082059 0.5049521297 -0.05)
(6.722196058 0.5048374471 -0.05)
(6.760310057 0.5047227645 -0.05)
(6.798424057 0.504608082 -0.05)
(6.836538056 0.5044933994 -0.05)
(6.640845874 0.5281127945 -0.05)
(6.67901808 0.5280040692 -0.05)
(6.717190286 0.527895344 -0.05)
(6.755362492 0.5277866187 -0.05)
(6.793534698 0.5276778935 -0.05)
(6.831706904 0.5275691682 -0.05)
(6.635512935 0.5510219117 -0.05)
(6.673745742 0.550920699 -0.05)
(6.71197855 0.5508194863 -0.05)
(6.750211358 0.5507182737 -0.05)
(6.788444165 0.550617061 -0.05)
(6.826676973 0.5505158484 -0.05)
(6.629972897 0.5737886938 -0.05)
(6.66826866 0.5736966111 -0.05)
(6.706564422 0.5736045285 -0.05)
(6.744860185 0.5735124459 -0.05)
(6.783155947 0.5734203633 -0.05)
(6.82145171 0.5733282807 -0.05)
(6.624229557 0.5964077684 -0.05)
(6.662590585 0.5963264943 -0.05)
(6.700951613 0.5962452202 -0.05)
(6.739312641 0.5961639462 -0.05)
(6.777673668 0.5960826721 -0.05)
(6.816034696 0.596001398 -0.05)
(6.618286852 0.6188738643 -0.05)
(6.65671541 0.6188051371 -0.05)
(6.695143969 0.61873641 -0.05)
(6.733572527 0.6186676829 -0.05)
(6.772001086 0.6185989557 -0.05)
(6.810429644 0.6185302286 -0.05)
(6.848858203 0.6184615014 -0.05)
(6.612148853 0.6411818151 -0.05)
(6.650647162 0.641127432 -0.05)
(6.68914547 0.6410730489 -0.05)
(6.727643779 0.6410186658 -0.05)
(6.766142087 0.6409642827 -0.05)
(6.804640396 0.6409098996 -0.05)
(6.843138704 0.6408555165 -0.05)
(6.605819769 0.6633265629 -0.05)
(6.644389999 0.6632883784 -0.05)
(6.682960229 0.6632501939 -0.05)
(6.721530458 0.6632120094 -0.05)
(6.760100688 0.6631738249 -0.05)
(6.798670918 0.6631356404 -0.05)
(6.837241148 0.663097456 -0.05)
(6.637948209 0.6852830864 -0.05)
(6.676592482 0.6852630113 -0.05)
(6.715236756 0.6852429362 -0.05)
(6.753881029 0.6852228611 -0.05)
(6.792525303 0.685202786 -0.05)
(6.831169576 0.685182711 -0.05)
(6.631326208 0.70710678 -0.05)
(6.670046596 0.70710678 -0.05)
(6.708766985 0.70710678 -0.05)
(6.747487373 0.70710678 -0.05)
(6.786207761 0.70710678 -0.05)
(6.82492815 0.70710678 -0.05)
(6.625 0 0.05)
(6.6625 0 0.05)
(6.7 0 0.05)
(6.7375 0 0.05)
(6.775 0 0.05)
(6.8125 0 0.05)
(6.624871497 0.02454774684 0.05)
(6.662372925 0.0245368855 0.05)
(6.699874352 0.02452602415 0.05)
(6.73737578 0.02451516281 0.05)
(6.774877208 0.02450430147 0.05)
(6.812378636 0.02449344013 0.05)
(6.624486075 0.04908876604 0.05)
(6.661991786 0.0490671181 0.05)
(6.699497496 0.04904547017 0.05)
(6.737003206 0.04902382224 0.05)
(6.774508916 0.0490021743 0.05)
(6.812014627 0.04898052637 0.05)
(6.623844 0.07361633456 0.05)
(6.661356844 0.07358404949 0.05)
(6.698869689 0.07355176442 0.05)
(6.736382533 0.07351947934 0.05)
(6.773895378 0.07348719427 0.05)
(6.811408222 0.0734549092 0.05)
(6.62294571 0.09812373861 0.05)
(6.660468536 0.09808104044 0.05)
(6.697991361 0.09803834228 0.05)
(6.735514187 0.09799564412 0.05)
(6.773037012 0.09795294596 0.05)
(6.810559837 0.09791024779 0.05)
(6.848082663 0.09786754963 0.05)
(6.621791822 0.1226042782 0.05)
(6.659327469 0.1225514654 0.05)
(6.696863115 0.1224986527 0.05)
(6.734398762 0.1224458399 0.05)
(6.771934408 0.1223930271 0.05)
(6.809470055 0.1223402144 0.05)
(6.847005701 0.1222874016 0.05)
(6.620383127 0.1470512717 0.05)
(6.657934426 0.1469887171 0.05)
(6.695485724 0.1469261625 0.05)
(6.733037023 0.1468636078 0.05)
(6.770588321 0.1468010532 0.05)
(6.80813962 0.1467384986 0.05)
(6.845690919 0.146675944 0.05)
(6.61872059 0.1714580606 0.05)
(6.656290361 0.1713862108 0.05)
(6.693860132 0.1713143611 0.05)
(6.731429903 0.1712425113 0.05)
(6.768999674 0.1711706615 0.05)
(6.806569446 0.1710988118 0.05)
(6.844139217 0.171026962 0.05)
(6.616805349 0.1958180138 0.05)
(6.654396401 0.1957373893 0.05)
(6.691987453 0.1956567648 0.05)
(6.729578504 0.1955761403 0.05)
(6.767169556 0.1954955158 0.05)
(6.804760608 0.1954148912 0.05)
(6.842351659 0.1953342667 0.05)
(6.614638719 0.2201245324 0.05)
(6.652253845 0.2200357269 0.05)
(6.68986897 0.2199469213 0.05)
(6.727484095 0.2198581158 0.05)
(6.765099221 0.2197693102 0.05)
(6.802714346 0.2196805047 0.05)
(6.840329471 0.2195916992 0.05)
(6.612222184 0.2443710541 0.05)
(6.64986416 0.2442747341 0.05)
(6.687506135 0.2441784142 0.05)
(6.725148111 0.2440820943 0.05)
(6.762790087 0.2439857743 0.05)
(6.800432063 0.2438894544 0.05)
(6.838074038 0.2437931345 0.05)
(6.6095574 0.2685510576 0.05)
(6.647228984 0.2684479624 0.05)
(6.684900568 0.2683448671 0.05)
(6.722572153 0.2682417719 0.05)
(6.760243737 0.2681386767 0.05)
(6.797915322 0.2680355814 0.05)
(6.835586906 0.2679324862 0.05)
(6.606646193 0.2926580675 0.05)
(6.644350124 0.292549008 0.05)
(6.682054055 0.2924399485 0.05)
(6.719757986 0.292330889 0.05)
(6.757461917 0.2922218294 0.05)
(6.795165849 0.2921127699 0.05)
(6.83286978 0.2920037104 0.05)
(6.641229552 0.3165715167 0.05)
(6.678968546 0.3164573753 0.05)
(6.716707539 0.316343234 0.05)
(6.754446533 0.3162290927 0.05)
(6.792185527 0.3161149513 0.05)
(6.829924521 0.31600081 0.05)
(6.637869407 0.3405091882 0.05)
(6.675646155 0.3403909182 0.05)
(6.713422904 0.3402726483 0.05)
(6.751199652 0.3401543784 0.05)
(6.7889764 0.3400361084 0.05)
(6.826753148 0.3399178385 0.05)
(6.634271992 0.3643557802 0.05)
(6.672089161 0.364234405 0.05)
(6.709906329 0.3641130299 0.05)
(6.747723498 0.3639916547 0.05)
(6.785540667 0.3638702795 0.05)
(6.823357835 0.3637489043 0.05)
(6.630439773 0.388105113 0.05)
(6.6683 0.3879817254 0.05)
(6.706160227 0.3878583378 0.05)
(6.744020455 0.3877349502 0.05)
(6.781880682 0.3876115626 0.05)
(6.819740909 0.387488175 0.05)
(6.626375375 0.4117510734 0.05)
(6.66428127 0.4116268349 0.05)
(6.702187165 0.4115025963 0.05)
(6.740093059 0.4113783578 0.05)
(6.777998954 0.4112541192 0.05)
(6.815904848 0.4111298806 0.05)
(6.622081585 0.4352876192 0.05)
(6.660035724 0.4351637591 0.05)
(6.697989864 0.4350398989 0.05)
(6.735944003 0.4349160388 0.05)
(6.773898143 0.4347921787 0.05)
(6.811852282 0.4346683186 0.05)
(6.849806422 0.4345444584 0.05)
(6.617561345 0.458708783 0.05)
(6.655566274 0.4585865977 0.05)
(6.693571202 0.4584644124 0.05)
(6.731576131 0.4583422272 0.05)
(6.76958106 0.4582200419 0.05)
(6.807585988 0.4580978566 0.05)
(6.845590917 0.4579756713 0.05)
(6.612817753 0.4820086765 0.05)
(6.65087598 0.4818895287 0.05)
(6.688934208 0.4817703809 0.05)
(6.726992435 0.4816512331 0.05)
(6.765050663 0.4815320852 0.05)
(6.80310889 0.4814129374 0.05)
(6.841167118 0.4812937896 0.05)
(6.60785406 0.5051814948 0.05)
(6.645968059 0.5050668122 0.05)
(6.684082059 0.5049521297 0.05)
(6.722196058 0.5048374471 0.05)
(6.760310057 0.5047227645 0.05)
(6.798424057 0.504608082 0.05)
(6.836538056 0.5044933994 0.05)
(6.640845874 0.5281127945 0.05)
(6.67901808 0.5280040692 0.05)
(6.717190286 0.527895344 0.05)
(6.755362492 0.5277866187 0.05)
(6.793534698 0.5276778935 0.05)
(6.831706904 0.5275691682 0.05)
(6.635512935 0.5510219117 0.05)
(6.673745742 0.550920699 0.05)
(6.71197855 0.5508194863 0.05)
(6.750211358 0.5507182737 0.05)
(6.788444165 0.550617061 0.05)
(6.826676973 0.5505158484 0.05)
(6.629972897 0.5737886938 0.05)
(6.66826866 0.5736966111 0.05)
(6.706564422 0.5736045285 0.05)
(6.744860185 0.5735124459 0.05)
(6.783155947 0.5734203633 0.05)
(6.82145171 0.5733282807 0.05)
(6.624229557 0.5964077684 0.05)
(6.662590585 0.5963264943 0.05)
(6.700951613 0.5962452202 0.05)
(6.739312641 0.5961639462 0.05)
(6.777673668 0.5960826721 0.05)
(6.816034696 0.596001398 0.05)
(6.618286852 0.6188738643 0.05)
(6.65671541 0.6188051371 0.05)
(6.695143969 0.61873641 0.05)
(6.733572527 0.6186676829 0.05)
(6.772001086 0.6185989557 0.05)
(6.810429644 0.6185302286 0.05)
(6.848858203 0.6184615014 0.05)
(6.612148853 0.6411818151 0.05)
(6.650647162 0.641127432 0.05)
(6.68914547 0.6410730489 0.05)
(6.727643779 0.6410186658 0.05)
(6.766142087 0.6409642827 0.05)
(6.804640396 0.6409098996 0.05)
(6.843138704 0.6408555165 0.05)
(6.605819769 0.6633265629 0.05)
(6.644389999 0.6632883784 0.05)
(6.682960229 0.6632501939 0.05)
(6.721530458 0.6632120094 0.05)
(6.760100688 0.6631738249 0.05)
(6.798670918 0.6631356404 0.05)
(6.837241148 0.663097456 0.05)
(6.637948209 0.6852830864 0.05)
(6.676592482 0.6852630113 0.05)
(6.715236756 0.6852429362 0.05)
(6.753881029 0.6852228611 0.05)
(6.792525303 0.685202786 0.05)
(6.831169576 0.685182711 0.05)
(6.631326208 0.70710678 0.05)
(6.670046596 0.70710678 0.05)
(6.708766985 0.70710678 0.05)
(6.747487373 0.70710678 0.05)
(6.786207761 0.70710678 0.05)
(6.82492815 0.70710678 0.05)
(6.631326208 0.7619883337 -0.05)
(6.670046596 0.7619883337 -0.05)
(6.708766985 0.7619883337 -0.05)
(6.747487373 0.7619883337 -0.05)
(6.786207761 0.7619883337 -0.05)
(6.82492815 0.7619883337 -0.05)
(6.631326208 0.8168698873 -0.05)
(6.670046596 0.8168698873 -0.05)
(6.708766985 0.8168698873 -0.05)
(6.747487373 0.8168698873 -0.05)
(6.786207761 0.8168698873 -0.05)
(6.82492815 0.8168698873 -0.05)
(6.631326208 0.871751441 -0.05)
(6.670046596 0.871751441 -0.05)
(6.708766985 0.871751441 -0.05)
(6.747487373 0.871751441 -0.05)
(6.786207761 0.871751441 -0.05)
(6.82492815 0.871751441 -0.05)
(6.631326208 0.9266329947 -0.05)
(6.670046596 0.9266329947 -0.05)
(6.708766985 0.9266329947 -0.05)
(6.747487373 0.9266329947 -0.05)
(6.786207761 0.9266329947 -0.05)
(6.82492815 0.9266329947 -0.05)
(6.631326208 0.9815145483 -0.05)
(6.670046596 0.9815145483 -0.05)
(6.708766985 0.9815145483 -0.05)
(6.747487373 0.9815145483 -0.05)
(6.786207761 0.9815145483 -0.05)
(6.82492815 0.9815145483 -0.05)
(6.631326208 1.036396102 -0.05)
(6.670046596 1.036396102 -0.05)
(6.708766985 1.036396102 -0.05)
(6.747487373 1.036396102 -0.05)
(6.786207761 1.036396102 -0.05)
(6.82492815 1.036396102 -0.05)
(6.631326208 1.091277656 -0.05)
(6.670046596 1.091277656 -0.05)
(6.708766985 1.091277656 -0.05)
(6.747487373 1.091277656 -0.05)
(6.786207761 1.091277656 -0.05)
(6.82492815 1.091277656 -0.05)
(6.631326208 1.146159209 -0.05)
(6.670046596 1.146159209 -0.05)
(6.708766985 1.146159209 -0.05)
(6.747487373 1.146159209 -0.05)
(6.786207761 1.146159209 -0.05)
(6.82492815 1.146159209 -0.05)
(6.631326208 1.201040763 -0.05)
(6.670046596 1.201040763 -0.05)
(6.708766985 1.201040763 -0.05)
(6.747487373 1.201040763 -0.05)
(6.786207761 1.201040763 -0.05)
(6.82492815 1.201040763 -0.05)
(6.631326208 1.255922317 -0.05)
(6.670046596 1.255922317 -0.05)
(6.708766985 1.255922317 -0.05)
(6.747487373 1.255922317 -0.05)
(6.786207761 1.255922317 -0.05)
(6.82492815 1.255922317 -0.05)
(6.631326208 1.31080387 -0.05)
(6.670046596 1.31080387 -0.05)
(6.708766985 1.31080387 -0.05)
(6.747487373 1.31080387 -0.05)
(6.786207761 1.31080387 -0.05)
(6.82492815 1.31080387 -0.05)
(6.631326208 1.365685424 -0.05)
(6.670046596 1.365685424 -0.05)
(6.708766985 1.365685424 -0.05)
(6.747487373 1.365685424 -0.05)
(6.786207761 1.365685424 -0.05)
(6.82492815 1.365685424 -0.05)
(6.631326208 1.420566978 -0.05)
(6.670046596 1.420566978 -0.05)
(6.708766985 1.420566978 -0.05)
(6.747487373 1.420566978 -0.05)
(6.786207761 1.420566978 -0.05)
(6.82492815 1.420566978 -0.05)
(6.631326208 1.475448531 -0.05)
(6.670046596 1.475448531 -0.05)
(6.708766985 1.475448531 -0.05)
(6.747487373 1.475448531 -0.05)
(6.786207761 1.475448531 -0.05)
(6.82492815 1.475448531 -0.05)
(6.631326208 1.530330085 -0.05)
(6.670046596 1.530330085 -0.05)
(6.708766985 1.530330085 -0.05)
(6.747487373 1.530330085 -0.05)
(6.786207761 1.530330085 -0.05)
(6.82492815 1.530330085 -0.05)
(6.631326208 1.585211639 -0.05)
(6.670046596 1.585211639 -0.05)
(6.708766985 1.585211639 -0.05)
(6.747487373 1.585211639 -0.05)
(6.786207761 1.585211639 -0.05)
(6.82492815 1.585211639 -0.05)
(6.631326208 1.640093192 -0.05)
(6.670046596 1.640093192 -0.05)
(6.708766985 1.640093192 -0.05)
(6.747487373 1.640093192 -0.05)
(6.786207761 1.640093192 -0.05)
(6.82492815 1.640093192 -0.05)
(6.631326208 1.694974746 -0.05)
(6.670046596 1.694974746 -0.05)
(6.708766985 1.694974746 -0.05)
(6.747487373 1.694974746 -0.05)
(6.786207761 1.694974746 -0.05)
(6.82492815 1.694974746 -0.05)
(6.631326208 1.7498563 -0.05)
(6.670046596 1.7498563 -0.05)
(6.708766985 1.7498563 -0.05)
(6.747487373 1.7498563 -0.05)
(6.786207761 1.7498563 -0.05)
(6.82492815 1.7498563 -0.05)
(6.631326208 1.804737853 -0.05)
(6.670046596 1.804737853 -0.05)
(6.708766985 1.804737853 -0.05)
(6.747487373 1.804737853 -0.05)
(6.786207761 1.804737853 -0.05)
(6.82492815 1.804737853 -0.05)
(6.631326208 1.859619407 -0.05)
(6.670046596 1.859619407 -0.05)
(6.708766985 1.859619407 -0.05)
(6.747487373 1.859619407 -0.05)
(6.786207761 1.859619407 -0.05)
(6.82492815 1.859619407 -0.05)
(6.631326208 1.914500961 -0.05)
(6.670046596 1.914500961 -0.05)
(6.708766985 1.914500961 -0.05)
(6.747487373 1.914500961 -0.05)
(6.786207761 1.914500961 -0.05)
(6.82492815 1.914500961 -0.05)
(6.631326208 1.969382514 -0.05)
(6.670046596 1.969382514 -0.05)
(6.708766985 1.969382514 -0.05)
(6.747487373 1.969382514 -0.05)
(6.786207761 1.969382514 -0.05)
(6.82492815 1.969382514 -0.05)
(6.631326208 2.024264068 -0.05)
(6.670046596 2.024264068 -0.05)
(6.708766985 2.024264068 -0.05)
(6.747487373 2.024264068 -0.05)
(6.786207761 2.024264068 -0.05)
(6.82492815 2.024264068 -0.05)
(6.631326208 2.079145622 -0.05)
(6.670046596 2.079145622 -0.05)
(6.708766985 2.079145622 -0.05)
(6.747487373 2.079145622 -0.05)
(6.786207761 2.079145622 -0.05)
(6.82492815 2.079145622 -0.05)
(6.631326208 2.134027175 -0.05)
(6.670046596 2.134027175 -0.05)
(6.708766985 2.134027175 -0.05)
(6.747487373 2.134027175 -0.05)
(6.786207761 2.134027175 -0.05)
(6.82492815 2.134027175 -0.05)
(6.631326208 2.188908729 -0.05)
(6.670046596 2.188908729 -0.05)
(6.708766985 2.188908729 -0.05)
(6.747487373 2.188908729 -0.05)
(6.786207761 2.188908729 -0.05)
(6.82492815 2.188908729 -0.05)
(6.631326208 2.243790283 -0.05)
(6.670046596 2.243790283 -0.05)
(6.708766985 2.243790283 -0.05)
(6.747487373 2.243790283 -0.05)
(6.786207761 2.243790283 -0.05)
(6.82492815 2.243790283 -0.05)
(6.631326208 2.298671836 -0.05)
(6.670046596 2.298671836 -0.05)
(6.708766985 2.298671836 -0.05)
(6.747487373 2.298671836 -0.05)
(6.786207761 2.298671836 -0.05)
(6.82492815 2.298671836 -0.05)
(6.631326208 2.35355339 -0.05)
(6.670046596 2.35355339 -0.05)
(6.708766985 2.35355339 -0.05)
(6.747487373 2.35355339 -0.05)
(6.786207761 2.35355339 -0.05)
(6.82492815 2.35355339 -0.05)
(6.631326208 2.408434944 -0.05)
(6.670046596 2.408434944 -0.05)
(6.708766985 2.408434944 -0.05)
(6.747487373 2.408434944 -0.05)
(6.786207761 2.408434944 -0.05)
(6.82492815 2.408434944 -0.05)
(6.631326208 2.463316497 -0.05)
(6.670046596 2.463316497 -0.05)
(6.708766985 2.463316497 -0.05)
(6.747487373 2.463316497 -0.05)
(6.786207761 2.463316497 -0.05)
(6.82492815 2.463316497 -0.05)
(6.631326208 2.518198051 -0.05)
(6.670046596 2.518198051 -0.05)
(6.708766985 2.518198051 -0.05)
(6.747487373 2.518198051 -0.05)
(6.786207761 2.518198051 -0.05)
(6.82492815 2.518198051 -0.05)
(6.631326208 2.573079605 -0.05)
(6.670046596 2.573079605 -0.05)
(6.708766985 2.573079605 -0.05)
(6.747487373 2.573079605 -0.05)
(6.786207761 2.573079605 -0.05)
(6.82492815 2.573079605 -0.05)
(6.631326208 2.627961158 -0.05)
(6.670046596 2.627961158 -0.05)
(6.708766985 2.627961158 -0.05)
(6.747487373 2.627961158 -0.05)
(6.786207761 2.627961158 -0.05)
(6.82492815 2.627961158 -0.05)
(6.631326208 2.682842712 -0.05)
(6.670046596 2.682842712 -0.05)
(6.708766985 2.682842712 -0.05)
(6.747487373 2.682842712 -0.05)
(6.786207761 2.682842712 -0.05)
(6.82492815 2.682842712 -0.05)
(6.631326208 2.737724266 -0.05)
(6.670046596 2.737724266 -0.05)
(6.708766985 2.737724266 -0.05)
(6.747487373 2.737724266 -0.05)
(6.786207761 2.737724266 -0.05)
(6.82492815 2.737724266 -0.05)
(6.631326208 2.792605819 -0.05)
(6.670046596 2.792605819 -0.05)
(6.708766985 2.792605819 -0.05)
(6.747487373 2.792605819 -0.05)
(6.786207761 2.792605819 -0.05)
(6.82492815 2.792605819 -0.05)
(6.631326208 2.847487373 -0.05)
(6.670046596 2.847487373 -0.05)
(6.708766985 2.847487373 -0.05)
(6.747487373 2.847487373 -0.05)
(6.786207761 2.847487373 -0.05)
(6.82492815 2.847487373 -0.05)
(6.631326208 2.902368927 -0.05)
(6.670046596 2.902368927 -0.05)
(6.708766985 2.902368927 -0.05)
(6.747487373 2.902368927 -0.05)
(6.786207761 2.902368927 -0.05)
(6.82492815 2.902368927 -0.05)
(6.631326208 2.95725048 -0.05)
(6.670046596 2.95725048 -0.05)
(6.708766985 2.95725048 -0.05)
(6.747487373 2.95725048 -0.05)
(6.786207761 2.95725048 -0.05)
(6.82492815 2.95725048 -0.05)
(6.631326208 3.012132034 -0.05)
(6.670046596 3.012132034 -0.05)
(6.708766985 3.012132034 -0.05)
(6.747487373 3.012132034 -0.05)
(6.786207761 3.012132034 -0.05)
(6.82492815 3.012132034 -0.05)
(6.631326208 3.067013588 -0.05)
(6.670046596 3.067013588 -0.05)
(6.708766985 3.067013588 -0.05)
(6.747487373 3.067013588 -0.05)
(6.786207761 3.067013588 -0.05)
(6.82492815 3.067013588 -0.05)
(6.631326208 3.121895141 -0.05)
(6.670046596 3.121895141 -0.05)
(6.708766985 3.121895141 -0.05)
(6.747487373 3.121895141 -0.05)
(6.786207761 3.121895141 -0.05)
(6.82492815 3.121895141 -0.05)
(6.631326208 3.176776695 -0.05)
(6.670046596 3.176776695 -0.05)
(6.708766985 3.176776695 -0.05)
(6.747487373 3.176776695 -0.05)
(6.786207761 3.176776695 -0.05)
(6.82492815 3.176776695 -0.05)
(6.631326208 3.231658249 -0.05)
(6.670046596 3.231658249 -0.05)
(6.708766985 3.231658249 -0.05)
(6.747487373 3.231658249 -0.05)
(6.786207761 3.231658249 -0.05)
(6.82492815 3.231658249 -0.05)
(6.631326208 3.286539802 -0.05)
(6.670046596 3.286539802 -0.05)
(6.708766985 3.286539802 -0.05)
(6.747487373 3.286539802 -0.05)
(6.786207761 3.286539802 -0.05)
(6.82492815 3.286539802 -0.05)
(6.631326208 3.341421356 -0.05)
(6.670046596 3.341421356 -0.05)
(6.708766985 3.341421356 -0.05)
(6.747487373 3.341421356 -0.05)
(6.786207761 3.341421356 -0.05)
(6.82492815 3.341421356 -0.05)
(6.631326208 3.39630291 -0.05)
(6.670046596 3.39630291 -0.05)
(6.708766985 3.39630291 -0.05)
(6.747487373 3.39630291 -0.05)
(6.786207761 3.39630291 -0.05)
(6.82492815 3.39630291 -0.05)
(6.631326208 3.451184463 -0.05)
(6.670046596 3.451184463 -0.05)
(6.708766985 3.451184463 -0.05)
(6.747487373 3.451184463 -0.05)
(6.786207761 3.451184463 -0.05)
(6.82492815 3.451184463 -0.05)
(6.631326208 3.506066017 -0.05)
(6.670046596 3.506066017 -0.05)
(6.708766985 3.506066017 -0.05)
(6.747487373 3.506066017 -0.05)
(6.786207761 3.506066017 -0.05)
(6.82492815 3.506066017 -0.05)
(6.631326208 3.560947571 -0.05)
(6.670046596 3.560947571 -0.05)
(6.708766985 3.560947571 -0.05)
(6.747487373 3.560947571 -0.05)
(6.786207761 3.560947571 -0.05)
(6.82492815 3.560947571 -0.05)
(6.631326208 3.615829124 -0.05)
(6.670046596 3.615829124 -0.05)
(6.708766985 3.615829124 -0.05)
(6.747487373 3.615829124 -0.05)
(6.786207761 3.615829124 -0.05)
(6.82492815 3.615829124 -0.05)
(6.631326208 3.670710678 -0.05)
(6.670046596 3.670710678 -0.05)
(6.708766985 3.670710678 -0.05)
(6.747487373 3.670710678 -0.05)
(6.786207761 3.670710678 -0.05)
(6.82492815 3.670710678 -0.05)
(6.631326208 3.725592232 -0.05)
(6.670046596 3.725592232 -0.05)
(6.708766985 3.725592232 -0.05)
(6.747487373 3.725592232 -0.05)
(6.786207761 3.725592232 -0.05)
(6.82492815 3.725592232 -0.05)
(6.631326208 3.780473785 -0.05)
(6.670046596 3.780473785 -0.05)
(6.708766985 3.780473785 -0.05)
(6.747487373 3.780473785 -0.05)
(6.786207761 3.780473785 -0.05)
(6.82492815 3.780473785 -0.05)
(6.631326208 3.835355339 -0.05)
(6.670046596 3.835355339 -0.05)
(6.708766985 3.835355339 -0.05)
(6.747487373 3.835355339 -0.05)
(6.786207761 3.835355339 -0.05)
(6.82492815 3.835355339 -0.05)
(6.631326208 3.890236893 -0.05)
(6.670046596 3.890236893 -0.05)
(6.708766985 3.890236893 -0.05)
(6.747487373 3.890236893 -0.05)
(6.786207761 3.890236893 -0.05)
(6.82492815 3.890236893 -0.05)
(6.631326208 3.945118446 -0.05)
(6.670046596 3.945118446 -0.05)
(6.708766985 3.945118446 -0.05)
(6.747487373 3.945118446 -0.05)
(6.786207761 3.945118446 -0.05)
(6.82492815 3.945118446 -0.05)
(6.631326208 4 -0.05)
(6.670046596 4 -0.05)
(6.708766985 4 -0.05)
(6.747487373 4 -0.05)
(6.786207761 4 -0.05)
(6.82492815 4 -0.05)
(6.631326208 0.7619883337 0.05)
(6.670046596 0.7619883337 0.05)
(6.708766985 0.7619883337 0.05)
(6.747487373 0.7619883337 0.05)
(6.786207761 0.7619883337 0.05)
(6.82492815 0.7619883337 0.05)
(6.631326208 0.8168698873 0.05)
(6.670046596 0.8168698873 0.05)
(6.708766985 0.8168698873 0.05)
(6.747487373 0.8168698873 0.05)
(6.786207761 0.8168698873 0.05)
(6.82492815 0.8168698873 0.05)
(6.631326208 0.871751441 0.05)
(6.670046596 0.871751441 0.05)
(6.708766985 0.871751441 0.05)
(6.747487373 0.871751441 0.05)
(6.786207761 0.871751441 0.05)
(6.82492815 0.871751441 0.05)
(6.631326208 0.9266329947 0.05)
(6.670046596 0.9266329947 0.05)
(6.708766985 0.9266329947 0.05)
(6.747487373 0.9266329947 0.05)
(6.786207761 0.9266329947 0.05)
(6.82492815 0.9266329947 0.05)
(6.631326208 0.9815145483 0.05)
(6.670046596 0.9815145483 0.05)
(6.708766985 0.9815145483 0.05)
(6.747487373 0.9815145483 0.05)
(6.786207761 0.9815145483 0.05)
(6.82492815 0.9815145483 0.05)
(6.631326208 1.036396102 0.05)
(6.670046596 1.036396102 0.05)
(6.708766985 1.036396102 0.05)
(6.747487373 1.036396102 0.05)
(6.786207761 1.036396102 0.05)
(6.82492815 1.036396102 0.05)
(6.631326208 1.091277656 0.05)
(6.670046596 1.091277656 0.05)
(6.708766985 1.091277656 0.05)
(6.747487373 1.091277656 0.05)
(6.786207761 1.091277656 0.05)
(6.82492815 1.091277656 0.05)
(6.631326208 1.146159209 0.05)
(6.670046596 1.146159209 0.05)
(6.708766985 1.146159209 0.05)
(6.747487373 1.146159209 0.05)
(6.786207761 1.146159209 0.05)
(6.82492815 1.146159209 0.05)
(6.631326208 1.201040763 0.05)
(6.670046596 1.201040763 0.05)
(6.708766985 1.201040763 0.05)
(6.747487373 1.201040763 0.05)
(6.786207761 1.201040763 0.05)
(6.82492815 1.201040763 0.05)
(6.631326208 1.255922317 0.05)
(6.670046596 1.255922317 0.05)
(6.708766985 1.255922317 0.05)
(6.747487373 1.255922317 0.05)
(6.786207761 1.255922317 0.05)
(6.82492815 1.255922317 0.05)
(6.631326208 1.31080387 0.05)
(6.670046596 1.31080387 0.05)
(6.708766985 1.31080387 0.05)
(6.747487373 1.31080387 0.05)
(6.786207761 1.31080387 0.05)
(6.82492815 1.31080387 0.05)
(6.631326208 1.365685424 0.05)
(6.670046596 1.365685424 0.05)
(6.708766985 1.365685424 0.05)
(6.747487373 1.365685424 0.05)
(6.786207761 1.365685424 0.05)
(6.82492815 1.365685424 0.05)
(6.631326208 1.420566978 0.05)
(6.670046596 1.420566978 0.05)
(6.708766985 1.420566978 0.05)
(6.747487373 1.420566978 0.05)
(6.786207761 1.420566978 0.05)
(6.82492815 1.420566978 0.05)
(6.631326208 1.475448531 0.05)
(6.670046596 1.475448531 0.05)
(6.708766985 1.475448531 0.05)
(6.747487373 1.475448531 0.05)
(6.786207761 1.475448531 0.05)
(6.82492815 1.475448531 0.05)
(6.631326208 1.530330085 0.05)
(6.670046596 1.530330085 0.05)
(6.708766985 1.530330085 0.05)
(6.747487373 1.530330085 0.05)
(6.786207761 1.530330085 0.05)
(6.82492815 1.530330085 0.05)
(6.631326208 1.585211639 0.05)
(6.670046596 1.585211639 0.05)
(6.708766985 1.585211639 0.05)
(6.747487373 1.585211639 0.05)
(6.786207761 1.585211639 0.05)
(6.82492815 1.585211639 0.05)
(6.631326208 1.640093192 0.05)
(6.670046596 1.640093192 0.05)
(6.708766985 1.640093192 0.05)
(6.747487373 1.640093192 0.05)
(6.786207761 1.640093192 0.05)
(6.82492815 1.640093192 0.05)
(6.631326208 1.694974746 0.05)
(6.670046596 1.694974746 0.05)
(6.708766985 1.694974746 0.05)
(6.747487373 1.694974746 0.05)
(6.786207761 1.694974746 0.05)
(6.82492815 1.694974746 0.05)
(6.631326208 1.7498563 0.05)
(6.670046596 1.7498563 0.05)
(6.708766985 1.7498563 0.05)
(6.747487373 1.7498563 0.05)
(6.786207761 1.7498563 0.05)
(6.82492815 1.7498563 0.05)
(6.631326208 1.804737853 0.05)
(6.670046596 1.804737853 0.05)
(6.708766985 1.804737853 0.05)
(6.747487373 1.804737853 0.05)
(6.786207761 1.804737853 0.05)
(6.82492815 1.804737853 0.05)
(6.631326208 1.859619407 0.05)
(6.670046596 1.859619407 0.05)
(6.708766985 1.859619407 0.05)
(6.747487373 1.859619407 0.05)
(6.786207761 1.859619407 0.05)
(6.82492815 1.859619407 0.05)
(6.631326208 1.914500961 0.05)
(6.670046596 1.914500961 0.05)
(6.708766985 1.914500961 0.05)
(6.747487373 1.914500961 0.05)
(6.786207761 1.914500961 0.05)
(6.82492815 1.914500961 0.05)
(6.631326208 1.969382514 0.05)
(6.670046596 1.969382514 0.05)
(6.708766985 1.969382514 0.05)
(6.747487373 1.969382514 0.05)
(6.786207761 1.969382514 0.05)
(6.82492815 1.969382514 0.05)
(6.631326208 2.024264068 0.05)
(6.670046596 2.024264068 0.05)
(6.708766985 2.024264068 0.05)
(6.747487373 2.024264068 0.05)
(6.786207761 2.024264068 0.05)
(6.82492815 2.024264068 0.05)
(6.631326208 2.079145622 0.05)
(6.670046596 2.079145622 0.05)
(6.708766985 2.079145622 0.05)
(6.747487373 2.079145622 0.05)
(6.786207761 2.079145622 0.05)
(6.82492815 2.079145622 0.05)
(6.631326208 2.134027175 0.05)
(6.670046596 2.134027175 0.05)
(6.708766985 2.134027175 0.05)
(6.747487373 2.134027175 0.05)
(6.786207761 2.134027175 0.05)
(6.82492815 2.134027175 0.05)
(6.631326208 2.188908729 0.05)
(6.670046596 2.188908729 0.05)
(6.708766985 2.188908729 0.05)
(6.747487373 2.188908729 0.05)
(6.786207761 2.188908729 0.05)
(6.82492815 2.188908729 0.05)
(6.631326208 2.243790283 0.05)
(6.670046596 2.243790283 0.05)
(6.708766985 2.243790283 0.05)
(6.747487373 2.243790283 0.05)
(6.786207761 2.243790283 0.05)
(6.82492815 2.243790283 0.05)
(6.631326208 2.298671836 0.05)
(6.670046596 2.298671836 0.05)
(6.708766985 2.298671836 0.05)
(6.747487373 2.298671836 0.05)
(6.786207761 2.298671836 0.05)
(6.82492815 2.298671836 0.05)
(6.631326208 2.35355339 0.05)
(6.670046596 2.35355339 0.05)
(6.708766985 2.35355339 0.05)
(6.747487373 2.35355339 0.05)
(6.786207761 2.35355339 0.05)
(6.82492815 2.35355339 0.05)
(6.631326208 2.408434944 0.05)
(6.670046596 2.408434944 0.05)
(6.708766985 2.408434944 0.05)
(6.747487373 2.408434944 0.05)
(6.786207761 2.408434944 0.05)
(6.82492815 2.408434944 0.05)
(6.631326208 2.463316497 0.05)
(6.670046596 2.463316497 0.05)
(6.708766985 2.463316497 0.05)
(6.747487373 2.463316497 0.05)
(6.786207761 2.463316497 0.05)
(6.82492815 2.463316497 0.05)
(6.631326208 2.518198051 0.05)
(6.670046596 2.518198051 0.05)
(6.708766985 2.518198051 0.05)
(6.747487373 2.518198051 0.05)
(6.786207761 2.518198051 0.05)
(6.82492815 2.518198051 0.05)
(6.631326208 2.573079605 0.05)
(6.670046596 2.573079605 0.05)
(6.708766985 2.573079605 0.05)
(6.747487373 2.573079605 0.05)
(6.786207761 2.573079605 0.05)
(6.82492815 2.573079605 0.05)
(6.631326208 2.627961158 0.05)
(6.670046596 2.627961158 0.05)
(6.708766985 2.627961158 0.05)
(6.747487373 2.627961158 0.05)
(6.786207761 2.627961158 0.05)
(6.82492815 2.627961158 0.05)
(6.631326208 2.682842712 0.05)
(6.670046596 2.682842712 0.05)
(6.708766985 2.682842712 0.05)
(6.747487373 2.682842712 0.05)
(6.786207761 2.682842712 0.05)
(6.82492815 2.682842712 0.05)
(6.631326208 2.737724266 0.05)
(6.670046596 2.737724266 0.05)
(6.708766985 2.737724266 0.05)
(6.747487373 2.737724266 0.05)
(6.786207761 2.737724266 0.05)
(6.82492815 2.737724266 0.05)
(6.631326208 2.792605819 0.05)
(6.670046596 2.792605819 0.05)
(6.708766985 2.792605819 0.05)
(6.747487373 2.792605819 0.05)
(6.786207761 2.792605819 0.05)
(6.82492815 2.792605819 0.05)
(6.631326208 2.847487373 0.05)
(6.670046596 2.847487373 0.05)
(6.708766985 2.847487373 0.05)
(6.747487373 2.847487373 0.05)
(6.786207761 2.847487373 0.05)
(6.82492815 2.847487373 0.05)
(6.631326208 2.902368927 0.05)
(6.670046596 2.902368927 0.05)
(6.708766985 2.902368927 0.05)
(6.747487373 2.902368927 0.05)
(6.786207761 2.902368927 0.05)
(6.82492815 2.902368927 0.05)
(6.631326208 2.95725048 0.05)
(6.670046596 2.95725048 0.05)
(6.708766985 2.95725048 0.05)
(6.747487373 2.95725048 0.05)
(6.786207761 2.95725048 0.05)
(6.82492815 2.95725048 0.05)
(6.631326208 3.012132034 0.05)
(6.670046596 3.012132034 0.05)
(6.708766985 3.012132034 0.05)
(6.747487373 3.012132034 0.05)
(6.786207761 3.012132034 0.05)
(6.82492815 3.012132034 0.05)
(6.631326208 3.067013588 0.05)
(6.670046596 3.067013588 0.05)
(6.708766985 3.067013588 0.05)
(6.747487373 3.067013588 0.05)
(6.786207761 3.067013588 0.05)
(6.82492815 3.067013588 0.05)
(6.631326208 3.121895141 0.05)
(6.670046596 3.121895141 0.05)
(6.708766985 3.121895141 0.05)
(6.747487373 3.121895141 0.05)
(6.786207761 3.121895141 0.05)
(6.82492815 3.121895141 0.05)
(6.631326208 3.176776695 0.05)
(6.670046596 3.176776695 0.05)
(6.708766985 3.176776695 0.05)
(6.747487373 3.176776695 0.05)
(6.786207761 3.176776695 0.05)
(6.82492815 3.176776695 0.05)
(6.631326208 3.231658249 0.05)
(6.670046596 3.231658249 0.05)
(6.708766985 3.231658249 0.05)
(6.747487373 3.231658249 0.05)
(6.786207761 3.231658249 0.05)
(6.82492815 3.231658249 0.05)
(6.631326208 3.286539802 0.05)
(6.670046596 3.286539802 0.05)
(6.708766985 3.286539802 0.05)
(6.747487373 3.286539802 0.05)
(6.786207761 3.286539802 0.05)
(6.82492815 3.286539802 0.05)
(6.631326208 3.341421356 0.05)
(6.670046596 3.341421356 0.05)
(6.708766985 3.341421356 0.05)
(6.747487373 3.341421356 0.05)
(6.786207761 3.341421356 0.05)
(6.82492815 3.341421356 0.05)
(6.631326208 3.39630291 0.05)
(6.670046596 3.39630291 0.05)
(6.708766985 3.39630291 0.05)
(6.747487373 3.39630291 0.05)
(6.786207761 3.39630291 0.05)
(6.82492815 3.39630291 0.05)
(6.631326208 3.451184463 0.05)
(6.670046596 3.451184463 0.05)
(6.708766985 3.451184463 0.05)
(6.747487373 3.451184463 0.05)
(6.786207761 3.451184463 0.05)
(6.82492815 3.451184463 0.05)
(6.631326208 3.506066017 0.05)
(6.670046596 3.506066017 0.05)
(6.708766985 3.506066017 0.05)
(6.747487373 3.506066017 0.05)
(6.786207761 3.506066017 0.05)
(6.82492815 3.506066017 0.05)
(6.631326208 3.560947571 0.05)
(6.670046596 3.560947571 0.05)
(6.708766985 3.560947571 0.05)
(6.747487373 3.560947571 0.05)
(6.786207761 3.560947571 0.05)
(6.82492815 3.560947571 0.05)
(6.631326208 3.615829124 0.05)
(6.670046596 3.615829124 0.05)
(6.708766985 3.615829124 0.05)
(6.747487373 3.615829124 0.05)
(6.786207761 3.615829124 0.05)
(6.82492815 3.615829124 0.05)
(6.631326208 3.670710678 0.05)
(6.670046596 3.670710678 0.05)
(6.708766985 3.670710678 0.05)
(6.747487373 3.670710678 0.05)
(6.786207761 3.670710678 0.05)
(6.82492815 3.670710678 0.05)
(6.631326208 3.725592232 0.05)
(6.670046596 3.725592232 0.05)
(6.708766985 3.725592232 0.05)
(6.747487373 3.725592232 0.05)
(6.786207761 3.725592232 0.05)
(6.82492815 3.725592232 0.05)
(6.631326208 3.780473785 0.05)
(6.670046596 3.780473785 0.05)
(6.708766985 3.780473785 0.05)
(6.747487373 3.780473785 0.05)
(6.786207761 3.780473785 0.05)
(6.82492815 3.780473785 0.05)
(6.631326208 3.835355339 0.05)
(6.670046596 3.835355339 0.05)
(6.708766985 3.835355339 0.05)
(6.747487373 3.835355339 0.05)
(6.786207761 3.835355339 0.05)
(6.82492815 3.835355339 0.05)
(6.631326208 3.890236893 0.05)
(6.670046596 3.890236893 0.05)
(6.708766985 3.890236893 0.05)
(6.747487373 3.890236893 0.05)
(6.786207761 3.890236893 0.05)
(6.82492815 3.890236893 0.05)
(6.631326208 3.945118446 0.05)
(6.670046596 3.945118446 0.05)
(6.708766985 3.945118446 0.05)
(6.747487373 3.945118446 0.05)
(6.786207761 3.945118446 0.05)
(6.82492815 3.945118446 0.05)
(6.631326208 4 0.05)
(6.670046596 4 0.05)
(6.708766985 4 0.05)
(6.747487373 4 0.05)
(6.786207761 4 0.05)
(6.82492815 4 0.05)
(6.631326208 -0.70710678 -0.05)
(6.631326208 -0.7619883337 -0.05)
(6.631326208 -0.8168698873 -0.05)
(6.631326208 -0.871751441 -0.05)
(6.631326208 -0.9266329947 -0.05)
(6.631326208 -0.9815145483 -0.05)
(6.631326208 -1.036396102 -0.05)
(6.631326208 -1.091277656 -0.05)
(6.631326208 -1.146159209 -0.05)
(6.631326208 -1.201040763 -0.05)
(6.631326208 -1.255922317 -0.05)
(6.631326208 -1.31080387 -0.05)
(6.631326208 -1.365685424 -0.05)
(6.631326208 -1.420566978 -0.05)
(6.631326208 -1.475448531 -0.05)
(6.631326208 -1.530330085 -0.05)
(6.631326208 -1.585211639 -0.05)
(6.631326208 -1.640093192 -0.05)
(6.631326208 -1.694974746 -0.05)
(6.631326208 -1.7498563 -0.05)
(6.631326208 -1.804737853 -0.05)
(6.631326208 -1.859619407 -0.05)
(6.631326208 -1.914500961 -0.05)
(6.631326208 -1.969382514 -0.05)
(6.631326208 -2.024264068 -0.05)
(6.631326208 -2.079145622 -0.05)
(6.631326208 -2.134027175 -0.05)
(6.631326208 -2.188908729 -0.05)
(6.631326208 -2.243790283 -0.05)
(6.631326208 -2.298671836 -0.05)
(6.631326208 -2.35355339 -0.05)
(6.631326208 -2.408434944 -0.05)
(6.631326208 -2.463316497 -0.05)
(6.631326208 -2.518198051 -0.05)
(6.631326208 -2.573079605 -0.05)
(6.631326208 -2.627961158 -0.05)
(6.631326208 -2.682842712 -0.05)
(6.631326208 -2.737724266 -0.05)
(6.631326208 -2.792605819 -0.05)
(6.631326208 -2.847487373 -0.05)
(6.631326208 -2.902368927 -0.05)
(6.631326208 -2.95725048 -0.05)
(6.631326208 -3.012132034 -0.05)
(6.631326208 -3.067013588 -0.05)
(6.631326208 -3.121895141 -0.05)
(6.631326208 -3.176776695 -0.05)
(6.631326208 -3.231658249 -0.05)
(6.631326208 -3.286539802 -0.05)
(6.631326208 -3.341421356 -0.05)
(6.631326208 -3.39630291 -0.05)
(6.631326208 -3.451184463 -0.05)
(6.631326208 -3.506066017 -0.05)
(6.631326208 -3.560947571 -0.05)
(6.631326208 -3.615829124 -0.05)
(6.631326208 -3.670710678 -0.05)
(6.631326208 -3.725592232 -0.05)
(6.631326208 -3.780473785 -0.05)
(6.631326208 -3.835355339 -0.05)
(6.631326208 -3.890236893 -0.05)
(6.631326208 -3.945118446 -0.05)
(6.631326208 -4 -0.05)
(6.670046596 -0.70710678 -0.05)
(6.670046596 -0.7619883337 -0.05)
(6.670046596 -0.8168698873 -0.05)
(6.670046596 -0.871751441 -0.05)
(6.670046596 -0.9266329947 -0.05)
(6.670046596 -0.9815145483 -0.05)
(6.670046596 -1.036396102 -0.05)
(6.670046596 -1.091277656 -0.05)
(6.670046596 -1.146159209 -0.05)
(6.670046596 -1.201040763 -0.05)
(6.670046596 -1.255922317 -0.05)
(6.670046596 -1.31080387 -0.05)
(6.670046596 -1.365685424 -0.05)
(6.670046596 -1.420566978 -0.05)
(6.670046596 -1.475448531 -0.05)
(6.670046596 -1.530330085 -0.05)
(6.670046596 -1.585211639 -0.05)
(6.670046596 -1.640093192 -0.05)
(6.670046596 -1.694974746 -0.05)
(6.670046596 -1.7498563 -0.05)
(6.670046596 -1.804737853 -0.05)
(6.670046596 -1.859619407 -0.05)
(6.670046596 -1.914500961 -0.05)
(6.670046596 -1.969382514 -0.05)
(6.670046596 -2.024264068 -0.05)
(6.670046596 -2.079145622 -0.05)
(6.670046596 -2.134027175 -0.05)
(6.670046596 -2.188908729 -0.05)
(6.670046596 -2.243790283 -0.05)
(6.670046596 -2.298671836 -0.05)
(6.670046596 -2.35355339 -0.05)
(6.670046596 -2.408434944 -0.05)
(6.670046596 -2.463316497 -0.05)
(6.670046596 -2.518198051 -0.05)
(6.670046596 -2.573079605 -0.05)
(6.670046596 -2.627961158 -0.05)
(6.670046596 -2.682842712 -0.05)
(6.670046596 -2.737724266 -0.05)
(6.670046596 -2.792605819 -0.05)
(6.670046596 -2.847487373 -0.05)
(6.670046596 -2.902368927 -0.05)
(6.670046596 -2.95725048 -0.05)
(6.670046596 -3.012132034 -0.05)
(6.670046596 -3.067013588 -0.05)
(6.670046596 -3.121895141 -0.05)
(6.670046596 -3.176776695 -0.05)
(6.670046596 -3.231658249 -0.05)
(6.670046596 -3.286539802 -0.05)
(6.670046596 -3.341421356 -0.05)
(6.670046596 -3.39630291 -0.05)
(6.670046596 -3.451184463 -0.05)
(6.670046596 -3.506066017 -0.05)
(6.670046596 -3.560947571 -0.05)
(6.670046596 -3.615829124 -0.05)
(6.670046596 -3.670710678 -0.05)
(6.670046596 -3.725592232 -0.05)
(6.670046596 -3.780473785 -0.05)
(6.670046596 -3.835355339 -0.05)
(6.670046596 -3.890236893 -0.05)
(6.670046596 -3.945118446 -0.05)
(6.670046596 -4 -0.05)
(6.708766985 -0.70710678 -0.05)
(6.708766985 -0.7619883337 -0.05)
(6.708766985 -0.8168698873 -0.05)
(6.708766985 -0.871751441 -0.05)
(6.708766985 -0.9266329947 -0.05)
(6.708766985 -0.9815145483 -0.05)
(6.708766985 -1.036396102 -0.05)
(6.708766985 -1.091277656 -0.05)
(6.708766985 -1.146159209 -0.05)
(6.708766985 -1.201040763 -0.05)
(6.708766985 -1.255922317 -0.05)
(6.708766985 -1.31080387 -0.05)
(6.708766985 -1.365685424 -0.05)
(6.708766985 -1.420566978 -0.05)
(6.708766985 -1.475448531 -0.05)
(6.708766985 -1.530330085 -0.05)
(6.708766985 -1.585211639 -0.05)
(6.708766985 -1.640093192 -0.05)
(6.708766985 -1.694974746 -0.05)
(6.708766985 -1.7498563 -0.05)
(6.708766985 -1.804737853 -0.05)
(6.708766985 -1.859619407 -0.05)
(6.708766985 -1.914500961 -0.05)
(6.708766985 -1.969382514 -0.05)
(6.708766985 -2.024264068 -0.05)
(6.708766985 -2.079145622 -0.05)
(6.708766985 -2.134027175 -0.05)
(6.708766985 -2.188908729 -0.05)
(6.708766985 -2.243790283 -0.05)
(6.708766985 -2.298671836 -0.05)
(6.708766985 -2.35355339 -0.05)
(6.708766985 -2.408434944 -0.05)
(6.708766985 -2.463316497 -0.05)
(6.708766985 -2.518198051 -0.05)
(6.708766985 -2.573079605 -0.05)
(6.708766985 -2.627961158 -0.05)
(6.708766985 -2.682842712 -0.05)
(6.708766985 -2.737724266 -0.05)
(6.708766985 -2.792605819 -0.05)
(6.708766985 -2.847487373 -0.05)
(6.708766985 -2.902368927 -0.05)
(6.708766985 -2.95725048 -0.05)
(6.708766985 -3.012132034 -0.05)
(6.708766985 -3.067013588 -0.05)
(6.708766985 -3.121895141 -0.05)
(6.708766985 -3.176776695 -0.05)
(6.708766985 -3.231658249 -0.05)
(6.708766985 -3.286539802 -0.05)
(6.708766985 -3.341421356 -0.05)
(6.708766985 -3.39630291 -0.05)
(6.708766985 -3.451184463 -0.05)
(6.708766985 -3.506066017 -0.05)
(6.708766985 -3.560947571 -0.05)
(6.708766985 -3.615829124 -0.05)
(6.708766985 -3.670710678 -0.05)
(6.708766985 -3.725592232 -0.05)
(6.708766985 -3.780473785 -0.05)
(6.708766985 -3.835355339 -0.05)
(6.708766985 -3.890236893 -0.05)
(6.708766985 -3.945118446 -0.05)
(6.708766985 -4 -0.05)
(6.747487373 -0.70710678 -0.05)
(6.747487373 -0.7619883337 -0.05)
(6.747487373 -0.8168698873 -0.05)
(6.747487373 -0.871751441 -0.05)
(6.747487373 -0.9266329947 -0.05)
(6.747487373 -0.9815145483 -0.05)
(6.747487373 -1.036396102 -0.05)
(6.747487373 -1.091277656 -0.05)
(6.747487373 -1.146159209 -0.05)
(6.747487373 -1.201040763 -0.05)
(6.747487373 -1.255922317 -0.05)
(6.747487373 -1.31080387 -0.05)
(6.747487373 -1.365685424 -0.05)
(6.747487373 -1.420566978 -0.05)
(6.747487373 -1.475448531 -0.05)
(6.747487373 -1.530330085 -0.05)
(6.747487373 -1.585211639 -0.05)
(6.747487373 -1.640093192 -0.05)
(6.747487373 -1.694974746 -0.05)
(6.747487373 -1.7498563 -0.05)
(6.747487373 -1.804737853 -0.05)
(6.747487373 -1.859619407 -0.05)
(6.747487373 -1.914500961 -0.05)
(6.747487373 -1.969382514 -0.05)
(6.747487373 -2.024264068 -0.05)
(6.747487373 -2.079145622 -0.05)
(6.747487373 -2.134027175 -0.05)
(6.747487373 -2.188908729 -0.05)
(6.747487373 -2.243790283 -0.05)
(6.747487373 -2.298671836 -0.05)
(6.747487373 -2.35355339 -0.05)
(6.747487373 -2.408434944 -0.05)
(6.747487373 -2.463316497 -0.05)
(6.747487373 -2.518198051 -0.05)
(6.747487373 -2.573079605 -0.05)
(6.747487373 -2.627961158 -0.05)
(6.747487373 -2.682842712 -0.05)
(6.747487373 -2.737724266 -0.05)
(6.747487373 -2.792605819 -0.05)
(6.747487373 -2.847487373 -0.05)
(6.747487373 -2.902368927 -0.05)
(6.747487373 -2.95725048 -0.05)
(6.747487373 -3.012132034 -0.05)
(6.747487373 -3.067013588 -0.05)
(6.747487373 -3.121895141 -0.05)
(6.747487373 -3.176776695 -0.05)
(6.747487373 -3.231658249 -0.05)
(6.747487373 -3.286539802 -0.05)
(6.747487373 -3.341421356 -0.05)
(6.747487373 -3.39630291 -0.05)
(6.747487373 -3.451184463 -0.05)
(6.747487373 -3.506066017 -0.05)
(6.747487373 -3.560947571 -0.05)
(6.747487373 -3.615829124 -0.05)
(6.747487373 -3.670710678 -0.05)
(6.747487373 -3.725592232 -0.05)
(6.747487373 -3.780473785 -0.05)
(6.747487373 -3.835355339 -0.05)
(6.747487373 -3.890236893 -0.05)
(6.747487373 -3.945118446 -0.05)
(6.747487373 -4 -0.05)
(6.786207761 -0.70710678 -0.05)
(6.786207761 -0.7619883337 -0.05)
(6.786207761 -0.8168698873 -0.05)
(6.786207761 -0.871751441 -0.05)
(6.786207761 -0.9266329947 -0.05)
(6.786207761 -0.9815145483 -0.05)
(6.786207761 -1.036396102 -0.05)
(6.786207761 -1.091277656 -0.05)
(6.786207761 -1.146159209 -0.05)
(6.786207761 -1.201040763 -0.05)
(6.786207761 -1.255922317 -0.05)
(6.786207761 -1.31080387 -0.05)
(6.786207761 -1.365685424 -0.05)
(6.786207761 -1.420566978 -0.05)
(6.786207761 -1.475448531 -0.05)
(6.786207761 -1.530330085 -0.05)
(6.786207761 -1.585211639 -0.05)
(6.786207761 -1.640093192 -0.05)
(6.786207761 -1.694974746 -0.05)
(6.786207761 -1.7498563 -0.05)
(6.786207761 -1.804737853 -0.05)
(6.786207761 -1.859619407 -0.05)
(6.786207761 -1.914500961 -0.05)
(6.786207761 -1.969382514 -0.05)
(6.786207761 -2.024264068 -0.05)
(6.786207761 -2.079145622 -0.05)
(6.786207761 -2.134027175 -0.05)
(6.786207761 -2.188908729 -0.05)
(6.786207761 -2.243790283 -0.05)
(6.786207761 -2.298671836 -0.05)
(6.786207761 -2.35355339 -0.05)
(6.786207761 -2.408434944 -0.05)
(6.786207761 -2.463316497 -0.05)
(6.786207761 -2.518198051 -0.05)
(6.786207761 -2.573079605 -0.05)
(6.786207761 -2.627961158 -0.05)
(6.786207761 -2.682842712 -0.05)
(6.786207761 -2.737724266 -0.05)
(6.786207761 -2.792605819 -0.05)
(6.786207761 -2.847487373 -0.05)
(6.786207761 -2.902368927 -0.05)
(6.786207761 -2.95725048 -0.05)
(6.786207761 -3.012132034 -0.05)
(6.786207761 -3.067013588 -0.05)
(6.786207761 -3.121895141 -0.05)
(6.786207761 -3.176776695 -0.05)
(6.786207761 -3.231658249 -0.05)
(6.786207761 -3.286539802 -0.05)
(6.786207761 -3.341421356 -0.05)
(6.786207761 -3.39630291 -0.05)
(6.786207761 -3.451184463 -0.05)
(6.786207761 -3.506066017 -0.05)
(6.786207761 -3.560947571 -0.05)
(6.786207761 -3.615829124 -0.05)
(6.786207761 -3.670710678 -0.05)
(6.786207761 -3.725592232 -0.05)
(6.786207761 -3.780473785 -0.05)
(6.786207761 -3.835355339 -0.05)
(6.786207761 -3.890236893 -0.05)
(6.786207761 -3.945118446 -0.05)
(6.786207761 -4 -0.05)
(6.82492815 -0.70710678 -0.05)
(6.82492815 -0.7619883337 -0.05)
(6.82492815 -0.8168698873 -0.05)
(6.82492815 -0.871751441 -0.05)
(6.82492815 -0.9266329947 -0.05)
(6.82492815 -0.9815145483 -0.05)
(6.82492815 -1.036396102 -0.05)
(6.82492815 -1.091277656 -0.05)
(6.82492815 -1.146159209 -0.05)
(6.82492815 -1.201040763 -0.05)
(6.82492815 -1.255922317 -0.05)
(6.82492815 -1.31080387 -0.05)
(6.82492815 -1.365685424 -0.05)
(6.82492815 -1.420566978 -0.05)
(6.82492815 -1.475448531 -0.05)
(6.82492815 -1.530330085 -0.05)
(6.82492815 -1.585211639 -0.05)
(6.82492815 -1.640093192 -0.05)
(6.82492815 -1.694974746 -0.05)
(6.82492815 -1.7498563 -0.05)
(6.82492815 -1.804737853 -0.05)
(6.82492815 -1.859619407 -0.05)
(6.82492815 -1.914500961 -0.05)
(6.82492815 -1.969382514 -0.05)
(6.82492815 -2.024264068 -0.05)
(6.82492815 -2.079145622 -0.05)
(6.82492815 -2.134027175 -0.05)
(6.82492815 -2.188908729 -0.05)
(6.82492815 -2.243790283 -0.05)
(6.82492815 -2.298671836 -0.05)
(6.82492815 -2.35355339 -0.05)
(6.82492815 -2.408434944 -0.05)
(6.82492815 -2.463316497 -0.05)
(6.82492815 -2.518198051 -0.05)
(6.82492815 -2.573079605 -0.05)
(6.82492815 -2.627961158 -0.05)
(6.82492815 -2.682842712 -0.05)
(6.82492815 -2.737724266 -0.05)
(6.82492815 -2.792605819 -0.05)
(6.82492815 -2.847487373 -0.05)
(6.82492815 -2.902368927 -0.05)
(6.82492815 -2.95725048 -0.05)
(6.82492815 -3.012132034 -0.05)
(6.82492815 -3.067013588 -0.05)
(6.82492815 -3.121895141 -0.05)
(6.82492815 -3.176776695 -0.05)
(6.82492815 -3.231658249 -0.05)
(6.82492815 -3.286539802 -0.05)
(6.82492815 -3.341421356 -0.05)
(6.82492815 -3.39630291 -0.05)
(6.82492815 -3.451184463 -0.05)
(6.82492815 -3.506066017 -0.05)
(6.82492815 -3.560947571 -0.05)
(6.82492815 -3.615829124 -0.05)
(6.82492815 -3.670710678 -0.05)
(6.82492815 -3.725592232 -0.05)
(6.82492815 -3.780473785 -0.05)
(6.82492815 -3.835355339 -0.05)
(6.82492815 -3.890236893 -0.05)
(6.82492815 -3.945118446 -0.05)
(6.82492815 -4 -0.05)
(6.631326208 -0.70710678 0.05)
(6.631326208 -0.7619883337 0.05)
(6.631326208 -0.8168698873 0.05)
(6.631326208 -0.871751441 0.05)
(6.631326208 -0.9266329947 0.05)
(6.631326208 -0.9815145483 0.05)
(6.631326208 -1.036396102 0.05)
(6.631326208 -1.091277656 0.05)
(6.631326208 -1.146159209 0.05)
(6.631326208 -1.201040763 0.05)
(6.631326208 -1.255922317 0.05)
(6.631326208 -1.31080387 0.05)
(6.631326208 -1.365685424 0.05)
(6.631326208 -1.420566978 0.05)
(6.631326208 -1.475448531 0.05)
(6.631326208 -1.530330085 0.05)
(6.631326208 -1.585211639 0.05)
(6.631326208 -1.640093192 0.05)
(6.631326208 -1.694974746 0.05)
(6.631326208 -1.7498563 0.05)
(6.631326208 -1.804737853 0.05)
(6.631326208 -1.859619407 0.05)
(6.631326208 -1.914500961 0.05)
(6.631326208 -1.969382514 0.05)
(6.631326208 -2.024264068 0.05)
(6.631326208 -2.079145622 0.05)
(6.631326208 -2.134027175 0.05)
(6.631326208 -2.188908729 0.05)
(6.631326208 -2.243790283 0.05)
(6.631326208 -2.298671836 0.05)
(6.631326208 -2.35355339 0.05)
(6.631326208 -2.408434944 0.05)
(6.631326208 -2.463316497 0.05)
(6.631326208 -2.518198051 0.05)
(6.631326208 -2.573079605 0.05)
(6.631326208 -2.627961158 0.05)
(6.631326208 -2.682842712 0.05)
(6.631326208 -2.737724266 0.05)
(6.631326208 -2.792605819 0.05)
(6.631326208 -2.847487373 0.05)
(6.631326208 -2.902368927 0.05)
(6.631326208 -2.95725048 0.05)
(6.631326208 -3.012132034 0.05)
(6.631326208 -3.067013588 0.05)
(6.631326208 -3.121895141 0.05)
(6.631326208 -3.176776695 0.05)
(6.631326208 -3.231658249 0.05)
(6.631326208 -3.286539802 0.05)
(6.631326208 -3.341421356 0.05)
(6.631326208 -3.39630291 0.05)
(6.631326208 -3.451184463 0.05)
(6.631326208 -3.506066017 0.05)
(6.631326208 -3.560947571 0.05)
(6.631326208 -3.615829124 0.05)
(6.631326208 -3.670710678 0.05)
(6.631326208 -3.725592232 0.05)
(6.631326208 -3.780473785 0.05)
(6.631326208 -3.835355339 0.05)
(6.631326208 -3.890236893 0.05)
(6.631326208 -3.945118446 0.05)
(6.631326208 -4 0.05)
(6.670046596 -0.70710678 0.05)
(6.670046596 -0.7619883337 0.05)
(6.670046596 -0.8168698873 0.05)
(6.670046596 -0.871751441 0.05)
(6.670046596 -0.9266329947 0.05)
(6.670046596 -0.9815145483 0.05)
(6.670046596 -1.036396102 0.05)
(6.670046596 -1.091277656 0.05)
(6.670046596 -1.146159209 0.05)
(6.670046596 -1.201040763 0.05)
(6.670046596 -1.255922317 0.05)
(6.670046596 -1.31080387 0.05)
(6.670046596 -1.365685424 0.05)
(6.670046596 -1.420566978 0.05)
(6.670046596 -1.475448531 0.05)
(6.670046596 -1.530330085 0.05)
(6.670046596 -1.585211639 0.05)
(6.670046596 -1.640093192 0.05)
(6.670046596 -1.694974746 0.05)
(6.670046596 -1.7498563 0.05)
(6.670046596 -1.804737853 0.05)
(6.670046596 -1.859619407 0.05)
(6.670046596 -1.914500961 0.05)
(6.670046596 -1.969382514 0.05)
(6.670046596 -2.024264068 0.05)
(6.670046596 -2.079145622 0.05)
(6.670046596 -2.134027175 0.05)
(6.670046596 -2.188908729 0.05)
(6.670046596 -2.243790283 0.05)
(6.670046596 -2.298671836 0.05)
(6.670046596 -2.35355339 0.05)
(6.670046596 -2.408434944 0.05)
(6.670046596 -2.463316497 0.05)
(6.670046596 -2.518198051 0.05)
(6.670046596 -2.573079605 0.05)
(6.670046596 -2.627961158 0.05)
(6.670046596 -2.682842712 0.05)
(6.670046596 -2.737724266 0.05)
(6.670046596 -2.792605819 0.05)
(6.670046596 -2.847487373 0.05)
(6.670046596 -2.902368927 0.05)
(6.670046596 -2.95725048 0.05)
(6.670046596 -3.012132034 0.05)
(6.670046596 -3.067013588 0.05)
(6.670046596 -3.121895141 0.05)
(6.670046596 -3.176776695 0.05)
(6.670046596 -3.231658249 0.05)
(6.670046596 -3.286539802 0.05)
(6.670046596 -3.341421356 0.05)
(6.670046596 -3.39630291 0.05)
(6.670046596 -3.451184463 0.05)
(6.670046596 -3.506066017 0.05)
(6.670046596 -3.560947571 0.05)
(6.670046596 -3.615829124 0.05)
(6.670046596 -3.670710678 0.05)
(6.670046596 -3.725592232 0.05)
(6.670046596 -3.780473785 0.05)
(6.670046596 -3.835355339 0.05)
(6.670046596 -3.890236893 0.05)
(6.670046596 -3.945118446 0.05)
(6.670046596 -4 0.05)
(6.708766985 -0.70710678 0.05)
(6.708766985 -0.7619883337 0.05)
(6.708766985 -0.8168698873 0.05)
(6.708766985 -0.871751441 0.05)
(6.708766985 -0.9266329947 0.05)
(6.708766985 -0.9815145483 0.05)
(6.708766985 -1.036396102 0.05)
(6.708766985 -1.091277656 0.05)
(6.708766985 -1.146159209 0.05)
(6.708766985 -1.201040763 0.05)
(6.708766985 -1.255922317 0.05)
(6.708766985 -1.31080387 0.05)
(6.708766985 -1.365685424 0.05)
(6.708766985 -1.420566978 0.05)
(6.708766985 -1.475448531 0.05)
(6.708766985 -1.530330085 0.05)
(6.708766985 -1.585211639 0.05)
(6.708766985 -1.640093192 0.05)
(6.708766985 -1.694974746 0.05)
(6.708766985 -1.7498563 0.05)
(6.708766985 -1.804737853 0.05)
(6.708766985 -1.859619407 0.05)
(6.708766985 -1.914500961 0.05)
(6.708766985 -1.969382514 0.05)
(6.708766985 -2.024264068 0.05)
(6.708766985 -2.079145622 0.05)
(6.708766985 -2.134027175 0.05)
(6.708766985 -2.188908729 0.05)
(6.708766985 -2.243790283 0.05)
(6.708766985 -2.298671836 0.05)
(6.708766985 -2.35355339 0.05)
(6.708766985 -2.408434944 0.05)
(6.708766985 -2.463316497 0.05)
(6.708766985 -2.518198051 0.05)
(6.708766985 -2.573079605 0.05)
(6.708766985 -2.627961158 0.05)
(6.708766985 -2.682842712 0.05)
(6.708766985 -2.737724266 0.05)
(6.708766985 -2.792605819 0.05)
(6.708766985 -2.847487373 0.05)
(6.708766985 -2.902368927 0.05)
(6.708766985 -2.95725048 0.05)
(6.708766985 -3.012132034 0.05)
(6.708766985 -3.067013588 0.05)
(6.708766985 -3.121895141 0.05)
(6.708766985 -3.176776695 0.05)
(6.708766985 -3.231658249 0.05)
(6.708766985 -3.286539802 0.05)
(6.708766985 -3.341421356 0.05)
(6.708766985 -3.39630291 0.05)
(6.708766985 -3.451184463 0.05)
(6.708766985 -3.506066017 0.05)
(6.708766985 -3.560947571 0.05)
(6.708766985 -3.615829124 0.05)
(6.708766985 -3.670710678 0.05)
(6.708766985 -3.725592232 0.05)
(6.708766985 -3.780473785 0.05)
(6.708766985 -3.835355339 0.05)
(6.708766985 -3.890236893 0.05)
(6.708766985 -3.945118446 0.05)
(6.708766985 -4 0.05)
(6.747487373 -0.70710678 0.05)
(6.747487373 -0.7619883337 0.05)
(6.747487373 -0.8168698873 0.05)
(6.747487373 -0.871751441 0.05)
(6.747487373 -0.9266329947 0.05)
(6.747487373 -0.9815145483 0.05)
(6.747487373 -1.036396102 0.05)
(6.747487373 -1.091277656 0.05)
(6.747487373 -1.146159209 0.05)
(6.747487373 -1.201040763 0.05)
(6.747487373 -1.255922317 0.05)
(6.747487373 -1.31080387 0.05)
(6.747487373 -1.365685424 0.05)
(6.747487373 -1.420566978 0.05)
(6.747487373 -1.475448531 0.05)
(6.747487373 -1.530330085 0.05)
(6.747487373 -1.585211639 0.05)
(6.747487373 -1.640093192 0.05)
(6.747487373 -1.694974746 0.05)
(6.747487373 -1.7498563 0.05)
(6.747487373 -1.804737853 0.05)
(6.747487373 -1.859619407 0.05)
(6.747487373 -1.914500961 0.05)
(6.747487373 -1.969382514 0.05)
(6.747487373 -2.024264068 0.05)
(6.747487373 -2.079145622 0.05)
(6.747487373 -2.134027175 0.05)
(6.747487373 -2.188908729 0.05)
(6.747487373 -2.243790283 0.05)
(6.747487373 -2.298671836 0.05)
(6.747487373 -2.35355339 0.05)
(6.747487373 -2.408434944 0.05)
(6.747487373 -2.463316497 0.05)
(6.747487373 -2.518198051 0.05)
(6.747487373 -2.573079605 0.05)
(6.747487373 -2.627961158 0.05)
(6.747487373 -2.682842712 0.05)
(6.747487373 -2.737724266 0.05)
(6.747487373 -2.792605819 0.05)
(6.747487373 -2.847487373 0.05)
(6.747487373 -2.902368927 0.05)
(6.747487373 -2.95725048 0.05)
(6.747487373 -3.012132034 0.05)
(6.747487373 -3.067013588 0.05)
(6.747487373 -3.121895141 0.05)
(6.747487373 -3.176776695 0.05)
(6.747487373 -3.231658249 0.05)
(6.747487373 -3.286539802 0.05)
(6.747487373 -3.341421356 0.05)
(6.747487373 -3.39630291 0.05)
(6.747487373 -3.451184463 0.05)
(6.747487373 -3.506066017 0.05)
(6.747487373 -3.560947571 0.05)
(6.747487373 -3.615829124 0.05)
(6.747487373 -3.670710678 0.05)
(6.747487373 -3.725592232 0.05)
(6.747487373 -3.780473785 0.05)
(6.747487373 -3.835355339 0.05)
(6.747487373 -3.890236893 0.05)
(6.747487373 -3.945118446 0.05)
(6.747487373 -4 0.05)
(6.786207761 -0.70710678 0.05)
(6.786207761 -0.7619883337 0.05)
(6.786207761 -0.8168698873 0.05)
(6.786207761 -0.871751441 0.05)
(6.786207761 -0.9266329947 0.05)
(6.786207761 -0.9815145483 0.05)
(6.786207761 -1.036396102 0.05)
(6.786207761 -1.091277656 0.05)
(6.786207761 -1.146159209 0.05)
(6.786207761 -1.201040763 0.05)
(6.786207761 -1.255922317 0.05)
(6.786207761 -1.31080387 0.05)
(6.786207761 -1.365685424 0.05)
(6.786207761 -1.420566978 0.05)
(6.786207761 -1.475448531 0.05)
(6.786207761 -1.530330085 0.05)
(6.786207761 -1.585211639 0.05)
(6.786207761 -1.640093192 0.05)
(6.786207761 -1.694974746 0.05)
(6.786207761 -1.7498563 0.05)
(6.786207761 -1.804737853 0.05)
(6.786207761 -1.859619407 0.05)
(6.786207761 -1.914500961 0.05)
(6.786207761 -1.969382514 0.05)
(6.786207761 -2.024264068 0.05)
(6.786207761 -2.079145622 0.05)
(6.786207761 -2.134027175 0.05)
(6.786207761 -2.188908729 0.05)
(6.786207761 -2.243790283 0.05)
(6.786207761 -2.298671836 0.05)
(6.786207761 -2.35355339 0.05)
(6.786207761 -2.408434944 0.05)
(6.786207761 -2.463316497 0.05)
(6.786207761 -2.518198051 0.05)
(6.786207761 -2.573079605 0.05)
(6.786207761 -2.627961158 0.05)
(6.786207761 -2.682842712 0.05)
(6.786207761 -2.737724266 0.05)
(6.786207761 -2.792605819 0.05)
(6.786207761 -2.847487373 0.05)
(6.786207761 -2.902368927 0.05)
(6.786207761 -2.95725048 0.05)
(6.786207761 -3.012132034 0.05)
(6.786207761 -3.067013588 0.05)
(6.786207761 -3.121895141 0.05)
(6.786207761 -3.176776695 0.05)
(6.786207761 -3.231658249 0.05)
(6.786207761 -3.286539802 0.05)
(6.786207761 -3.341421356 0.05)
(6.786207761 -3.39630291 0.05)
(6.786207761 -3.451184463 0.05)
(6.786207761 -3.506066017 0.05)
(6.786207761 -3.560947571 0.05)
(6.786207761 -3.615829124 0.05)
(6.786207761 -3.670710678 0.05)
(6.786207761 -3.725592232 0.05)
(6.786207761 -3.780473785 0.05)
(6.786207761 -3.835355339 0.05)
(6.786207761 -3.890236893 0.05)
(6.786207761 -3.945118446 0.05)
(6.786207761 -4 0.05)
(6.82492815 -0.70710678 0.05)
(6.82492815 -0.7619883337 0.05)
(6.82492815 -0.8168698873 0.05)
(6.82492815 -0.871751441 0.05)
(6.82492815 -0.9266329947 0.05)
(6.82492815 -0.9815145483 0.05)
(6.82492815 -1.036396102 0.05)
(6.82492815 -1.091277656 0.05)
(6.82492815 -1.146159209 0.05)
(6.82492815 -1.201040763 0.05)
(6.82492815 -1.255922317 0.05)
(6.82492815 -1.31080387 0.05)
(6.82492815 -1.365685424 0.05)
(6.82492815 -1.420566978 0.05)
(6.82492815 -1.475448531 0.05)
(6.82492815 -1.530330085 0.05)
(6.82492815 -1.585211639 0.05)
(6.82492815 -1.640093192 0.05)
(6.82492815 -1.694974746 0.05)
(6.82492815 -1.7498563 0.05)
(6.82492815 -1.804737853 0.05)
(6.82492815 -1.859619407 0.05)
(6.82492815 -1.914500961 0.05)
(6.82492815 -1.969382514 0.05)
(6.82492815 -2.024264068 0.05)
(6.82492815 -2.079145622 0.05)
(6.82492815 -2.134027175 0.05)
(6.82492815 -2.188908729 0.05)
(6.82492815 -2.243790283 0.05)
(6.82492815 -2.298671836 0.05)
(6.82492815 -2.35355339 0.05)
(6.82492815 -2.408434944 0.05)
(6.82492815 -2.463316497 0.05)
(6.82492815 -2.518198051 0.05)
(6.82492815 -2.573079605 0.05)
(6.82492815 -2.627961158 0.05)
(6.82492815 -2.682842712 0.05)
(6.82492815 -2.737724266 0.05)
(6.82492815 -2.792605819 0.05)
(6.82492815 -2.847487373 0.05)
(6.82492815 -2.902368927 0.05)
(6.82492815 -2.95725048 0.05)
(6.82492815 -3.012132034 0.05)
(6.82492815 -3.067013588 0.05)
(6.82492815 -3.121895141 0.05)
(6.82492815 -3.176776695 0.05)
(6.82492815 -3.231658249 0.05)
(6.82492815 -3.286539802 0.05)
(6.82492815 -3.341421356 0.05)
(6.82492815 -3.39630291 0.05)
(6.82492815 -3.451184463 0.05)
(6.82492815 -3.506066017 0.05)
(6.82492815 -3.560947571 0.05)
(6.82492815 -3.615829124 0.05)
(6.82492815 -3.670710678 0.05)
(6.82492815 -3.725592232 0.05)
(6.82492815 -3.780473785 0.05)
(6.82492815 -3.835355339 0.05)
(6.82492815 -3.890236893 0.05)
(6.82492815 -3.945118446 0.05)
(6.82492815 -4 0.05)
(6.637948209 -0.6852830864 -0.05)
(6.676592482 -0.6852630113 -0.05)
(6.715236756 -0.6852429362 -0.05)
(6.753881029 -0.6852228611 -0.05)
(6.792525303 -0.685202786 -0.05)
(6.831169576 -0.685182711 -0.05)
(6.605819769 -0.6633265629 -0.05)
(6.644389999 -0.6632883784 -0.05)
(6.682960229 -0.6632501939 -0.05)
(6.721530458 -0.6632120094 -0.05)
(6.760100688 -0.6631738249 -0.05)
(6.798670918 -0.6631356404 -0.05)
(6.837241148 -0.663097456 -0.05)
(6.612148853 -0.6411818151 -0.05)
(6.650647162 -0.641127432 -0.05)
(6.68914547 -0.6410730489 -0.05)
(6.727643779 -0.6410186658 -0.05)
(6.766142087 -0.6409642827 -0.05)
(6.804640396 -0.6409098996 -0.05)
(6.843138704 -0.6408555165 -0.05)
(6.618286852 -0.6188738643 -0.05)
(6.65671541 -0.6188051371 -0.05)
(6.695143969 -0.61873641 -0.05)
(6.733572527 -0.6186676829 -0.05)
(6.772001086 -0.6185989557 -0.05)
(6.810429644 -0.6185302286 -0.05)
(6.848858203 -0.6184615014 -0.05)
(6.624229557 -0.5964077684 -0.05)
(6.662590585 -0.5963264943 -0.05)
(6.700951613 -0.5962452202 -0.05)
(6.739312641 -0.5961639462 -0.05)
(6.777673668 -0.5960826721 -0.05)
(6.816034696 -0.596001398 -0.05)
(6.629972897 -0.5737886938 -0.05)
(6.66826866 -0.5736966111 -0.05)
(6.706564422 -0.5736045285 -0.05)
(6.744860185 -0.5735124459 -0.05)
(6.783155947 -0.5734203633 -0.05)
(6.82145171 -0.5733282807 -0.05)
(6.635512935 -0.5510219117 -0.05)
(6.673745742 -0.550920699 -0.05)
(6.71197855 -0.5508194863 -0.05)
(6.750211358 -0.5507182737 -0.05)
(6.788444165 -0.550617061 -0.05)
(6.826676973 -0.5505158484 -0.05)
(6.602673668 -0.5282215197 -0.05)
(6.640845874 -0.5281127945 -0.05)
(6.67901808 -0.5280040692 -0.05)
(6.717190286 -0.527895344 -0.05)
(6.755362492 -0.5277866187 -0.05)
(6.793534698 -0.5276778935 -0.05)
(6.831706904 -0.5275691682 -0.05)
(6.60785406 -0.5051814948 -0.05)
(6.645968059 -0.5050668122 -0.05)
(6.684082059 -0.5049521297 -0.05)
(6.722196058 -0.5048374471 -0.05)
(6.760310057 -0.5047227645 -0.05)
(6.798424057 -0.504608082 -0.05)
(6.836538056 -0.5044933994 -0.05)
(6.612817753 -0.4820086765 -0.05)
(6.65087598 -0.4818895287 -0.05)
(6.688934208 -0.4817703809 -0.05)
(6.726992435 -0.4816512331 -0.05)
(6.765050663 -0.4815320852 -0.05)
(6.80310889 -0.4814129374 -0.05)
(6.841167118 -0.4812937896 -0.05)
(6.617561345 -0.458708783 -0.05)
(6.655566274 -0.4585865977 -0.05)
(6.693571202 -0.4584644124 -0.05)
(6.731576131 -0.4583422272 -0.05)
(6.76958106 -0.4582200419 -0.05)
(6.807585988 -0.4580978566 -0.05)
(6.845590917 -0.4579756713 -0.05)
(6.622081585 -0.4352876192 -0.05)
(6.660035724 -0.4351637591 -0.05)
(6.697989864 -0.4350398989 -0.05)
(6.735944003 -0.4349160388 -0.05)
(6.773898143 -0.4347921787 -0.05)
(6.811852282 -0.4346683186 -0.05)
(6.849806422 -0.4345444584 -0.05)
(6.626375375 -0.4117510734 -0.05)
(6.66428127 -0.4116268349 -0.05)
(6.702187165 -0.4115025963 -0.05)
(6.740093059 -0.4113783578 -0.05)
(6.777998954 -0.4112541192 -0.05)
(6.815904848 -0.4111298806 -0.05)
(6.630439773 -0.388105113 -0.05)
(6.6683 -0.3879817254 -0.05)
(6.706160227 -0.3878583378 -0.05)
(6.744020455 -0.3877349502 -0.05)
(6.781880682 -0.3876115626 -0.05)
(6.819740909 -0.387488175 -0.05)
(6.634271992 -0.3643557802 -0.05)
(6.672089161 -0.364234405 -0.05)
(6.709906329 -0.3641130299 -0.05)
(6.747723498 -0.3639916547 -0.05)
(6.785540667 -0.3638702795 -0.05)
(6.823357835 -0.3637489043 -0.05)
(6.637869407 -0.3405091882 -0.05)
(6.675646155 -0.3403909182 -0.05)
(6.713422904 -0.3402726483 -0.05)
(6.751199652 -0.3401543784 -0.05)
(6.7889764 -0.3400361084 -0.05)
(6.826753148 -0.3399178385 -0.05)
(6.603490558 -0.316685658 -0.05)
(6.641229552 -0.3165715167 -0.05)
(6.678968546 -0.3164573753 -0.05)
(6.716707539 -0.316343234 -0.05)
(6.754446533 -0.3162290927 -0.05)
(6.792185527 -0.3161149513 -0.05)
(6.829924521 -0.31600081 -0.05)
(6.606646193 -0.2926580675 -0.05)
(6.644350124 -0.292549008 -0.05)
(6.682054055 -0.2924399485 -0.05)
(6.719757986 -0.292330889 -0.05)
(6.757461917 -0.2922218294 -0.05)
(6.795165849 -0.2921127699 -0.05)
(6.83286978 -0.2920037104 -0.05)
(6.6095574 -0.2685510576 -0.05)
(6.647228984 -0.2684479624 -0.05)
(6.684900568 -0.2683448671 -0.05)
(6.722572153 -0.2682417719 -0.05)
(6.760243737 -0.2681386767 -0.05)
(6.797915322 -0.2680355814 -0.05)
(6.835586906 -0.2679324862 -0.05)
(6.612222184 -0.2443710541 -0.05)
(6.64986416 -0.2442747341 -0.05)
(6.687506135 -0.2441784142 -0.05)
(6.725148111 -0.2440820943 -0.05)
(6.762790087 -0.2439857743 -0.05)
(6.800432063 -0.2438894544 -0.05)
(6.838074038 -0.2437931345 -0.05)
(6.614638719 -0.2201245324 -0.05)
(6.652253845 -0.2200357269 -0.05)
(6.68986897 -0.2199469213 -0.05)
(6.727484095 -0.2198581158 -0.05)
(6.765099221 -0.2197693102 -0.05)
(6.802714346 -0.2196805047 -0.05)
(6.840329471 -0.2195916992 -0.05)
(6.616805349 -0.1958180138 -0.05)
(6.654396401 -0.1957373893 -0.05)
(6.691987453 -0.1956567648 -0.05)
(6.729578504 -0.1955761403 -0.05)
(6.767169556 -0.1954955158 -0.05)
(6.804760608 -0.1954148912 -0.05)
(6.842351659 -0.1953342667 -0.05)
(6.61872059 -0.1714580606 -0.05)
(6.656290361 -0.1713862108 -0.05)
(6.693860132 -0.1713143611 -0.05)
(6.731429903 -0.1712425113 -0.05)
(6.768999674 -0.1711706615 -0.05)
(6.806569446 -0.1710988118 -0.05)
(6.844139217 -0.171026962 -0.05)
(6.620383127 -0.1470512717 -0.05)
(6.657934426 -0.1469887171 -0.05)
(6.695485724 -0.1469261625 -0.05)
(6.733037023 -0.1468636078 -0.05)
(6.770588321 -0.1468010532 -0.05)
(6.80813962 -0.1467384986 -0.05)
(6.845690919 -0.146675944 -0.05)
(6.621791822 -0.1226042782 -0.05)
(6.659327469 -0.1225514654 -0.05)
(6.696863115 -0.1224986527 -0.05)
(6.734398762 -0.1224458399 -0.05)
(6.771934408 -0.1223930271 -0.05)
(6.809470055 -0.1223402144 -0.05)
(6.847005701 -0.1222874016 -0.05)
(6.62294571 -0.09812373861 -0.05)
(6.660468536 -0.09808104044 -0.05)
(6.697991361 -0.09803834228 -0.05)
(6.735514187 -0.09799564412 -0.05)
(6.773037012 -0.09795294596 -0.05)
(6.810559837 -0.09791024779 -0.05)
(6.848082663 -0.09786754963 -0.05)
(6.623844 -0.07361633456 -0.05)
(6.661356844 -0.07358404949 -0.05)
(6.698869689 -0.07355176442 -0.05)
(6.736382533 -0.07351947934 -0.05)
(6.773895378 -0.07348719427 -0.05)
(6.811408222 -0.0734549092 -0.05)
(6.624486075 -0.04908876604 -0.05)
(6.661991786 -0.0490671181 -0.05)
(6.699497496 -0.04904547017 -0.05)
(6.737003206 -0.04902382224 -0.05)
(6.774508916 -0.0490021743 -0.05)
(6.812014627 -0.04898052637 -0.05)
(6.624871497 -0.02454774684 -0.05)
(6.662372925 -0.0245368855 -0.05)
(6.699874352 -0.02452602415 -0.05)
(6.73737578 -0.02451516281 -0.05)
(6.774877208 -0.02450430147 -0.05)
(6.812378636 -0.02449344013 -0.05)
(6.637948209 -0.6852830864 0.05)
(6.676592482 -0.6852630113 0.05)
(6.715236756 -0.6852429362 0.05)
(6.753881029 -0.6852228611 0.05)
(6.792525303 -0.685202786 0.05)
(6.831169576 -0.685182711 0.05)
(6.605819769 -0.6633265629 0.05)
(6.644389999 -0.6632883784 0.05)
(6.682960229 -0.6632501939 0.05)
(6.721530458 -0.6632120094 0.05)
(6.760100688 -0.6631738249 0.05)
(6.798670918 -0.6631356404 0.05)
(6.837241148 -0.663097456 0.05)
(6.612148853 -0.6411818151 0.05)
(6.650647162 -0.641127432 0.05)
(6.68914547 -0.6410730489 0.05)
(6.727643779 -0.6410186658 0.05)
(6.766142087 -0.6409642827 0.05)
(6.804640396 -0.6409098996 0.05)
(6.843138704 -0.6408555165 0.05)
(6.618286852 -0.6188738643 0.05)
(6.65671541 -0.6188051371 0.05)
(6.695143969 -0.61873641 0.05)
(6.733572527 -0.6186676829 0.05)
(6.772001086 -0.6185989557 0.05)
(6.810429644 -0.6185302286 0.05)
(6.848858203 -0.6184615014 0.05)
(6.624229557 -0.5964077684 0.05)
(6.662590585 -0.5963264943 0.05)
(6.700951613 -0.5962452202 0.05)
(6.739312641 -0.5961639462 0.05)
(6.777673668 -0.5960826721 0.05)
(6.816034696 -0.596001398 0.05)
(6.629972897 -0.5737886938 0.05)
(6.66826866 -0.5736966111 0.05)
(6.706564422 -0.5736045285 0.05)
(6.744860185 -0.5735124459 0.05)
(6.783155947 -0.5734203633 0.05)
(6.82145171 -0.5733282807 0.05)
(6.635512935 -0.5510219117 0.05)
(6.673745742 -0.550920699 0.05)
(6.71197855 -0.5508194863 0.05)
(6.750211358 -0.5507182737 0.05)
(6.788444165 -0.550617061 0.05)
(6.826676973 -0.5505158484 0.05)
(6.602673668 -0.5282215197 0.05)
(6.640845874 -0.5281127945 0.05)
(6.67901808 -0.5280040692 0.05)
(6.717190286 -0.527895344 0.05)
(6.755362492 -0.5277866187 0.05)
(6.793534698 -0.5276778935 0.05)
(6.831706904 -0.5275691682 0.05)
(6.60785406 -0.5051814948 0.05)
(6.645968059 -0.5050668122 0.05)
(6.684082059 -0.5049521297 0.05)
(6.722196058 -0.5048374471 0.05)
(6.760310057 -0.5047227645 0.05)
(6.798424057 -0.504608082 0.05)
(6.836538056 -0.5044933994 0.05)
(6.612817753 -0.4820086765 0.05)
(6.65087598 -0.4818895287 0.05)
(6.688934208 -0.4817703809 0.05)
(6.726992435 -0.4816512331 0.05)
(6.765050663 -0.4815320852 0.05)
(6.80310889 -0.4814129374 0.05)
(6.841167118 -0.4812937896 0.05)
(6.617561345 -0.458708783 0.05)
(6.655566274 -0.4585865977 0.05)
(6.693571202 -0.4584644124 0.05)
(6.731576131 -0.4583422272 0.05)
(6.76958106 -0.4582200419 0.05)
(6.807585988 -0.4580978566 0.05)
(6.845590917 -0.4579756713 0.05)
(6.622081585 -0.4352876192 0.05)
(6.660035724 -0.4351637591 0.05)
(6.697989864 -0.4350398989 0.05)
(6.735944003 -0.4349160388 0.05)
(6.773898143 -0.4347921787 0.05)
(6.811852282 -0.4346683186 0.05)
(6.849806422 -0.4345444584 0.05)
(6.626375375 -0.4117510734 0.05)
(6.66428127 -0.4116268349 0.05)
(6.702187165 -0.4115025963 0.05)
(6.740093059 -0.4113783578 0.05)
(6.777998954 -0.4112541192 0.05)
(6.815904848 -0.4111298806 0.05)
(6.630439773 -0.388105113 0.05)
(6.6683 -0.3879817254 0.05)
(6.706160227 -0.3878583378 0.05)
(6.744020455 -0.3877349502 0.05)
(6.781880682 -0.3876115626 0.05)
(6.819740909 -0.387488175 0.05)
(6.634271992 -0.3643557802 0.05)
(6.672089161 -0.364234405 0.05)
(6.709906329 -0.3641130299 0.05)
(6.747723498 -0.3639916547 0.05)
(6.785540667 -0.3638702795 0.05)
(6.823357835 -0.3637489043 0.05)
(6.637869407 -0.3405091882 0.05)
(6.675646155 -0.3403909182 0.05)
(6.713422904 -0.3402726483 0.05)
(6.751199652 -0.3401543784 0.05)
(6.7889764 -0.3400361084 0.05)
(6.826753148 -0.3399178385 0.05)
(6.603490558 -0.316685658 0.05)
(6.641229552 -0.3165715167 0.05)
(6.678968546 -0.3164573753 0.05)
(6.716707539 -0.316343234 0.05)
(6.754446533 -0.3162290927 0.05)
(6.792185527 -0.3161149513 0.05)
(6.829924521 -0.31600081 0.05)
(6.606646193 -0.2926580675 0.05)
(6.644350124 -0.292549008 0.05)
(6.682054055 -0.2924399485 0.05)
(6.719757986 -0.292330889 0.05)
(6.757461917 -0.2922218294 0.05)
(6.795165849 -0.2921127699 0.05)
(6.83286978 -0.2920037104 0.05)
(6.6095574 -0.2685510576 0.05)
(6.647228984 -0.2684479624 0.05)
(6.684900568 -0.2683448671 0.05)
(6.722572153 -0.2682417719 0.05)
(6.760243737 -0.2681386767 0.05)
(6.797915322 -0.2680355814 0.05)
(6.835586906 -0.2679324862 0.05)
(6.612222184 -0.2443710541 0.05)
(6.64986416 -0.2442747341 0.05)
(6.687506135 -0.2441784142 0.05)
(6.725148111 -0.2440820943 0.05)
(6.762790087 -0.2439857743 0.05)
(6.800432063 -0.2438894544 0.05)
(6.838074038 -0.2437931345 0.05)
(6.614638719 -0.2201245324 0.05)
(6.652253845 -0.2200357269 0.05)
(6.68986897 -0.2199469213 0.05)
(6.727484095 -0.2198581158 0.05)
(6.765099221 -0.2197693102 0.05)
(6.802714346 -0.2196805047 0.05)
(6.840329471 -0.2195916992 0.05)
(6.616805349 -0.1958180138 0.05)
(6.654396401 -0.1957373893 0.05)
(6.691987453 -0.1956567648 0.05)
(6.729578504 -0.1955761403 0.05)
(6.767169556 -0.1954955158 0.05)
(6.804760608 -0.1954148912 0.05)
(6.842351659 -0.1953342667 0.05)
(6.61872059 -0.1714580606 0.05)
(6.656290361 -0.1713862108 0.05)
(6.693860132 -0.1713143611 0.05)
(6.731429903 -0.1712425113 0.05)
(6.768999674 -0.1711706615 0.05)
(6.806569446 -0.1710988118 0.05)
(6.844139217 -0.171026962 0.05)
(6.620383127 -0.1470512717 0.05)
(6.657934426 -0.1469887171 0.05)
(6.695485724 -0.1469261625 0.05)
(6.733037023 -0.1468636078 0.05)
(6.770588321 -0.1468010532 0.05)
(6.80813962 -0.1467384986 0.05)
(6.845690919 -0.146675944 0.05)
(6.621791822 -0.1226042782 0.05)
(6.659327469 -0.1225514654 0.05)
(6.696863115 -0.1224986527 0.05)
(6.734398762 -0.1224458399 0.05)
(6.771934408 -0.1223930271 0.05)
(6.809470055 -0.1223402144 0.05)
(6.847005701 -0.1222874016 0.05)
(6.62294571 -0.09812373861 0.05)
(6.660468536 -0.09808104044 0.05)
(6.697991361 -0.09803834228 0.05)
(6.735514187 -0.09799564412 0.05)
(6.773037012 -0.09795294596 0.05)
(6.810559837 -0.09791024779 0.05)
(6.848082663 -0.09786754963 0.05)
(6.623844 -0.07361633456 0.05)
(6.661356844 -0.07358404949 0.05)
(6.698869689 -0.07355176442 0.05)
(6.736382533 -0.07351947934 0.05)
(6.773895378 -0.07348719427 0.05)
(6.811408222 -0.0734549092 0.05)
(6.624486075 -0.04908876604 0.05)
(6.661991786 -0.0490671181 0.05)
(6.699497496 -0.04904547017 0.05)
(6.737003206 -0.04902382224 0.05)
(6.774508916 -0.0490021743 0.05)
(6.812014627 -0.04898052637 0.05)
(6.624871497 -0.02454774684 0.05)
(6.662372925 -0.0245368855 0.05)
(6.699874352 -0.02452602415 0.05)
(6.73737578 -0.02451516281 0.05)
(6.774877208 -0.02450430147 0.05)
(6.812378636 -0.02449344013 0.05)
)


// ************************************************************************* //
