/*--------------------------------*- C++ -*----------------------------------*\
  =========                 |
  \\      /  F ield         | OpenFOAM: The Open Source CFD Toolbox
   \\    /   O peration     | Website:  https://openfoam.org
    \\  /    A nd           | Version:  7
     \\/     M anipulation  |
\*---------------------------------------------------------------------------*/
FoamFile
{
    version     2.0;
    format      ascii;
    class       volScalarField;
    location    "40";
    object      p;
}
// * * * * * * * * * * * * * * * * * * * * * * * * * * * * * * * * * * * * * //

dimensions      [0 2 -2 0 0 0 0];

internalField   nonuniform List<scalar> 
392
(
-0.000326466
-9.04632e-05
0.000173013
-0.000328044
-9.20869e-05
0.000171299
-0.000331199
-9.53311e-05
0.000167875
-0.000335924
-0.000100188
0.00016275
0.000333686
-0.000342213
-0.000106647
0.000155936
0.000326642
-0.000350054
-0.000114692
0.000147453
0.000317888
-0.000359434
-0.000124305
0.000137319
0.000307459
-0.000135465
0.000125561
0.000295398
-0.000148146
0.000112206
0.000281753
-0.000162319
9.72848e-05
0.00026658
-0.000177953
8.08311e-05
0.00024994
-0.000195014
6.288e-05
0.000231906
-0.000213464
4.3468e-05
0.000212555
-0.000233265
2.26322e-05
0.000191975
-0.000254373
4.10057e-07
0.000170265
-0.000276746
-2.31619e-05
0.000147535
-0.00030034
-4.80484e-05
0.000123908
-0.000325109
-7.42166e-05
9.95251e-05
-0.000351006
-0.000101632
7.45459e-05
-0.000377971
-0.000130252
4.9151e-05
-0.000405983
-0.000160056
2.35087e-05
-0.000435199
-0.000191148
-2.22796e-06
-0.000465703
-0.000223656
-2.74665e-05
-0.000495708
-0.000256491
-5.02942e-05
-0.000548815
-0.000315615
-9.43075e-05
-0.000642577
-0.000411032
-0.000188128
-0.000741435
-0.000510922
-0.000289399
-0.000844536
-0.000614452
-0.000393888
-0.00095103
-0.000720458
-0.000499926
-0.00105956
-0.000827493
-0.0006059
-0.00116883
-0.000934214
-0.000710361
-0.00127768
-0.00103941
-0.000812066
-0.00138501
-0.00114201
-0.000909949
-0.00148985
-0.00124106
-0.00100311
-0.00159135
-0.00133577
-0.00109083
-0.0016888
-0.00142553
-0.00117258
-0.00178164
-0.00150988
-0.00124801
-0.00186948
-0.00158853
-0.00131698
-0.00195205
-0.00166133
-0.00137947
-0.00202921
-0.00172829
-0.00143563
-0.00210096
-0.00178953
-0.00148573
-0.00216736
-0.00184524
-0.00153014
-0.0022286
-0.00189574
-0.00156927
-0.00228488
-0.00194135
-0.0016036
-0.00233649
-0.00198244
-0.00163362
-0.0023837
-0.00201942
-0.00165982
-0.00242683
-0.00205265
-0.00168267
-0.00246616
-0.00208251
-0.0017026
-0.00250199
-0.00210934
-0.00172003
-0.00253459
-0.00213345
-0.00173532
-0.0025642
-0.00215513
-0.00174876
-0.00259104
-0.00217461
-0.00176063
-0.00261529
-0.00219209
-0.00177113
-0.00263712
-0.00220775
-0.00178044
-0.00265665
-0.00222172
-0.0017887
-0.00267401
-0.0022341
-0.00179599
-0.00268928
-0.00224498
-0.0018024
-0.00270253
-0.00225442
-0.00180796
-0.00271381
-0.00226246
-0.00181272
-0.00272317
-0.00226914
-0.00181667
-0.00273063
-0.00227447
-0.00181984
-0.00273623
-0.00227848
-0.00182224
-0.00273997
-0.00228119
-0.00182392
-0.00274186
-0.00228259
-0.00182489
-0.000548831
-0.000642592
-0.000741449
-0.00084455
-0.000951044
-0.00105957
-0.00116885
-0.00127769
-0.00138502
-0.00148986
-0.00159136
-0.00168881
-0.00178165
-0.00186949
-0.00195206
-0.00202922
-0.00210096
-0.00216737
-0.0022286
-0.00228489
-0.00233649
-0.0023837
-0.00242683
-0.00246617
-0.002502
-0.0025346
-0.00256421
-0.00259104
-0.00261529
-0.00263712
-0.00265666
-0.00267402
-0.00268928
-0.00270253
-0.00271382
-0.00272317
-0.00273064
-0.00273623
-0.00273997
-0.00274186
-0.000315629
-0.000411047
-0.000510935
-0.000614464
-0.00072047
-0.000827505
-0.000934225
-0.00103942
-0.00114202
-0.00124106
-0.00133578
-0.00142554
-0.00150989
-0.00158854
-0.00166134
-0.0017283
-0.00178953
-0.00184525
-0.00189574
-0.00194135
-0.00198245
-0.00201942
-0.00205265
-0.00208251
-0.00210934
-0.00213346
-0.00215513
-0.00217461
-0.0021921
-0.00220775
-0.00222172
-0.0022341
-0.00224498
-0.00225442
-0.00226247
-0.00226914
-0.00227447
-0.00227848
-0.00228119
-0.00228259
-9.43206e-05
-0.00018814
-0.00028941
-0.000393898
-0.000499936
-0.00060591
-0.00071037
-0.000812075
-0.000909957
-0.00100312
-0.00109083
-0.00117258
-0.00124802
-0.00131698
-0.00137947
-0.00143563
-0.00148574
-0.00153014
-0.00156928
-0.00160361
-0.00163363
-0.00165982
-0.00168267
-0.00170261
-0.00172004
-0.00173532
-0.00174876
-0.00176063
-0.00177113
-0.00178045
-0.0017887
-0.00179599
-0.0018024
-0.00180796
-0.00181272
-0.00181668
-0.00181985
-0.00182224
-0.00182393
-0.00182489
-0.000495724
-0.000256506
-5.03064e-05
-0.000465719
-0.00022367
-2.7478e-05
-0.000435214
-0.000191161
-2.23895e-06
-0.000405997
-0.000160069
2.34982e-05
-0.000377984
-0.000130264
4.91409e-05
-0.000351019
-0.000101643
7.45362e-05
-0.000325121
-7.42274e-05
9.95159e-05
-0.000300351
-4.80587e-05
0.0001239
-0.000276757
-2.31716e-05
0.000147527
-0.000254383
4.00916e-07
0.000170258
-0.000233274
2.26237e-05
0.000191968
-0.000213473
4.346e-05
0.000212548
-0.000195022
6.28726e-05
0.0002319
-0.000177961
8.08243e-05
0.000249935
-0.000162326
9.72785e-05
0.000266575
-0.000382753
-0.000148152
0.0001122
0.000281749
-0.000370343
-0.000135471
0.000125556
0.000295394
-0.000359439
-0.00012431
0.000137315
0.000307456
-0.000350058
-0.000114696
0.000147449
0.000317884
-0.000342217
-0.00010665
0.000155933
-0.000335928
-0.000100191
0.000162747
-0.000331201
-9.53331e-05
0.000167873
-0.000328045
-9.20882e-05
0.000171298
-0.000326466
-9.04636e-05
0.000173012
)
;

boundaryField
{
    inlet
    {
        type            zeroGradient;
    }
    outlet
    {
        type            fixedValue;
        value           nonuniform 0();
    }
    cylinder
    {
        type            zeroGradient;
    }
    top
    {
        type            symmetryPlane;
    }
    bottom
    {
        type            symmetryPlane;
    }
    defaultFaces
    {
        type            empty;
    }
    procBoundary62to61
    {
        type            processor;
        value           nonuniform List<scalar> 
130
(
-0.00057345
-0.00057501
-0.000578128
-0.000582799
-0.000589017
-0.000596774
-0.000606058
-0.000370337
-0.000370337
-0.000382746
-0.000396641
-0.000412001
-0.000428803
-0.000447021
-0.00046663
-0.000487604
-0.000509915
-0.000533537
-0.000558442
-0.000584599
-0.00061196
-0.000640517
-0.00067047
-0.00070198
-0.000733034
-0.00078671
-0.000880776
-0.000979681
-0.00108322
-0.00119087
-0.00130139
-0.00141355
-0.00152624
-0.00163835
-0.00174891
-0.001857
-0.00196186
-0.00206285
-0.00215946
-0.00225132
-0.00233817
-0.0024199
-0.00249645
-0.00256789
-0.00263433
-0.00269594
-0.00275292
-0.0028055
-0.00285391
-0.00289839
-0.00293915
-0.00297641
-0.00301036
-0.00304117
-0.003069
-0.00309396
-0.00311618
-0.00313575
-0.00315273
-0.0031672
-0.0031792
-0.00318876
-0.00319592
-0.00320069
-0.00320308
-0.000786727
-0.000880793
-0.000979697
-0.00108324
-0.00119089
-0.0013014
-0.00141357
-0.00152625
-0.00163837
-0.00174892
-0.00185701
-0.00196187
-0.00206286
-0.00215947
-0.00225133
-0.00233818
-0.0024199
-0.00249646
-0.0025679
-0.00263433
-0.00269594
-0.00275293
-0.00280551
-0.00285392
-0.00289839
-0.00293916
-0.00297642
-0.00301037
-0.00304118
-0.003069
-0.00309397
-0.00311619
-0.00313575
-0.00315274
-0.0031672
-0.0031792
-0.00318876
-0.00319592
-0.00320069
-0.00320308
-0.00073305
-0.000701994
-0.000670484
-0.00064053
-0.000611973
-0.000584611
-0.000558454
-0.000533548
-0.000509927
-0.000487615
-0.000466641
-0.000447031
-0.000428812
-0.00041201
-0.000396649
-0.000396649
-0.000629165
-0.000616864
-0.000606064
-0.000596778
-0.000589021
-0.000582802
-0.00057813
-0.000575011
-0.000573451
)
;
    }
    procBoundary62to63
    {
        type            processor;
        value           nonuniform List<scalar> 
130
(
0.000344324
0.000342545
0.000338994
0.000338994
0.000797984
0.000789091
0.000778032
0.000764843
0.000749568
0.000732251
0.000712941
0.000691688
0.000668541
0.000643541
0.000616726
0.000588117
0.000557721
0.000525516
0.000491448
0.000455429
0.000417335
0.000376981
0.000333888
0.000286485
0.000232198
0.000134796
2.60273e-05
-8.04417e-05
-0.000186424
-0.000292135
-0.000396445
-0.000497959
-0.00059548
-0.000687987
-0.000774631
-0.000854762
-0.000927937
-0.000993922
-0.00105268
-0.00110434
-0.00114919
-0.00118766
-0.00122025
-0.00124753
-0.00127011
-0.00128859
-0.00130357
-0.00131563
-0.00132528
-0.00133298
-0.00133914
-0.0013441
-0.00134814
-0.00135149
-0.00135432
-0.00135675
-0.00135887
-0.00136074
-0.00136239
-0.00136382
-0.00136504
-0.00136602
-0.00136673
-0.0013673
-0.00136804
0.000134786
2.6018e-05
-8.04499e-05
-0.000186432
-0.000292142
-0.000396453
-0.000497966
-0.000595487
-0.000687993
-0.000774637
-0.000854768
-0.000927943
-0.000993927
-0.00105268
-0.00110434
-0.0011492
-0.00118767
-0.00122026
-0.00124754
-0.00127011
-0.00128859
-0.00130358
-0.00131563
-0.00132528
-0.00133298
-0.00133914
-0.0013441
-0.00134814
-0.00135149
-0.00135432
-0.00135675
-0.00135887
-0.00136074
-0.00136239
-0.00136382
-0.00136504
-0.00136603
-0.00136673
-0.0013673
-0.00136804
0.000232186
0.000286474
0.000333877
0.000376971
0.000417326
0.00045542
0.00049144
0.000525509
0.000557714
0.000588111
0.00061672
0.000643536
0.000668536
0.000691684
0.000712937
0.000732247
0.000749565
0.000764841
0.000778029
0.000326639
0.000326639
0.000333685
0.000338994
0.000342545
0.000344324
)
;
    }
}


// ************************************************************************* //
