/*--------------------------------*- C++ -*----------------------------------*\
  =========                 |
  \\      /  F ield         | OpenFOAM: The Open Source CFD Toolbox
   \\    /   O peration     | Website:  https://openfoam.org
    \\  /    A nd           | Version:  7
     \\/     M anipulation  |
\*---------------------------------------------------------------------------*/
FoamFile
{
    version     2.0;
    format      ascii;
    class       volVectorField;
    location    "5";
    object      U;
}
// * * * * * * * * * * * * * * * * * * * * * * * * * * * * * * * * * * * * * //

dimensions      [0 1 -1 0 0 0 0];

internalField   nonuniform List<vector> 
392
(
(-0.037518 -0.00118339 2.95339e-21)
(-0.0312091 -0.00157758 4.04225e-22)
(-0.023144 -0.00194355 -1.50269e-21)
(-0.0348744 -0.00356339 -3.58025e-21)
(-0.0284558 -0.00474242 2.09421e-22)
(-0.0203016 -0.00583684 6.51145e-22)
(-0.0295966 -0.00598637 4.30067e-21)
(-0.0229608 -0.00793825 -1.61864e-20)
(-0.0146307 -0.00974934 1.38817e-20)
(-0.0217034 -0.00847952 -5.23514e-21)
(-0.0147477 -0.0111843 -7.30256e-21)
(-0.00615974 -0.0136924 -3.7264e-21)
(-0.0112214 -0.0110678 -2.09444e-20)
(-0.00385023 -0.0144978 2.80552e-20)
(0.00507064 -0.0176753 -1.65036e-20)
(0.0018157 -0.0137728 1.81956e-20)
(0.00968856 -0.0178925 7.6519e-21)
(0.019008 -0.0217047 -3.42148e-21)
(0.0173693 -0.016612 -4.11168e-21)
(0.0258179 -0.0213787 -2.4141e-20)
(0.0355894 -0.0257838 2.181e-20)
(0.0353972 -0.0195984 1.43081e-20)
(0.0444808 -0.0249623 1.88265e-20)
(0.0547437 -0.0299116 -3.15803e-21)
(0.0558559 -0.0227394 3.58605e-20)
(0.0656164 -0.0286434 -3.17216e-20)
(0.0763925 -0.0340819 2.72268e-20)
(0.0787024 -0.0260356 -6.99492e-20)
(0.0891607 -0.032416 1.35795e-20)
(0.100452 -0.038283 2.96845e-20)
(0.112485 -0.0436298 -7.56405e-21)
(0.115048 -0.0362672 1.86477e-20)
(0.126833 -0.042497 5.91599e-21)
(0.139182 -0.048172 -1.01689e-20)
(0.14321 -0.0401762 -9.12414e-20)
(0.155444 -0.0466991 3.82098e-20)
(0.168052 -0.0526407 -1.35416e-20)
(0.173578 -0.044114 -3.07908e-20)
(0.186185 -0.0508574 3.47919e-20)
(0.198974 -0.0570028 1.90727e-20)
(0.20608 -0.0480427 2.13339e-21)
(0.218955 -0.0549327 3.72698e-20)
(0.23182 -0.0612193 3.73415e-20)
(0.240637 -0.0519148 5.19073e-21)
(0.253642 -0.0588781 -5.37005e-20)
(0.266452 -0.0652458 1.53518e-20)
(0.277163 -0.0556732 -2.46354e-20)
(0.290125 -0.0626394 -8.57394e-21)
(0.302726 -0.0690327 -2.0281e-20)
(0.315088 -0.074926 1.35306e-20)
(0.32827 -0.0661557 -6.61716e-20)
(0.340483 -0.072526 6.02718e-20)
(0.352355 -0.0784331 -1.2907e-20)
(0.367923 -0.0693604 6.91671e-20)
(0.37955 -0.0756687 -2.24615e-20)
(0.390769 -0.0815611 -2.11742e-20)
(0.408911 -0.0721834 9.20619e-21)
(0.419741 -0.0784029 5.00998e-20)
(0.430133 -0.0842627 -6.78078e-20)
(0.451034 -0.0745512 2.05508e-20)
(0.460849 -0.0806703 5.58632e-20)
(0.470241 -0.0864909 -4.16489e-20)
(0.50265 -0.0824096 5.17471e-20)
(0.510875 -0.0881967 -6.16307e-20)
(0.518891 -0.0937436 -3.775e-20)
(0.544905 -0.083572 -1.9865e-20)
(0.55181 -0.0893429 4.27308e-20)
(0.558587 -0.0949153 -2.20196e-20)
(0.587359 -0.0841712 -7.05448e-20)
(0.592811 -0.089958 1.39857e-19)
(0.598246 -0.0955818 -9.45095e-20)
(0.629747 -0.0842065 4.31297e-20)
(0.633641 -0.0900593 -1.20507e-19)
(0.637652 -0.0957728 6.90223e-20)
(0.702729 -0.0891204 0)
(0.704427 -0.095019 0)
(0.706431 -0.100753 0)
(0.807869 -0.090156 0)
(0.806015 -0.0965353 0)
(0.804713 -0.102665 0)
(0.907646 -0.0861737 0)
(0.902739 -0.0933068 0)
(0.898517 -0.100074 0)
(0.997545 -0.0789832 0)
(0.990402 -0.0869337 0)
(0.983942 -0.0944157 0)
(1.0747 -0.0700538 0)
(1.06622 -0.0787249 0)
(1.05831 -0.0868605 0)
(1.13788 -0.0602866 0)
(1.12886 -0.0694987 0)
(1.12024 -0.0781467 0)
(1.18723 -0.0504343 0)
(1.17828 -0.0599804 0)
(1.16957 -0.0689642 0)
(1.2238 -0.0410588 0)
(1.21538 -0.0507379 0)
(1.20702 -0.0598775 0)
(1.24927 -0.0325143 0)
(1.24164 -0.0421495 0)
(1.23392 -0.0512815 0)
(1.26553 -0.0249836 0)
(1.25881 -0.0344305 0)
(1.2519 -0.0434182 0)
(1.2745 -0.0185194 0)
(1.26873 -0.0276682 0)
(1.26266 -0.0364049 0)
(1.27795 -0.0130837 0)
(1.27307 -0.0218577 0)
(1.26784 -0.0302664 0)
(1.27739 -0.00858373 0)
(1.27332 -0.0169346 0)
(1.26887 -0.0249645 0)
(1.27406 -0.00490043 0)
(1.2707 -0.0128026 0)
(1.26693 -0.0204247 0)
(1.26892 -0.00191008 2.34198e-27)
(1.26616 -0.00935512 -1.82733e-27)
(1.26298 -0.0165568 0)
(1.26268 0.000502753 -2.34198e-27)
(1.26041 -0.00648838 1.82733e-27)
(1.25774 -0.0132687 0)
(1.25584 0.00243841 0)
(1.25399 -0.0041095 3.32874e-11)
(1.25175 -0.0104754 3.29731e-11)
(1.24876 0.0039802 0)
(1.24726 -0.0021395 -3.32874e-11)
(1.24538 -0.00810242 -3.29731e-11)
(1.24168 0.00519524 -2.99823e-11)
(1.24047 -0.000513343 -2.98957e-11)
(1.23889 -0.00608748 0)
(1.23474 0.00613665 2.99823e-11)
(1.23378 0.000821195 2.98957e-11)
(1.23246 -0.00437939 0)
(1.22805 0.00684634 -1.16714e-27)
(1.2273 0.00190605 -2.16935e-27)
(1.22621 -0.00293648 0)
(1.22166 0.00735759 1.16714e-27)
(1.22109 0.00277511 2.16935e-27)
(1.2202 -0.00172473 0)
(1.21561 0.00769711 -1.05582e-27)
(1.2152 0.00345574 -1.96905e-27)
(1.21449 -0.000716212 0)
(1.20992 0.00788673 1.05582e-27)
(1.20965 0.00397064 1.96905e-27)
(1.20909 0.00011246 0)
(1.20459 0.00794465 0)
(1.20444 0.00433892 0)
(1.20402 0.000781097 0)
(1.19962 0.00788637 0)
(1.19959 0.00457699 0)
(1.19929 0.00130691 0)
(1.19503 0.00772526 0)
(1.19509 0.00469923 0)
(1.19489 0.00170513 0)
(1.19079 0.00747308 0)
(1.19094 0.00471834 0)
(1.19084 0.00198926 0)
(1.18691 0.00714028 0)
(1.18713 0.00464573 -1.9165e-11)
(1.18712 0.00217156 -1.93485e-11)
(1.18338 0.00673623 0)
(1.18367 0.00449173 1.9165e-11)
(1.18373 0.00226322 1.93485e-11)
(1.18019 0.00626943 -1.77278e-11)
(1.18054 0.00426579 0)
(1.18067 0.0022745 0)
(1.17734 0.00574764 1.77278e-11)
(1.17774 0.00397662 0)
(1.17793 0.00221497 0)
(1.17482 0.00517802 0)
(1.17527 0.00363229 1.70868e-11)
(1.17551 0.00209355 1.73217e-11)
(1.17262 0.00456723 0)
(1.17311 0.00324038 -1.70868e-11)
(1.1734 0.00191863 -1.73217e-11)
(1.17075 0.0039215 0)
(1.17128 0.00280802 0)
(1.1716 0.00169819 0)
(1.1692 0.00324677 0)
(1.16975 0.00234204 0)
(1.1701 0.00143984 0)
(1.16797 0.00254872 6.78586e-28)
(1.16853 0.00184898 0)
(1.16891 0.00115091 0)
(1.16704 0.00183289 -6.78586e-28)
(1.16763 0.0013352 0)
(1.16802 0.000838552 0)
(1.16643 0.00110474 -1.53878e-29)
(1.16702 0.000806999 0)
(1.16743 0.000509803 -4.65243e-28)
(1.16612 0.000369142 1.55531e-29)
(1.16672 0.000270038 0)
(1.16713 0.000171106 4.7024e-28)
(1.28103 -7.99024e-05 -1.85176e-27)
(1.27698 -0.00327142 1.85176e-27)
(1.27124 -0.00576634 2.36023e-27)
(1.26451 -0.00769164 -2.36023e-27)
(1.25726 -0.00915474 0)
(1.24985 -0.0102428 0)
(1.2425 -0.0110245 -2.99772e-11)
(1.23533 -0.0115534 2.99772e-11)
(1.22844 -0.011871 0)
(1.22189 -0.0120098 0)
(1.2157 -0.0119956 0)
(1.20988 -0.011849 0)
(1.20444 -0.0115873 -9.51928e-28)
(1.19938 -0.0112248 9.51928e-28)
(1.1947 -0.0107737 -8.71829e-28)
(1.19039 -0.0102447 8.71829e-28)
(1.18644 -0.00964723 1.85415e-29)
(1.18285 -0.00898948 -1.85415e-29)
(1.17961 -0.00827893 -7.53457e-28)
(1.17671 -0.0075223 7.53457e-28)
(1.17416 -0.00672574 0)
(1.17193 -0.00589489 0)
(1.17003 -0.00503502 -6.82702e-28)
(1.16846 -0.00415109 6.82702e-28)
(1.1672 -0.00324787 -6.63115e-28)
(1.16627 -0.00232999 6.63115e-28)
(1.16564 -0.00140207 0)
(1.16533 -0.000468092 0)
(0.702735 0.0891215 0)
(0.807874 0.0901574 0)
(0.90765 0.0861753 0)
(0.997549 0.0789849 0)
(1.0747 0.0700556 0)
(1.13789 0.0602884 0)
(1.18723 0.0504362 0)
(1.2238 0.0410607 0)
(1.24927 0.0325162 0)
(1.26553 0.0249854 0)
(1.2745 0.0185211 4.75072e-11)
(1.27795 0.0130854 -4.75072e-11)
(1.27739 0.00858531 1.82964e-27)
(1.27406 0.00490193 -1.82964e-27)
(1.26892 0.00191148 -2.342e-27)
(1.26268 -0.000501434 2.342e-27)
(1.25584 -0.00243718 0)
(1.24876 -0.00397905 0)
(1.24168 -0.00519417 -2.99825e-11)
(1.23474 -0.00613566 2.99825e-11)
(1.22805 -0.00684542 2.69593e-11)
(1.22166 -0.00735674 -2.69593e-11)
(1.21561 -0.00769632 1.05583e-27)
(1.20992 -0.007886 -1.05583e-27)
(1.20459 -0.00794398 0)
(1.19962 -0.00788575 0)
(1.19503 -0.00772469 8.83613e-28)
(1.19079 -0.00747257 -8.83613e-28)
(1.18691 -0.00713981 0)
(1.18338 -0.00673581 0)
(1.18019 -0.00626905 0)
(1.17734 -0.00574731 0)
(1.17482 -0.00517774 0)
(1.17262 -0.00456699 0)
(1.17075 -0.0039213 6.97891e-28)
(1.1692 -0.00324661 -6.97891e-28)
(1.16797 -0.0025486 6.78594e-28)
(1.16704 -0.0018328 -6.78594e-28)
(1.16643 -0.00110469 -1.5388e-29)
(1.16612 -0.000369124 1.55533e-29)
(0.704433 0.0950204 0)
(0.80602 0.0965369 0)
(0.902743 0.0933086 0)
(0.990406 0.0869356 0)
(1.06622 0.0787268 0)
(1.12886 0.0695007 0)
(1.17829 0.0599825 0)
(1.21538 0.0507399 0)
(1.24164 0.0421515 0)
(1.25881 0.0344324 0)
(1.26873 0.0276701 -3.7483e-27)
(1.27307 0.0218595 3.7483e-27)
(1.27332 0.0169362 0)
(1.2707 0.0128042 0)
(1.26616 0.00935658 1.82734e-27)
(1.26041 0.00648975 -1.82734e-27)
(1.25399 0.00411078 0)
(1.24726 0.00214069 0)
(1.24047 0.000514451 -2.98959e-11)
(1.23378 -0.000820165 2.98959e-11)
(1.2273 -0.00190509 2.69777e-11)
(1.22109 -0.00277422 -2.69777e-11)
(1.2152 -0.00345492 1.96907e-27)
(1.20965 -0.00396989 -1.96907e-27)
(1.20444 -0.00433822 -1.79962e-27)
(1.19959 -0.00457636 1.79962e-27)
(1.19509 -0.00469865 0)
(1.19094 -0.00471782 0)
(1.18713 -0.00464526 -3.41992e-28)
(1.18367 -0.00449131 3.41992e-28)
(1.18054 -0.00426541 0)
(1.17774 -0.00397628 0)
(1.17527 -0.003632 0)
(1.17311 -0.00324013 0)
(1.17128 -0.00280782 0)
(1.16975 -0.00234188 0)
(1.16853 -0.00184885 0)
(1.16763 -0.00133511 0)
(1.16702 -0.000806944 -1.57659e-11)
(1.16672 -0.00027002 1.59353e-11)
(0.706436 0.100755 0)
(0.804718 0.102667 0)
(0.898522 0.100076 0)
(0.983947 0.0944177 0)
(1.05831 0.0868626 0)
(1.12025 0.0781489 0)
(1.16957 0.0689663 0)
(1.20702 0.0598796 0)
(1.23392 0.0512836 0)
(1.2519 0.0434202 0)
(1.26266 0.0364068 0)
(1.26784 0.0302682 0)
(1.26887 0.0249662 0)
(1.26693 0.0204264 0)
(1.26298 0.0165583 0)
(1.25774 0.0132702 0)
(0.629752 0.0842073 -4.51536e-20)
(0.633646 0.0900604 1.18561e-19)
(0.637658 0.0957741 -7.087e-20)
(0.587364 0.084172 7.16172e-20)
(0.592816 0.0899591 -1.37456e-19)
(0.598252 0.0955832 9.51007e-20)
(0.54491 0.0835727 2.24917e-20)
(0.551815 0.0893439 -4.02948e-20)
(0.558593 0.0949167 2.33076e-20)
(0.502655 0.0824103 -5.45599e-20)
(0.510881 0.0881977 5.78041e-20)
(0.518897 0.093745 3.58821e-20)
(0.45104 0.0745516 -2.17022e-20)
(0.460854 0.080671 -5.2286e-20)
(0.470247 0.086492 4.13795e-20)
(0.408916 0.0721837 -5.14545e-21)
(0.419746 0.0784036 -5.47812e-20)
(0.430139 0.0842637 7.19401e-20)
(0.367928 0.0693607 -1.43976e-20)
(0.379556 0.0756693 -3.67416e-20)
(0.390775 0.0815622 1.94702e-20)
(0.328275 0.0661559 6.51904e-20)
(0.340488 0.0725266 -5.24008e-20)
(0.352361 0.0784341 1.35173e-20)
(0.277167 0.055673 2.2039e-20)
(0.29013 0.0626396 6.28277e-21)
(0.302732 0.0690333 1.39563e-20)
(0.315094 0.074927 -1.54572e-20)
(0.240642 0.0519146 5.40672e-20)
(0.253647 0.0588783 -4.8273e-20)
(0.266458 0.0652464 4.83344e-20)
(0.206085 0.0480424 -5.73694e-21)
(0.21896 0.0549328 -4.07568e-20)
(0.231825 0.0612198 -4.63646e-20)
(0.173583 0.0441136 -1.94926e-20)
(0.18619 0.0508575 -3.54706e-20)
(0.198979 0.0570032 3.79225e-20)
(0.143214 0.0401758 9.46056e-20)
(0.155448 0.0466991 -3.92421e-20)
(0.168057 0.0526411 8.59229e-21)
(0.115052 0.0362667 3.50783e-20)
(0.126838 0.0424969 -5.69091e-20)
(0.139186 0.0481724 1.78914e-20)
(0.0787059 0.0260347 7.58395e-20)
(0.0891644 0.0324155 -2.12146e-20)
(0.100456 0.0382829 -2.49612e-20)
(0.11249 0.0436302 2.7906e-21)
(0.0558591 0.0227384 -4.30777e-20)
(0.0656199 0.0286428 3.65425e-20)
(0.0763961 0.0340818 -3.39127e-20)
(0.0354001 0.0195974 -1.19264e-20)
(0.044484 0.0249617 -2.27043e-20)
(0.054747 0.0299115 5.26793e-21)
(0.0173719 0.0166109 4.2809e-21)
(0.0258206 0.0213781 2.56631e-20)
(0.0355923 0.0257836 -2.15578e-20)
(0.00181793 0.0137717 -1.96353e-20)
(0.00969096 0.0178918 -6.00568e-21)
(0.0190105 0.0217044 -2.50691e-22)
(-0.0112196 0.0110666 2.02042e-20)
(-0.00384824 0.014497 -2.9868e-20)
(0.00507276 0.017675 1.8914e-20)
(-0.0217019 0.00847835 5.07914e-21)
(-0.0147461 0.0111836 6.98568e-21)
(-0.00615807 0.0136921 4.59458e-21)
(-0.0295956 0.00598517 -3.18321e-21)
(-0.0229597 0.00793747 1.66384e-20)
(-0.0146294 0.00974903 -1.39331e-20)
(-0.0348738 0.00356218 3.34324e-21)
(-0.0284551 0.00474163 -8.33836e-22)
(-0.0203008 0.00583651 -1.31002e-21)
(-0.0375178 0.00118216 -2.69492e-21)
(-0.0312089 0.00157678 2.40645e-22)
(-0.0231438 0.00194322 1.49725e-21)
)
;

boundaryField
{
    inlet
    {
        type            uniformFixedValue;
        uniformValue    constant (1 0 0);
        value           nonuniform 0();
    }
    outlet
    {
        type            pressureInletOutletVelocity;
        value           nonuniform 0();
    }
    cylinder
    {
        type            fixedValue;
        value           nonuniform 0();
    }
    top
    {
        type            symmetryPlane;
    }
    bottom
    {
        type            symmetryPlane;
    }
    defaultFaces
    {
        type            empty;
    }
    procBoundary27to26
    {
        type            processor;
        value           nonuniform List<vector> 
137
(
(-0.0419684 -0.000767928 1.62846e-21)
(-0.0394541 -0.00232042 -1.25242e-20)
(-0.0344327 -0.00392724 1.88603e-21)
(-0.026919 -0.00562336 -2.28435e-20)
(-0.016932 -0.00744133 -1.39919e-20)
(-0.00449486 -0.00940959 2.05565e-20)
(0.0103652 -0.0115523 1.30816e-20)
(0.0276189 -0.01389 6.44872e-20)
(0.0472413 -0.0164369 6.38115e-21)
(0.0692095 -0.0192006 -3.10953e-20)
(0.103895 -0.0294801 -4.83957e-20)
(0.103895 -0.0294801 -4.83957e-20)
(0.131394 -0.0330577 -8.61168e-20)
(0.161161 -0.0367444 -2.05284e-20)
(0.19316 -0.0405058 4.70764e-20)
(0.227352 -0.0442971 1.50045e-20)
(0.263693 -0.0480614 -6.69437e-20)
(0.315554 -0.059251 -4.08796e-20)
(0.315554 -0.059251 -4.08796e-20)
(0.35569 -0.0625723 -4.09984e-21)
(0.397422 -0.0655532 1.27276e-20)
(0.440568 -0.068102 6.94006e-20)
(0.494066 -0.0763866 1.85222e-20)
(0.494066 -0.0763866 1.85222e-20)
(0.537752 -0.0776248 7.39119e-20)
(0.58181 -0.0782593 1.08956e-19)
(0.625938 -0.0782619 -3.84806e-20)
(0.701382 -0.0830963 0)
(0.701382 -0.0830963 0)
(0.810385 -0.0835311 0)
(0.913356 -0.0786466 0)
(1.00546 -0.0705212 0)
(1.0838 -0.0608039 0)
(1.14733 -0.0504738 0)
(1.19638 -0.0402979 0)
(1.23225 -0.0308204 0)
(1.25677 -0.0223636 0)
(1.27199 -0.0150715 0)
(1.27993 -0.00895749 0)
(1.28242 -0.00394774 0)
(1.28103 8.14161e-05 0)
(1.27698 0.00327285 0)
(1.27124 0.00576768 0)
(1.2645 0.0076929 0)
(1.25726 0.00915592 0)
(1.24985 0.0102439 0)
(1.2425 0.0110255 2.98494e-29)
(1.23533 0.0115543 -2.98494e-29)
(1.22844 0.0118719 0)
(1.22189 0.0120106 0)
(1.2157 0.0119963 0)
(1.20988 0.0118497 0)
(1.20444 0.011588 -9.51919e-28)
(1.19938 0.0112254 9.51919e-28)
(1.1947 0.0107742 0)
(1.19039 0.0102452 0)
(1.18644 0.00964768 0)
(1.18285 0.00898988 0)
(1.17961 0.00827929 -1.74034e-11)
(1.17671 0.00752262 1.74034e-11)
(1.17416 0.00672601 0)
(1.17193 0.00589512 0)
(1.17003 0.00503521 0)
(1.16846 0.00415124 0)
(1.1672 0.00324799 -6.63108e-28)
(1.16627 0.00233007 6.63108e-28)
(1.16564 0.00140212 1.50286e-29)
(1.16533 0.000468109 -1.519e-29)
(1.28419 -0.00905153 -4.37525e-28)
(1.27942 -0.0117055 4.37525e-28)
(1.27309 -0.0136647 3.8065e-11)
(1.26587 -0.0150676 -3.8065e-11)
(1.25824 -0.016028 0)
(1.25052 -0.0166362 0)
(1.24291 -0.0169622 -5.97496e-11)
(1.23554 -0.0170592 5.97496e-11)
(1.22848 -0.0169682 0)
(1.22178 -0.0167203 0)
(1.21546 -0.0163402 0)
(1.20953 -0.0158472 0)
(1.204 -0.0152572 2.16833e-11)
(1.19886 -0.0145832 -2.16833e-11)
(1.1941 -0.0138363 0)
(1.18973 -0.0130257 0)
(1.18573 -0.0121597 5.29862e-28)
(1.18209 -0.0112453 -5.29862e-28)
(1.17881 -0.0102887 -1.72528e-28)
(1.17587 -0.0092957 1.72528e-28)
(1.17329 -0.00827117 0)
(1.17103 -0.0072197 0)
(1.16911 -0.0061455 0)
(1.16752 -0.00505251 0)
(1.16625 -0.0039445 -1.51117e-28)
(1.1653 -0.00282515 1.51117e-28)
(1.16467 -0.00169816 0)
(1.16436 -0.000566613 0)
(0.701387 0.0830971 0)
(0.701387 0.0830971 0)
(0.81039 0.0835323 0)
(0.91336 0.078648 0)
(1.00546 0.0705228 0)
(1.0838 0.0608055 0)
(1.14733 0.0504755 0)
(1.19638 0.0402996 0)
(1.23225 0.0308222 0)
(1.25677 0.0223654 3.38592e-27)
(1.27199 0.0150732 -3.38592e-27)
(1.27993 0.00895915 4.82943e-11)
(1.28242 0.00394933 -4.82943e-11)
(1.28242 0.00394933 -4.82943e-11)
(0.625943 0.0782624 3.84861e-20)
(0.581815 0.0782597 -1.08084e-19)
(0.537757 0.0776252 -7.24691e-20)
(0.494072 0.076387 -2.0803e-20)
(0.494072 0.076387 -2.0803e-20)
(0.440573 0.0681021 -7.27823e-20)
(0.397427 0.0655532 -8.07469e-21)
(0.355695 0.0625723 5.39228e-21)
(0.315559 0.0592509 3.61993e-20)
(0.315559 0.0592509 3.61993e-20)
(0.263697 0.0480609 6.3182e-20)
(0.227356 0.0442966 -7.15615e-21)
(0.193164 0.0405052 -5.2216e-20)
(0.161165 0.0367437 2.33857e-20)
(0.131398 0.033057 8.05285e-20)
(0.103899 0.0294793 5.16832e-20)
(0.103899 0.0294793 5.16832e-20)
(0.0692127 0.0191994 2.51361e-20)
(0.0472443 0.0164356 -4.21577e-21)
(0.0276216 0.0138886 -6.53847e-20)
(0.0103676 0.0115509 -1.07757e-20)
(-0.0044928 0.00940812 -2.29663e-20)
(-0.0169303 0.00743982 1.73562e-20)
(-0.0269176 0.00562181 2.05341e-20)
(-0.0344317 0.00392567 -1.0551e-21)
(-0.0394535 0.00231883 1.14046e-20)
(-0.0419682 0.000766331 -9.35913e-22)
)
;
    }
    procBoundary27to28
    {
        type            processor;
        value           nonuniform List<vector> 
137
(
(-0.0134606 -0.00227852 -1.62138e-21)
(-0.0105496 -0.00683856 7.5128e-22)
(-0.00474384 -0.0114073 -9.20858e-21)
(0.0039246 -0.0159879 -3.98589e-21)
(0.0154077 -0.0205815 1.30242e-20)
(0.0296438 -0.0251891 5.24436e-21)
(0.046559 -0.0298071 3.86938e-21)
(0.0660685 -0.0344284 -1.09767e-20)
(0.088078 -0.0390414 8.04488e-21)
(0.088078 -0.0390414 8.04488e-21)
(0.125191 -0.0484879 3.23691e-20)
(0.152045 -0.053332 7.49854e-21)
(0.181013 -0.0580494 -5.07559e-21)
(0.211953 -0.0626068 9.01331e-21)
(0.244718 -0.0669669 2.36613e-21)
(0.279151 -0.0710882 -4.23021e-20)
(0.279151 -0.0710882 -4.23021e-20)
(0.327323 -0.0803756 -5.10693e-20)
(0.364024 -0.0839276 1.57699e-20)
(0.401733 -0.0870792 6.14055e-21)
(0.440251 -0.0897912 -3.6576e-20)
(0.479374 -0.0920261 -1.06285e-20)
(0.479374 -0.0920261 -1.06285e-20)
(0.526801 -0.0990419 -2.06811e-20)
(0.565318 -0.100269 9.81905e-21)
(0.603717 -0.101012 -1.11473e-19)
(0.641798 -0.10131 -1.71323e-20)
(0.641798 -0.10131 -1.71323e-20)
(0.708708 -0.106291 0)
(0.80388 -0.108538 0)
(0.894885 -0.106493 0)
(0.978085 -0.10146 0)
(1.05092 -0.0944946 0)
(1.11202 -0.0862612 0)
(1.1611 -0.07741 0)
(1.19874 -0.0684954 0)
(1.22615 -0.059922 0)
(1.24481 -0.0519527 0)
(1.25635 -0.0447308 0)
(1.2623 -0.0383073 0)
(1.26406 -0.0326681 0)
(1.26279 -0.0277591 0)
(1.25942 -0.0235059 2.25032e-27)
(1.25469 -0.019828 -2.25032e-27)
(1.24913 -0.0166482 0)
(1.24313 -0.0138972 0)
(1.23696 -0.0115156 2.93453e-29)
(1.23081 -0.00945351 -2.93453e-29)
(1.2248 -0.00766994 0)
(1.219 -0.00613089 0)
(1.21347 -0.00480809 -1.05927e-27)
(1.20824 -0.00367767 1.05927e-27)
(1.20332 -0.00271919 0)
(1.19872 -0.00191479 0)
(1.19445 -0.00124859 0)
(1.1905 -0.000706332 0)
(1.18688 -0.000275048 0)
(1.18357 5.7203e-05 0)
(1.18059 0.000301425 1.8369e-11)
(1.17791 0.000467919 -1.8369e-11)
(1.17555 0.000566382 0)
(1.17349 0.000605942 0)
(1.17173 0.00059532 0)
(1.17027 0.000542861 0)
(1.1691 0.000456619 0)
(1.16823 0.000344435 0)
(1.16765 0.00021406 -1.61785e-29)
(1.16736 7.26454e-05 1.63523e-29)
(1.25175 0.0104767 0)
(1.24538 0.00810365 0)
(1.23889 0.00608863 -2.97233e-11)
(1.23246 0.00438045 2.97233e-11)
(1.22621 0.00293746 0)
(1.2202 0.00172564 0)
(1.21449 0.000717053 0)
(1.20909 -0.000111687 0)
(1.20402 -0.000780386 0)
(1.19929 -0.00130626 0)
(1.19489 -0.00170453 0)
(1.19084 -0.00198872 0)
(1.18712 -0.00217108 0)
(1.18373 -0.00226278 0)
(1.18067 -0.00227411 0)
(1.17793 -0.00221462 0)
(1.17551 -0.00209325 0)
(1.1734 -0.00191837 0)
(1.1716 -0.00169797 0)
(1.1701 -0.00143966 0)
(1.16891 -0.00115078 0)
(1.16802 -0.000838458 0)
(1.16743 -0.000509747 -3.20606e-11)
(1.16713 -0.000171087 3.2405e-11)
(0.708714 0.106293 0)
(0.641804 0.101311 1.669e-20)
(0.803886 0.10854 0)
(0.89489 0.106495 0)
(0.97809 0.101462 0)
(1.05093 0.0944969 0)
(1.11202 0.0862634 0)
(1.1611 0.0774122 0)
(1.19875 0.0684976 0)
(1.22615 0.0599242 1.04236e-27)
(1.24481 0.0519548 -1.04236e-27)
(1.25635 0.0447328 0)
(1.2623 0.0383092 0)
(1.26406 0.0326699 0)
(1.26279 0.0277608 0)
(1.25942 0.0235075 7.6391e-28)
(1.25175 0.0104767 0)
(1.25469 0.0198295 -7.6391e-28)
(0.641804 0.101311 1.669e-20)
(0.603723 0.101014 1.1262e-19)
(0.565324 0.100271 -1.01921e-20)
(0.526807 0.0990437 1.95881e-20)
(0.47938 0.0920275 1.12498e-20)
(0.47938 0.0920275 1.12498e-20)
(0.440257 0.0897926 4.01629e-20)
(0.401739 0.0870806 -5.41878e-21)
(0.36403 0.083929 -1.64475e-20)
(0.327329 0.0803771 4.63253e-20)
(0.279157 0.0710892 4.62342e-20)
(0.279157 0.0710892 4.62342e-20)
(0.244723 0.0669679 -3.71015e-21)
(0.211958 0.0626078 -1.30736e-20)
(0.181018 0.0580503 1.07401e-20)
(0.152049 0.0533329 -7.03565e-21)
(0.125195 0.0484888 -3.95714e-20)
(0.0880819 0.0390417 -9.02398e-21)
(0.0880819 0.0390417 -9.02398e-21)
(0.066072 0.0344287 1.12983e-20)
(0.0465622 0.0298073 -2.40051e-21)
(0.0296465 0.0251893 -5.06939e-21)
(0.0154099 0.0205818 -1.48879e-20)
(0.00392637 0.0159881 5.75934e-21)
(-0.00474256 0.0114075 8.29136e-21)
(-0.0105488 0.00683874 -8.07788e-22)
(-0.0134603 0.00227871 4.55737e-21)
)
;
    }
}


// ************************************************************************* //
