/*--------------------------------*- C++ -*----------------------------------*\
  =========                 |
  \\      /  F ield         | OpenFOAM: The Open Source CFD Toolbox
   \\    /   O peration     | Website:  https://openfoam.org
    \\  /    A nd           | Version:  7
     \\/     M anipulation  |
\*---------------------------------------------------------------------------*/
FoamFile
{
    version     2.0;
    format      ascii;
    class       volScalarField;
    location    "55";
    object      p;
}
// * * * * * * * * * * * * * * * * * * * * * * * * * * * * * * * * * * * * * //

dimensions      [0 2 -2 0 0 0 0];

internalField   nonuniform List<scalar> 
183
(
0.186635
0.199767
0.217604
0.212393
0.237817
0.230625
0.224454
0.25108
0.243002
0.235895
0.273062
0.263602
0.254673
0.246662
0.285623
0.27532
0.265581
0.256706
0.297258
0.286171
0.275673
0.265981
0.320037
0.307907
0.2961
0.284897
0.274445
0.330354
0.317514
0.305055
0.293207
0.28206
0.339496
0.326027
0.312989
0.300563
0.288791
0.347416
0.3334
0.319859
0.306928
0.294607
0.36901
0.354069
0.339593
0.325629
0.31227
0.299484
0.374765
0.359419
0.344574
0.330268
0.316561
0.303399
0.379088
0.363438
0.348314
0.333751
0.319782
0.381954
0.366102
0.350793
0.33606
0.321916
0.383347
0.367396
0.351998
0.337181
0.322952
0.383259
0.367315
0.351922
0.337109
0.322883
0.38169
0.365857
0.350565
0.335844
0.321712
0.378649
0.363031
0.347934
0.333393
0.319444
0.306023
0.374152
0.358851
0.344043
0.329767
0.316089
0.302964
0.368223
0.35334
0.338913
0.324987
0.311663
0.298926
0.346529
0.332572
0.319078
0.306189
0.293927
0.338454
0.325053
0.31207
0.299694
0.287988
0.329158
0.316398
0.304001
0.292208
0.281136
0.318691
0.306651
0.294914
0.28377
0.273401
0.295865
0.284855
0.274422
0.264819
0.284097
0.273878
0.264209
0.255427
0.271408
0.262039
0.253182
0.245269
0.2494
0.241397
0.234391
0.236026
0.228912
0.222844
0.215789
0.210682
0.197961
0.184744
0.120051
0.101689
0.0820297
0.0675963
0.0529069
0.0467236
0.0429734
0.0342965
0.0282954
0.0285325
0.0292699
0.0249671
0.0218708
0.0200675
0.0199675
0.0225106
0.0195525
0.018268
0.0171331
0.022051
0.016965
0.141296
0.140028
0.119096
0.100646
0.0822298
0.0638672
0.0553339
0.046889
0.0374773
0.0277238
0.0303783
0.0200802
0.0231886
0.0167972
0.0179016
0.0178203
0.0196764
0.0178882
0.0153953
0.0157479
0.0187943
0.0181842
0.0153964
)
;

boundaryField
{
    inlet
    {
        type            zeroGradient;
    }
    outlet
    {
        type            fixedValue;
        value           nonuniform 0();
    }
    cylinder
    {
        type            zeroGradient;
    }
    top
    {
        type            symmetryPlane;
    }
    bottom
    {
        type            symmetryPlane;
    }
    defaultFaces
    {
        type            empty;
    }
    procBoundary3to2
    {
        type            processor;
        value           nonuniform List<scalar> 
82
(
0.169218
0.175459
0.181403
0.187034
0.192335
0.19729
0.201885
0.206105
0.209939
0.213373
0.216399
0.219007
0.221189
0.306335
0.222938
0.306335
0.308279
0.309221
0.309159
0.308091
0.308091
0.224146
0.222791
0.220998
0.21877
0.216115
0.21304
0.209553
0.205665
0.201386
0.19673
0.191709
0.186338
0.180634
0.174612
0.168289
0.138805
0.118765
0.103639
0.0902914
0.0778254
0.0683585
0.0628193
0.0570039
0.0502218
0.0462897
0.045262
0.0431427
0.0399647
0.0361344
0.0345089
0.0350945
0.0339074
0.0309886
0.0299846
0.0322727
0.029351
0.153716
0.148852
0.147641
0.153046
0.137858
0.118024
0.103113
0.0882068
0.0766311
0.0685996
0.0605014
0.0524623
0.04783
0.042441
0.039597
0.035486
0.0328064
0.0320655
0.033004
0.0321825
0.0294685
0.0288577
0.0306822
0.0304349
0.0281204
)
;
    }
    procBoundary3to4
    {
        type            processor;
        value           nonuniform List<scalar> 
90
(
0.130087
0.173059
0.189885
0.204002
0.204002
0.223879
0.223879
0.24543
0.259641
0.259641
0.282626
0.296109
0.308602
0.308602
0.332413
0.343505
0.353336
0.361853
0.361853
0.384392
0.390587
0.39524
0.398325
0.399824
0.399728
0.398038
0.394763
0.389921
0.383538
0.360896
0.360896
0.352211
0.342214
0.330961
0.30711
0.30711
0.294476
0.280856
0.257865
0.257865
0.243538
0.221985
0.221985
0.202094
0.202094
0.187892
0.171095
0.128036
0.103008
0.0674866
0.0460611
0.0315646
0.0220504
0.0180101
0.0134064
0.00892323
0.00947547
0.0114111
0.0083814
0.00828043
0.00613139
0.0127805
0.0107651
0.0128864
0.00862573
0.0151445
0.0127064
0.0152006
0.0141532
0.101412
0.0637556
0.0421151
0.0273353
0.0186171
0.0105133
0.00634365
0.00447792
0.00666881
0.00497349
0.00721719
0.00784721
0.0106308
0.0100445
0.00874017
0.00741229
0.00964717
0.00953132
0.00895639
0.00869378
0.00998133
)
;
    }
}


// ************************************************************************* //
