/*--------------------------------*- C++ -*----------------------------------*\
  =========                 |
  \\      /  F ield         | OpenFOAM: The Open Source CFD Toolbox
   \\    /   O peration     | Website:  https://openfoam.org
    \\  /    A nd           | Version:  7
     \\/     M anipulation  |
\*---------------------------------------------------------------------------*/
FoamFile
{
    version     2.0;
    format      ascii;
    class       volScalarField;
    location    "5";
    object      p;
}
// * * * * * * * * * * * * * * * * * * * * * * * * * * * * * * * * * * * * * //

dimensions      [0 2 -2 0 0 0 0];

internalField   nonuniform List<scalar> 
928
(
0.183104
0.181974
0.197931
0.187853
0.185279
0.181163
0.204316
0.205072
0.202167
0.200216
0.221943
0.223341
0.223432
0.2212
0.221974
0.240764
0.241997
0.242583
0.242023
0.239787
0.241228
0.260619
0.261601
0.262033
0.261884
0.260731
0.25825
0.259525
0.282083
0.28226
0.28193
0.281081
0.279345
0.276508
0.277324
0.303387
0.303251
0.302647
0.301576
0.300036
0.297699
0.294414
0.294627
0.325475
0.324968
0.324044
0.322678
0.320877
0.318649
0.315693
0.311902
0.311426
0.348306
0.347378
0.346084
0.344389
0.342274
0.339755
0.33684
0.333255
0.328926
0.327714
0.37044
0.368733
0.366668
0.364218
0.361369
0.358141
0.354544
0.350328
0.345445
0.343474
0.394097
0.391945
0.389476
0.386658
0.383469
0.379901
0.375975
0.371704
0.36686
0.361419
0.35868
0.415656
0.412758
0.409546
0.405994
0.402084
0.397813
0.393203
0.38827
0.382808
0.376812
0.439792
0.436444
0.43282
0.428887
0.424621
0.42001
0.415054
0.409778
0.404199
0.398132
0.391588
0.460452
0.456402
0.452077
0.447445
0.442487
0.437197
0.431578
0.425656
0.419449
0.412794
0.405716
0.484689
0.480203
0.475477
0.470474
0.465168
0.459545
0.453601
0.447342
0.440797
0.433984
0.426761
0.50412
0.498989
0.493614
0.487962
0.48201
0.475749
0.469177
0.462306
0.455162
0.447768
0.440001
0.528043
0.522505
0.51676
0.510766
0.504494
0.497927
0.491058
0.483889
0.476433
0.468719
0.460771
0.545906
0.539794
0.533466
0.526886
0.520027
0.512878
0.505433
0.497698
0.489689
0.481436
0.472963
0.569069
0.562593
0.555939
0.549063
0.541931
0.534521
0.526824
0.518838
0.510572
0.502044
0.493284
0.484318
0.585026
0.578055
0.570896
0.563509
0.555862
0.547939
0.539731
0.531241
0.522481
0.513469
0.504237
0.599679
0.59225
0.584625
0.576765
0.568644
0.560246
0.551567
0.542612
0.533395
0.523937
0.51427
0.612986
0.605139
0.597087
0.588796
0.580241
0.57141
0.562302
0.552923
0.54329
0.533425
0.523361
0.632966
0.624909
0.616686
0.608251
0.599571
0.590626
0.581406
0.57191
0.56215
0.552143
0.541913
0.531491
0.643797
0.635416
0.626859
0.618085
0.609061
0.599771
0.590206
0.580369
0.570272
0.559934
0.54938
0.538644
0.653139
0.644477
0.635632
0.626563
0.617242
0.607653
0.59779
0.587657
0.577269
0.566644
0.555811
0.660965
0.652067
0.642979
0.633662
0.624092
0.614251
0.604138
0.593757
0.583124
0.57226
0.561192
0.667253
0.658164
0.64888
0.639365
0.629593
0.619551
0.609236
0.598655
0.587825
0.576767
0.565511
0.671985
0.662752
0.653321
0.643655
0.633731
0.623537
0.61307
0.602339
0.59136
0.580156
0.568758
0.675146
0.665818
0.656288
0.646522
0.636496
0.626199
0.615631
0.604799
0.593721
0.58242
0.570926
0.685951
0.676729
0.667352
0.657773
0.647957
0.63788
0.627533
0.616913
0.606031
0.594903
0.583553
0.572012
0.685951
0.676729
0.667352
0.657773
0.647957
0.63788
0.627532
0.616913
0.606031
0.594903
0.583553
0.572012
0.675146
0.665817
0.656287
0.646521
0.636496
0.626199
0.615631
0.604799
0.593721
0.58242
0.570926
0.671984
0.662752
0.65332
0.643655
0.633731
0.623536
0.613069
0.602338
0.591359
0.580156
0.568757
0.667253
0.658164
0.64888
0.639364
0.629592
0.61955
0.609235
0.598655
0.587824
0.576767
0.56551
0.660965
0.652066
0.642978
0.633662
0.624091
0.614251
0.604137
0.593757
0.583123
0.572259
0.561191
0.653138
0.644476
0.635631
0.626562
0.617241
0.607652
0.597789
0.587656
0.577268
0.566644
0.55581
0.643796
0.635415
0.626858
0.618084
0.60906
0.59977
0.590205
0.580368
0.570271
0.559933
0.549379
0.538643
0.632964
0.624908
0.616685
0.60825
0.59957
0.590625
0.581404
0.571909
0.56215
0.552142
0.541912
0.531491
0.612984
0.605137
0.597086
0.588795
0.58024
0.571409
0.562301
0.552922
0.543289
0.533424
0.52336
0.599677
0.592248
0.584623
0.576763
0.568642
0.560244
0.551565
0.542611
0.533394
0.523936
0.514268
0.585025
0.578053
0.570895
0.563507
0.555861
0.547937
0.53973
0.53124
0.522479
0.513467
0.504236
0.569068
0.562591
0.555937
0.549061
0.541929
0.53452
0.526822
0.518837
0.510571
0.502043
0.493283
0.484317
0.545904
0.539792
0.533464
0.526884
0.520026
0.512876
0.505431
0.497697
0.489688
0.481435
0.472962
0.528041
0.522503
0.516758
0.510764
0.504492
0.497925
0.491056
0.483887
0.476431
0.468718
0.460769
0.504117
0.498987
0.493612
0.48796
0.482008
0.475747
0.469176
0.462304
0.455161
0.447766
0.439999
0.484687
0.4802
0.475474
0.470472
0.465166
0.459543
0.453599
0.44734
0.440795
0.433982
0.426759
0.46045
0.4564
0.452074
0.447442
0.442485
0.437195
0.431576
0.425654
0.419447
0.412793
0.405714
0.439789
0.436441
0.432818
0.428885
0.424619
0.420008
0.415052
0.409776
0.404197
0.39813
0.391586
0.415653
0.412755
0.409544
0.405992
0.402082
0.39781
0.393201
0.388269
0.382806
0.37681
0.373303
0.394094
0.391942
0.389474
0.386656
0.383467
0.379899
0.375972
0.371702
0.366858
0.361417
0.358679
0.370437
0.36873
0.366666
0.364216
0.361367
0.358138
0.354542
0.350325
0.345443
0.343472
0.347375
0.346081
0.344387
0.342272
0.339753
0.336838
0.333253
0.328924
0.327712
0.325472
0.324965
0.324041
0.322675
0.320875
0.318646
0.315691
0.3119
0.311423
0.303384
0.303248
0.302645
0.301573
0.300033
0.297697
0.294412
0.294624
0.282081
0.282257
0.281927
0.281078
0.279343
0.276505
0.277322
0.260616
0.261598
0.262031
0.261882
0.260728
0.258248
0.259522
0.240761
0.241995
0.24258
0.24202
0.239785
0.241226
0.221941
0.223339
0.22343
0.221198
0.221972
0.204313
0.205069
0.202164
0.200214
0.18785
0.185277
0.18116
0.181971
0.197929
0.183101
0.148301
0.121886
0.101855
0.0867522
0.0742411
0.0642304
0.056149
0.0496038
0.0443032
0.0400111
0.0365375
0.0337301
0.0314663
0.0296467
0.0281908
0.027033
0.02612
0.025408
0.0248614
0.18199
0.148661
0.123011
0.104218
0.0890797
0.0770557
0.0673794
0.0595285
0.0531395
0.0479299
0.0436766
0.0402022
0.0373646
0.0350492
0.0331629
0.0316297
0.0303878
0.0293865
0.0285841
0.0279464
0.0274454
0.0270578
0.0267646
0.02655
0.0264007
0.0263059
0.0262563
0.0262445
0.0262638
0.0263088
0.0263749
0.0264581
0.0265549
0.0266626
0.0267784
0.0269003
0.0270263
0.0271547
0.0272842
0.0274133
0.027541
0.0276664
0.0277885
0.0279066
0.0280201
0.0281283
0.0282307
0.028327
0.0284166
0.0284993
0.0285747
0.0286427
0.0287029
0.0287551
0.0287992
0.028835
0.0288623
0.0288811
0.0288909
0.0288914
0.211287
0.171202
0.141206
0.120111
0.103387
0.0900463
0.079261
0.0704439
0.0631975
0.0572224
0.0522827
0.0481908
0.0447961
0.0419767
0.0396335
0.037685
0.0360648
0.0347179
0.0335993
0.0326716
0.0319042
0.0312714
0.0307523
0.0303291
0.0299871
0.0297141
0.0294997
0.0293351
0.0292128
0.0291266
0.029071
0.0290413
0.0290335
0.029044
0.0290697
0.029108
0.0291565
0.0292132
0.0292762
0.0293439
0.0294148
0.0294879
0.0295618
0.0296357
0.0297086
0.0297799
0.0298488
0.0299147
0.0299771
0.0300356
0.0300897
0.0301391
0.0301835
0.0302226
0.0302561
0.0302839
0.0303058
0.0303216
0.030331
0.0303362
0.208629
0.190213
0.178951
0.166582
0.154566
0.143983
0.134716
0.126465
0.119061
0.112402
0.106401
0.100977
0.0960602
0.0915909
0.0875182
0.208627
0.190211
0.178949
0.16658
0.154564
0.143981
0.134714
0.126463
0.119059
0.1124
0.106399
0.100975
0.0960585
0.0915893
0.0875166
0.0837967
0.080392
0.0772703
0.0744036
0.0717678
0.0693414
0.067106
0.0650449
0.0631434
0.0613884
0.0597679
0.0582711
0.0568883
0.0556106
0.0544298
0.0533385
0.0523299
0.0513978
0.0505364
0.0497405
0.0490052
0.0483262
0.0476995
0.0471212
0.0465881
0.046097
0.0456451
0.0452298
0.0448487
0.0444997
0.0441809
0.0438904
0.0436266
0.0433882
0.0431738
0.0429823
0.0428127
0.042664
0.0425354
0.0424264
0.0423363
0.0422649
0.0422117
0.0421748
0.0421512
0.211284
0.171199
0.141203
0.120109
0.103384
0.0900437
0.0792585
0.0704415
0.0631951
0.0572201
0.0522805
0.0481886
0.044794
0.0419747
0.0396315
0.0376831
0.0360629
0.034716
0.0335975
0.0326699
0.0319025
0.0312698
0.0307507
0.0303275
0.0299856
0.0297126
0.0294982
0.0293336
0.0292114
0.0291252
0.0290697
0.02904
0.0290321
0.0290426
0.0290684
0.0291067
0.0291553
0.0292119
0.0292749
0.0293426
0.0294136
0.0294867
0.0295606
0.0296345
0.0297074
0.0297787
0.0298476
0.0299135
0.029976
0.0300344
0.0300885
0.030138
0.0301823
0.0302214
0.030255
0.0302828
0.0303046
0.0303205
0.0303299
0.030335
0.181987
0.148659
0.123009
0.104215
0.089077
0.0770531
0.0673768
0.059526
0.053137
0.0479275
0.0436743
0.0402
0.0373625
0.0350471
0.0331608
0.0316278
0.0303859
0.0293846
0.0285823
0.0279446
0.0274436
0.0270561
0.026763
0.0265484
0.0263991
0.0263043
0.0262549
0.026243
0.0262623
0.0263074
0.0263735
0.0264567
0.0265536
0.0266612
0.0267771
0.026899
0.027025
0.0271535
0.0272829
0.0274121
0.0275398
0.0276652
0.0277873
0.0279054
0.0280189
0.0281271
0.0282296
0.0283258
0.0284155
0.0284981
0.0285736
0.0286415
0.0287017
0.028754
0.0287981
0.0288338
0.0288611
0.02888
0.0288898
0.0288903
0.148298
0.121884
0.101852
0.0867495
)
;

boundaryField
{
    inlet
    {
        type            zeroGradient;
    }
    outlet
    {
        type            fixedValue;
        value           nonuniform 0();
    }
    cylinder
    {
        type            zeroGradient;
    }
    top
    {
        type            symmetryPlane;
    }
    bottom
    {
        type            symmetryPlane;
    }
    defaultFaces
    {
        type            empty;
    }
    procBoundary2to1
    {
        type            processor;
        value           nonuniform List<scalar> 
193
(
0.249805
0.267109
0.279663
0.291483
0.303134
0.314299
0.324917
0.335027
0.344647
0.35378
0.373305
0.36243
0.373305
0.387321
0.400702
0.419164
0.419164
0.431905
0.452485
0.452485
0.464186
0.47508
0.494812
0.494812
0.504421
0.513127
0.520911
0.527757
0.544802
0.544802
0.549954
0.554089
0.557197
0.559273
0.560312
0.560312
0.559273
0.557197
0.554088
0.549953
0.544801
0.544801
0.527756
0.52091
0.513126
0.50442
0.494811
0.494811
0.475079
0.464185
0.452483
0.452483
0.431904
0.419163
0.419163
0.400701
0.38732
0.38732
0.3706
0.362429
0.353779
0.344646
0.335025
0.324915
0.314298
0.303132
0.291482
0.279661
0.267107
0.249803
0.0837982
0.0803935
0.0772718
0.0744051
0.0717692
0.0693428
0.0671074
0.0650463
0.0631448
0.0613897
0.0597692
0.0582724
0.0568896
0.0556118
0.054431
0.0533398
0.0523311
0.051399
0.0505376
0.0497417
0.0490064
0.0483274
0.0477006
0.0471224
0.0465893
0.0460982
0.0456463
0.0452309
0.0448499
0.0445009
0.044182
0.0438915
0.0436278
0.0433893
0.043175
0.0429834
0.0428138
0.0426651
0.0425365
0.0424275
0.0423374
0.042266
0.0422128
0.0421759
0.0421523
0.276217
0.249805
0.261126
0.248408
0.234989
0.221749
0.209264
0.197579
0.186639
0.176419
0.166903
0.158065
0.149875
0.142299
0.1353
0.0837982
0.128844
0.249803
0.276216
0.261125
0.248407
0.234987
0.221748
0.209263
0.197577
0.186637
0.176418
0.166901
0.158064
0.149874
0.142297
0.135299
0.128843
0.122893
0.117415
0.112374
0.107739
0.103478
0.0995627
0.0959652
0.0926602
0.089624
0.0868346
0.0842716
0.0819164
0.0797516
0.0777616
0.0759318
0.074249
0.0727011
0.0712772
0.069967
0.0687616
0.0676525
0.0666321
0.0656935
0.0648305
0.0640374
0.0633089
0.0626404
0.0620276
0.0614668
0.0609543
0.0604871
0.0600623
0.0596774
0.0593301
0.0590184
0.0587404
0.0584946
0.0582796
0.0580942
0.0579373
0.057808
0.0577053
0.0576287
0.0575809
0.0575672
)
;
    }
    procBoundary2to3
    {
        type            processor;
        value           nonuniform List<scalar> 
222
(
0.159422
0.159422
0.167902
0.167902
0.174403
0.174403
0.185916
0.185916
0.20199
0.20199
0.219841
0.219841
0.238937
0.238937
0.259115
0.281412
0.281412
0.30309
0.30309
0.325608
0.325608
0.348913
0.371828
0.371828
0.395978
0.41828
0.41828
0.442913
0.464268
0.464268
0.488987
0.509052
0.509052
0.533427
0.551853
0.551853
0.575427
0.591864
0.606962
0.620675
0.620675
0.640911
0.652056
0.66167
0.669725
0.676196
0.681067
0.684321
0.684321
0.695076
0.695076
0.684321
0.684321
0.681066
0.676196
0.669724
0.661669
0.652055
0.64091
0.620674
0.620674
0.60696
0.591863
0.575425
0.551851
0.551851
0.533425
0.50905
0.50905
0.488985
0.464265
0.464265
0.44291
0.418278
0.418278
0.395975
0.371825
0.371825
0.348303
0.348303
0.325605
0.303087
0.303087
0.281409
0.281409
0.259112
0.238934
0.238934
0.219838
0.219838
0.201987
0.201987
0.185914
0.185914
0.174401
0.174401
0.1679
0.1679
0.159419
0.159419
0.122715
0.101969
0.0851962
0.0724588
0.0618545
0.0533621
0.0465125
0.0409922
0.0365554
0.0329979
0.0301542
0.0278903
0.026098
0.0246897
0.0235941
0.0227534
0.0221207
0.0216576
0.021333
0.024451
0.024451
0.0241526
0.0239466
0.0238168
0.0237495
0.0237338
0.0237603
0.0238213
0.0239103
0.0240219
0.0241515
0.0242952
0.0244497
0.0246121
0.0247801
0.0249515
0.0251245
0.0252976
0.0254694
0.0256387
0.0258045
0.0259659
0.0261221
0.0262725
0.0264164
0.0265533
0.0266828
0.0268044
0.0269179
0.0270229
0.0271191
0.0272063
0.0272843
0.0273529
0.0274119
0.0274612
0.0275007
0.0275302
0.0275499
0.027559
0.0275561
0.0742385
0.0642278
0.0561464
0.0496012
0.0443007
0.0400087
0.0365352
0.0337279
0.0314641
0.0296446
0.0281887
0.027031
0.0261181
0.0254062
0.0248596
0.0244492
0.0241509
0.023945
0.0238152
0.023748
0.0237323
0.0237588
0.0238198
0.0239089
0.0240205
0.0241501
0.0242938
0.0244484
0.0246108
0.0247788
0.0249502
0.0251232
0.0252963
0.0254681
0.0256374
0.0258033
0.0259647
0.0261209
0.0262713
0.0264152
0.0265521
0.0266816
0.0268033
0.0269167
0.0270217
0.0271179
0.0272051
0.0272831
0.0273517
0.0274108
0.0274601
0.0274996
0.0275291
0.0275487
0.0275579
0.027555
0.122713
0.101966
0.0851934
0.0742385
0.0724561
)
;
    }
}


// ************************************************************************* //
