/*--------------------------------*- C++ -*----------------------------------*\
  =========                 |
  \\      /  F ield         | OpenFOAM: The Open Source CFD Toolbox
   \\    /   O peration     | Website:  https://openfoam.org
    \\  /    A nd           | Version:  7
     \\/     M anipulation  |
\*---------------------------------------------------------------------------*/
FoamFile
{
    version     2.0;
    format      ascii;
    class       volVectorField;
    location    "5";
    object      U;
}
// * * * * * * * * * * * * * * * * * * * * * * * * * * * * * * * * * * * * * //

dimensions      [0 1 -1 0 0 0 0];

internalField   nonuniform List<vector> 
2304
(
(-0.00473981 0.00345109 -3.356e-20)
(-0.0154824 0.00527906 -5.36563e-20)
(-0.0280667 0.00466658 1.86306e-20)
(-0.036554 0.00285881 2.86959e-20)
(-0.0392987 0.000401628 -8.65111e-20)
(-0.0358303 -0.00243336 -3.54826e-20)
(-0.0259415 -0.00549579 -1.02893e-19)
(-0.0097204 -0.00860941 3.70604e-20)
(0.0128305 -0.0113215 3.6029e-20)
(0.0403017 -0.0125793 1.1908e-20)
(-0.00555952 0.00982908 -4.88828e-20)
(-0.0153145 0.0148696 -4.60791e-20)
(-0.0246954 0.0129466 3.60722e-20)
(-0.0288023 0.00760643 1.03789e-19)
(-0.0263288 0.000424597 8.72407e-20)
(-0.0169621 -0.00781321 1.25484e-19)
(-0.000616491 -0.0166635 3.78309e-20)
(0.0225317 -0.0256431 -2.33e-20)
(0.0525044 -0.0335404 1.09307e-20)
(0.0885755 -0.037121 -1.8239e-20)
(-0.00689739 0.0147261 7.38754e-21)
(-0.0144559 0.0217081 5.06069e-20)
(-0.017467 0.0182303 1.40284e-19)
(-0.0129701 0.00960066 -6.38137e-20)
(-0.000321887 -0.00175487 1.37349e-19)
(0.0204732 -0.0145968 1.16272e-19)
(0.0492371 -0.0282444 1.0758e-19)
(0.0854806 -0.0420294 -6.77439e-20)
(0.129177 -0.0542293 -1.66594e-19)
(0.181211 -0.0594003 -4.89697e-20)
(-0.00820273 0.0174343 2.42471e-19)
(-0.0119094 0.0244345 3.33947e-19)
(-0.00541055 0.0190535 -6.74375e-20)
(0.0116538 0.00753414 -2.78841e-19)
(0.0389833 -0.00709884 -5.0688e-19)
(0.0760592 -0.0232494 -1.53718e-19)
(0.122244 -0.0400833 -2.20781e-20)
(0.176475 -0.0568989 -3.92786e-19)
(0.238212 -0.0717509 -2.08899e-19)
(0.311069 -0.0768755 8.06754e-20)
(-0.00875657 0.0175808 -2.31784e-20)
(-0.00630216 0.0223434 -2.14945e-19)
(0.012914 0.014686 -3.2161e-20)
(0.0462265 0.000871193 -8.89388e-20)
(0.0921726 -0.0157893 -2.43695e-20)
(0.149466 -0.0334935 1.70594e-19)
(0.21673 -0.0513291 -7.10832e-20)
(0.292026 -0.0687119 -1.88138e-19)
(0.373578 -0.0839129 1.43548e-19)
(0.468365 -0.0862576 4.55278e-20)
(-0.0077422 0.0151712 2.74892e-19)
(0.0039926 0.0154593 1.09075e-19)
(0.0392878 0.00530322 3.35998e-19)
(0.0922884 -0.00990657 -1.73183e-19)
(0.160124 -0.0269562 -4.07277e-20)
(0.240416 -0.0440184 5.39476e-20)
(0.330648 -0.0602111 -3.47852e-19)
(0.427631 -0.0751986 -2.2608e-19)
(0.52779 -0.0879001 1.85542e-19)
(0.640365 -0.0841145 1.41928e-19)
(-0.00435145 0.0105298 -7.9808e-19)
(0.0206957 0.00451273 -5.0349e-20)
(0.075648 -0.00792473 -4.56313e-19)
(0.15148 -0.0231834 -1.99459e-19)
(0.243635 -0.0385475 -4.33401e-19)
(0.348225 -0.0524006 4.65588e-19)
(0.461076 -0.064087 -2.60011e-19)
(0.577313 -0.0736287 1.04333e-20)
(0.691575 -0.0804912 -1.08592e-19)
(0.811169 -0.0683143 5.0384e-19)
(0.00217963 0.00422556 -4.20442e-19)
(0.0454165 -0.00908128 -3.12517e-19)
(0.123737 -0.0229001 -9.59542e-19)
(0.225023 -0.0362976 -4.69769e-20)
(0.342704 -0.0474929 8.64098e-20)
(0.470911 -0.0554321 -2.92905e-19)
(0.603386 -0.0600176 -6.66475e-19)
(0.733432 -0.0617229 -1.41567e-19)
(0.85463 -0.0597606 -1.31719e-19)
(0.965223 -0.0427991 1.5476e-19)
(0.0125302 -0.00297302 2.77228e-19)
(0.0794336 -0.0233632 1.62705e-19)
(0.184649 -0.0368003 1.29951e-19)
(0.313045 -0.0458425 -3.28309e-20)
(0.45565 -0.0501792 -6.42083e-19)
(0.604193 -0.0498164 -1.09046e-18)
(0.750259 -0.0456698 2.86249e-20)
(0.885996 -0.0388308 -2.14818e-19)
(1.00574 -0.0284208 -3.225e-19)
(1.09645 -0.0210317 3.47862e-20)
(0.027228 -0.0101421 -2.18545e-19)
(0.123464 -0.0359927 -2.43099e-19)
(0.258401 -0.0463721 -7.27165e-20)
(0.414003 -0.0481582 -1.40273e-19)
(0.57856 -0.0431443 -2.34489e-19)
(0.741261 -0.0329705 -2.91459e-19)
(0.89195 -0.0200397 2.94114e-19)
(1.02243 -0.00665193 -2.21135e-19)
(1.12786 0.00590041 -3.20999e-19)
(1.20227 0.00730906 2.34636e-19)
(0.0465678 -0.0162318 1.37497e-19)
(0.177416 -0.0444192 1.20676e-19)
(0.343597 -0.0483247 -1.19161e-19)
(0.52442 -0.0399569 -1.54553e-19)
(0.705425 -0.0238686 -4.87078e-20)
(0.873801 -0.00377536 -3.34999e-19)
(1.01897 0.0163596 -7.01011e-20)
(1.13423 0.0333796 4.83322e-19)
(1.2174 0.0452853 2.18433e-19)
(1.26866 0.0466608 2.25455e-19)
(0.0705176 -0.020104 1.10869e-19)
(0.240212 -0.0461044 -6.70194e-20)
(0.437305 -0.039776 -2.84756e-19)
(0.639061 -0.0189464 1.46628e-19)
(0.828921 0.00856686 4.96913e-19)
(0.993529 0.0369118 2.67681e-19)
(1.12403 0.0610586 -2.90474e-19)
(1.21733 0.077919 1.12988e-19)
(1.27567 0.0862991 -3.50485e-19)
(1.30396 0.0848389 -2.13448e-19)
(0.0986236 -0.0206002 -2.44562e-19)
(0.309696 -0.0387893 1.03736e-19)
(0.535199 -0.0186774 2.97975e-19)
(0.751554 0.0157388 -2.82439e-19)
(0.941629 0.053305 3.09017e-19)
(1.09377 0.0866011 2.08733e-19)
(1.2032 0.110622 2.76451e-19)
(1.272 0.123539 2.95892e-19)
(1.30713 0.126016 -1.46231e-19)
(1.31696 0.119956 2.29954e-20)
(0.12995 -0.0166518 2.10795e-19)
(0.382699 -0.0207877 -3.58507e-19)
(0.631975 0.0158514 4.86635e-20)
(0.855292 0.0633933 -2.50583e-19)
(1.03727 0.107995 3.11616e-19)
(1.17049 0.14193 2.90933e-19)
(1.25601 0.161652 2.2802e-20)
(1.30147 0.167619 -8.88475e-20)
(1.31761 0.162768 -1.12424e-19)
(1.31439 0.151151 -7.44779e-20)
(0.16308 -0.00742151 -3.40896e-20)
(0.455255 0.00873493 2.03848e-19)
(0.721952 0.0633421 -5.27473e-20)
(0.944355 0.121892 1.36665e-19)
(1.11153 0.169351 -8.81585e-21)
(1.22238 0.199429 1.59835e-19)
(1.28448 0.211393 -4.59739e-20)
(1.31024 0.208545 -5.92877e-20)
(1.31255 0.19593 1.6382e-19)
(1.30128 0.178703 -5.31828e-20)
(0.196185 0.00754714 -5.56898e-20)
(0.522974 0.0495543 1.14539e-19)
(0.799742 0.121989 -2.33144e-20)
(1.01419 0.188056 5.42441e-20)
(1.16227 0.233739 -3.82577e-20)
(1.25031 0.256004 8.95924e-20)
(1.29191 0.25785 -6.43607e-20)
(1.30274 0.245407 -3.39237e-20)
(1.2962 0.225279 3.44993e-20)
(1.28099 0.202778 -2.26358e-20)
(0.227177 0.0282037 5.27379e-20)
(0.581486 0.100303 -1.07915e-19)
(0.860836 0.18884 -2.54226e-20)
(1.06197 0.258097 -4.68472e-20)
(1.18927 0.297622 3.60835e-20)
(1.25647 0.309117 -7.14535e-20)
(1.28188 0.299638 4.87288e-20)
(1.28268 0.277665 2.31731e-20)
(1.27152 0.250645 -2.70127e-20)
(1.25542 0.223438 1.76701e-20)
(0.2539 0.0539159 1.11994e-19)
(0.626907 0.15853 7.04584e-20)
(0.902008 0.260116 1.85492e-20)
(1.08656 0.328027 -4.13598e-20)
(1.19377 0.3578 6.18133e-21)
(1.24374 0.356757 -1.07399e-19)
(1.25771 0.335772 3.13795e-20)
(1.25294 0.304948 3.44764e-20)
(1.24045 0.271868 1.47729e-20)
(1.22545 0.240587 -1.86561e-20)
(0.274351 0.0834638 -2.03051e-20)
(0.656223 0.220893 3.64324e-20)
(0.921521 0.331571 -8.38178e-20)
(1.08835 0.393973 1.60906e-19)
(1.17797 0.411508 -4.37011e-20)
(1.21515 0.397331 -7.95163e-22)
(1.22234 0.365485 -2.98374e-21)
(1.21578 0.326934 1.49783e-20)
(1.20448 0.288892 1.10726e-20)
(1.19201 0.254143 2.36824e-21)
(0.286904 0.11511 -4.52324e-20)
(0.667579 0.283446 -5.02815e-20)
(0.919148 0.398855 2.46099e-19)
(1.06894 0.4524 3.35859e-19)
(1.14463 0.456424 -1.73328e-19)
(1.17367 0.429545 -5.44567e-20)
(1.17832 0.388093 -6.03627e-20)
(1.17301 0.343154 -4.3562e-20)
(1.16477 0.301308 3.51752e-20)
(1.15625 0.263729 -1.54017e-20)
(0.290498 0.146743 -3.37998e-20)
(0.660467 0.341986 4.56311e-20)
(0.895999 0.45781 1.2089e-19)
(1.03081 0.500252 -6.63255e-20)
(1.09677 0.490658 -1.44538e-19)
(1.12218 0.452331 1.93795e-20)
(1.12785 0.402952 -2.15129e-20)
(1.12609 0.353158 6.41362e-21)
(1.12226 0.308521 -3.04109e-20)
(1.11886 0.268949 -5.27439e-20)
(0.284778 0.176046 -3.20258e-19)
(0.63575 0.392488 -2.5533e-20)
(0.854141 0.504685 1.34303e-19)
(0.977018 0.534985 4.19769e-20)
(1.03767 0.512729 1.88694e-20)
(1.06344 0.464853 -1.49106e-20)
(1.07293 0.409558 1.5242e-20)
(1.07639 0.356506 5.79665e-20)
(1.07797 0.310089 6.66071e-20)
(1.08045 0.269389 7.16674e-20)
(0.270046 0.200579 1.86494e-19)
(0.595172 0.431324 -6.77776e-20)
(0.796759 0.536621 -3.6807e-20)
(0.911283 0.55454 -4.35645e-21)
(0.970661 0.521518 -3.9129e-20)
(1.00002 0.466533 -5.7144e-20)
(1.01549 0.40751 9.26226e-20)
(1.02538 0.352865 -3.3386e-20)
(1.03318 0.305787 -1.29331e-19)
(1.0419 0.265308 -5.04396e-20)
(0.247271 0.21817 -5.29073e-20)
(0.541513 0.455157 -1.50226e-20)
(0.727833 0.551231 -6.74914e-20)
(0.837432 0.55774 -2.13541e-20)
(0.89892 0.516405 -1.82328e-19)
(0.934392 0.456978 -3.78822e-19)
(0.957341 0.396432 1.02265e-20)
(0.97457 0.341757 -1.15126e-19)
(0.989285 0.295053 -1.93704e-19)
(1.00405 0.257226 1.87246e-19)
(0.218154 0.22712 2.1413e-20)
(0.478583 0.461849 -1.07581e-19)
(0.651548 0.547031 -2.86735e-19)
(0.759316 0.543932 -1.41517e-20)
(0.825565 0.497202 2.08538e-20)
(0.868844 0.436115 -2.06537e-19)
(0.900166 0.376181 -1.50831e-19)
(0.92529 0.322846 -1.45568e-19)
(0.947415 0.27636 -6.40354e-20)
(0.965174 0.23805 2.36133e-19)
(0.184824 0.226185 9.96718e-20)
(0.410558 0.450171 -4.68835e-20)
(0.572334 0.523506 3.81166e-19)
(0.680795 0.513158 -1.7097e-19)
(0.753607 0.464207 -3.64615e-20)
(0.8056 0.404314 6.36005e-20)
(0.845613 0.347209 -5.2349e-19)
(0.878633 0.297212 8.01937e-20)
(0.90729 0.254211 -5.73249e-20)
(0.92894 0.218896 -3.66815e-21)
(0.149725 0.214758 6.41408e-19)
(0.341808 0.419889 1.26774e-19)
(0.494606 0.481041 2.9589e-19)
(0.605582 0.466103 -1.84039e-19)
(0.685924 0.418128 -5.27449e-20)
(0.746843 0.362154 4.18555e-19)
(0.795295 0.30991 -4.07908e-20)
(0.835545 0.264686 -2.26905e-19)
(0.869751 0.226098 2.17006e-19)
(0.895893 0.19433 -1.30523e-19)
(0.115432 0.192919 -5.2134e-19)
(0.276645 0.371789 -7.88395e-20)
(0.422552 0.420872 2.00649e-19)
(0.537108 0.404063 1.15093e-19)
(0.625146 0.360093 -1.80602e-20)
(0.69459 0.310543 -1.57167e-19)
(0.750834 0.265041 2.29053e-19)
(0.797592 0.226021 -3.63927e-19)
(0.83688 0.19296 1.30208e-19)
(0.867699 0.165703 6.53806e-20)
(0.0844441 0.161434 8.11519e-20)
(0.219082 0.307621 1.20434e-19)
(0.359946 0.345024 1.29221e-19)
(0.47841 0.328903 -6.90876e-19)
(0.573571 0.29164 -2.52526e-19)
(0.650556 0.250687 -5.711e-20)
(0.713525 0.213532 -4.0254e-20)
(0.765813 0.181892 -1.5011e-19)
(0.8095 0.155214 4.31402e-19)
(0.844593 0.133145 1.75124e-19)
(0.0590097 0.121703 2.35385e-19)
(0.172606 0.229989 1.61233e-19)
(0.310005 0.256214 -1.18021e-19)
(0.432041 0.242984 2.09499e-19)
(0.533125 0.214672 -3.19206e-19)
(0.616195 0.184095 8.31969e-21)
(0.684502 0.156589 -2.46025e-20)
(0.741139 0.133285 -5.96303e-20)
(0.78833 0.113697 -6.57598e-20)
(0.82693 0.0974213 3.81785e-21)
(0.0409646 0.0756654 -4.49091e-20)
(0.14 0.142206 6.54823e-20)
(0.275255 0.157722 5.90694e-20)
(0.399989 0.149074 7.91589e-20)
(0.505305 0.131393 6.30434e-20)
(0.59264 0.112507 -1.64004e-19)
(0.664646 0.0956116 -4.98794e-21)
(0.724282 0.0813434 -2.54884e-20)
(0.773906 0.0693722 -1.12894e-19)
(0.814993 0.059388 -9.29491e-20)
(0.0316063 0.0256711 -1.48325e-20)
(0.123201 0.0481154 1.01874e-19)
(0.257436 0.0532481 1.28606e-19)
(0.383616 0.050245 1.3044e-19)
(0.491135 0.0442341 7.52028e-20)
(0.580665 0.037848 -5.43227e-20)
(0.654563 0.0321501 -1.5548e-19)
(0.715728 0.027346 2.70094e-20)
(0.766599 0.0233185 -1.27891e-20)
(0.808975 0.0199524 3.05752e-20)
(0.0316063 -0.0256711 7.18885e-20)
(0.123201 -0.0481154 1.07345e-19)
(0.257436 -0.0532481 -3.5421e-20)
(0.383616 -0.050245 -5.13647e-20)
(0.491135 -0.0442341 6.20545e-20)
(0.580665 -0.037848 5.67848e-20)
(0.654563 -0.0321501 1.5548e-19)
(0.715728 -0.027346 -5.49131e-20)
(0.766599 -0.0233185 -5.11281e-20)
(0.808975 -0.0199524 6.86146e-21)
(0.0409646 -0.0756653 1.00448e-19)
(0.14 -0.142206 7.63861e-20)
(0.275255 -0.157722 -6.56113e-20)
(0.399989 -0.149074 -1.46852e-19)
(0.505305 -0.131393 -1.43501e-19)
(0.59264 -0.112507 -1.90087e-19)
(0.664646 -0.0956116 1.2736e-19)
(0.724282 -0.0813434 -5.53046e-20)
(0.773906 -0.0693722 -1.29921e-20)
(0.814993 -0.059388 -1.62168e-20)
(0.0590097 -0.121703 -2.4627e-20)
(0.172606 -0.229989 -1.1372e-19)
(0.310005 -0.256214 -2.23921e-19)
(0.432041 -0.242984 9.19494e-20)
(0.533125 -0.214672 -1.99341e-19)
(0.616195 -0.184095 1.83129e-19)
(0.684502 -0.156589 -1.50226e-19)
(0.741139 -0.133285 -9.60609e-21)
(0.78833 -0.113697 2.25322e-19)
(0.82693 -0.0974213 1.57012e-19)
(0.0844441 -0.161434 -4.04501e-19)
(0.219082 -0.307621 -5.19014e-19)
(0.359946 -0.345024 1.2607e-19)
(0.47841 -0.328903 3.78065e-19)
(0.573571 -0.29164 7.04896e-19)
(0.650556 -0.250687 2.17266e-19)
(0.713525 -0.213532 9.27121e-20)
(0.765813 -0.181892 4.92299e-19)
(0.8095 -0.155214 -9.12635e-20)
(0.844593 -0.133145 -2.52843e-19)
(0.115432 -0.192919 6.23024e-20)
(0.276645 -0.371789 1.12698e-19)
(0.422552 -0.420872 -4.10537e-19)
(0.537108 -0.404063 1.26121e-19)
(0.625146 -0.360093 2.74148e-20)
(0.69459 -0.310543 -4.66678e-19)
(0.750834 -0.265041 -3.47078e-19)
(0.797592 -0.226021 1.99668e-19)
(0.83688 -0.19296 -4.94724e-19)
(0.867699 -0.165703 -5.08884e-20)
(0.149725 -0.214758 -1.82376e-19)
(0.341808 -0.419889 -1.60632e-19)
(0.494606 -0.481041 -8.60173e-20)
(0.605582 -0.466103 -5.71535e-20)
(0.685924 -0.418128 5.27449e-20)
(0.746843 -0.362154 5.27016e-19)
(0.795295 -0.30991 1.58804e-19)
(0.835545 -0.264686 2.26905e-19)
(0.869751 -0.226098 -1.92606e-19)
(0.895893 -0.19433 -3.89859e-20)
(0.184824 -0.226185 6.35382e-20)
(0.410558 -0.450171 1.94481e-19)
(0.572334 -0.523506 -5.53514e-20)
(0.680795 -0.513158 9.82201e-20)
(0.753607 -0.464207 1.44945e-19)
(0.8056 -0.404314 -6.36005e-20)
(0.845613 -0.347209 -1.98332e-19)
(0.878633 -0.297212 -1.20448e-20)
(0.90729 -0.254211 1.11625e-19)
(0.92894 -0.218896 3.36568e-20)
(0.218154 -0.22712 -4.23553e-20)
(0.478583 -0.461849 -4.00081e-20)
(0.651548 -0.547031 5.78981e-20)
(0.759316 -0.543932 -1.67006e-19)
(0.825565 -0.497202 -1.29323e-19)
(0.868844 -0.436115 1.85358e-19)
(0.900166 -0.376181 4.38568e-19)
(0.92529 -0.322846 -9.09982e-20)
(0.947415 -0.27636 6.40354e-20)
(0.965174 -0.23805 -9.67677e-20)
(0.247271 -0.21817 -8.93552e-20)
(0.541513 -0.455157 5.09943e-20)
(0.727833 -0.551231 -2.94451e-20)
(0.837432 -0.55774 7.42567e-20)
(0.89892 -0.516405 1.82328e-19)
(0.934392 -0.456978 3.99997e-19)
(0.957341 -0.396432 -1.02265e-20)
(0.97457 -0.341757 6.62807e-21)
(0.989285 -0.295053 7.03722e-20)
(1.00405 -0.257226 -4.13393e-20)
(0.270046 -0.200579 2.13803e-20)
(0.595172 -0.431324 3.18082e-20)
(0.796759 -0.536621 -2.34092e-20)
(0.911283 -0.55454 4.35646e-21)
(0.970661 -0.521518 3.9129e-20)
(1.00002 -0.466533 3.54981e-20)
(1.01549 -0.40751 -9.26226e-20)
(1.02538 -0.352865 3.3386e-20)
(1.03318 -0.305787 9.64625e-20)
(1.0419 -0.265308 -9.54425e-20)
(0.284778 -0.176046 1.12388e-19)
(0.63575 -0.392488 6.54295e-21)
(0.854141 -0.504685 -7.40936e-20)
(0.977018 -0.534985 -4.19769e-20)
(1.03767 -0.512729 -1.88694e-20)
(1.06344 -0.464853 1.49106e-20)
(1.07293 -0.409558 -1.5242e-20)
(1.07639 -0.356506 -5.79665e-20)
(1.07797 -0.310089 -6.66071e-20)
(1.08045 -0.269389 -7.16674e-20)
(0.290498 -0.146743 3.37998e-20)
(0.660467 -0.341986 -7.57645e-20)
(0.895999 -0.45781 -2.96638e-19)
(1.03081 -0.500252 5.09871e-20)
(1.09677 -0.490658 1.44538e-19)
(1.12218 -0.452331 -1.93795e-20)
(1.12785 -0.402952 2.15129e-20)
(1.12609 -0.353158 -6.41363e-21)
(1.12226 -0.308521 3.04109e-20)
(1.11886 -0.268949 5.27439e-20)
(0.286904 -0.11511 -1.71843e-19)
(0.667579 -0.283446 -5.39062e-20)
(0.919148 -0.398855 -2.46099e-19)
(1.06894 -0.4524 -1.5863e-19)
(1.14463 -0.456424 -9.31806e-20)
(1.17367 -0.429545 5.44567e-20)
(1.17832 -0.388093 6.03627e-20)
(1.17301 -0.343154 4.3562e-20)
(1.16477 -0.301308 -3.51752e-20)
(1.15625 -0.263729 1.54017e-20)
(0.274351 -0.0834638 1.5848e-19)
(0.656223 -0.220893 -2.82781e-19)
(0.921521 -0.331571 2.68567e-20)
(1.08835 -0.393973 -1.6762e-19)
(1.17797 -0.411508 4.37011e-20)
(1.21515 -0.397331 7.95164e-22)
(1.22234 -0.365485 2.98374e-21)
(1.21578 -0.326934 -1.49783e-20)
(1.20448 -0.288892 -1.10725e-20)
(1.19201 -0.254143 -2.36824e-21)
(0.2539 -0.0539159 -3.30967e-20)
(0.626907 -0.15853 1.7588e-19)
(0.902008 -0.260116 -4.76421e-20)
(1.08656 -0.328027 1.21133e-19)
(1.19377 -0.3578 -6.18133e-21)
(1.24374 -0.356757 1.07399e-19)
(1.25771 -0.335772 -3.13795e-20)
(1.25294 -0.304948 -3.44764e-20)
(1.24045 -0.271868 1.6732e-20)
(1.22545 -0.240587 -8.10646e-21)
(0.227177 -0.0282037 -5.27379e-20)
(0.581486 -0.100303 1.07915e-19)
(0.860836 -0.18884 2.54226e-20)
(1.06197 -0.258097 4.68472e-20)
(1.18927 -0.297622 -3.60835e-20)
(1.25647 -0.309117 7.14535e-20)
(1.28188 -0.299638 -4.87288e-20)
(1.28268 -0.277665 -2.31731e-20)
(1.27152 -0.250645 2.70127e-20)
(1.25542 -0.223438 -1.76701e-20)
(0.196185 -0.00754714 5.56898e-20)
(0.522974 -0.0495543 -1.14539e-19)
(0.799742 -0.121989 2.33144e-20)
(1.01419 -0.188056 -5.42441e-20)
(1.16227 -0.233739 3.82577e-20)
(1.25031 -0.256004 -8.95924e-20)
(1.29191 -0.25785 6.43607e-20)
(1.30274 -0.245407 3.39237e-20)
(1.2962 -0.225279 -3.44993e-20)
(1.28099 -0.202778 1.23572e-21)
(0.16308 0.00742151 1.27716e-19)
(0.455255 -0.00873493 8.94943e-20)
(0.721952 -0.0633421 2.06548e-20)
(0.944355 -0.121892 -4.9388e-20)
(1.11153 -0.169351 8.81585e-21)
(1.22238 -0.199429 -1.59835e-19)
(1.28448 -0.211393 4.59739e-20)
(1.31024 -0.208545 5.92877e-20)
(1.31255 -0.19593 -1.01864e-19)
(1.30128 -0.178703 5.98278e-22)
(0.12995 0.0166518 -1.33561e-20)
(0.382699 0.0207877 6.5164e-20)
(0.631975 -0.0158514 -1.19377e-19)
(0.855292 -0.0633933 2.50583e-19)
(1.03727 -0.107995 -3.11616e-19)
(1.17049 -0.14193 -3.10454e-20)
(1.25601 -0.161652 -2.2802e-20)
(1.30147 -0.167619 8.88475e-20)
(1.31761 -0.162768 1.12424e-19)
(1.31439 -0.151151 7.44779e-20)
(0.0986236 0.0206002 -4.65057e-20)
(0.309696 0.0387893 -1.03736e-19)
(0.535199 0.0186775 6.90054e-20)
(0.751554 -0.0157388 3.15424e-19)
(0.941629 -0.053305 -3.09017e-19)
(1.09377 -0.0866011 -4.68602e-19)
(1.2032 -0.110622 -2.76451e-19)
(1.272 -0.123539 -2.95892e-19)
(1.30713 -0.126016 1.46231e-19)
(1.31696 -0.119956 -2.29954e-20)
(0.0705176 0.020104 -1.10869e-19)
(0.240212 0.0461044 1.0777e-19)
(0.437305 0.039776 -8.22356e-20)
(0.639061 0.0189464 -1.79614e-19)
(0.828921 -0.00856685 -4.96913e-19)
(0.993529 -0.0369118 -2.67681e-19)
(1.12403 -0.0610586 2.90474e-19)
(1.21733 -0.077919 -1.12988e-19)
(1.27567 -0.0862991 3.50485e-19)
(1.30396 -0.0848389 2.13448e-19)
(0.0465678 0.0162318 -8.62883e-19)
(0.177416 0.0444192 -1.61428e-19)
(0.343597 0.0483247 4.13526e-19)
(0.52442 0.0399569 1.54553e-19)
(0.705425 0.0238686 4.87078e-20)
(0.873801 0.00377536 3.34999e-19)
(1.01897 -0.0163596 7.01011e-20)
(1.13423 -0.0333796 -4.83322e-19)
(1.2174 -0.0452853 -2.18433e-19)
(1.26866 -0.0466608 -2.25455e-19)
(0.027228 0.0101422 9.43938e-19)
(0.123464 0.0359928 -3.76989e-19)
(0.258401 0.0463721 2.15679e-19)
(0.414003 0.0481582 5.83812e-20)
(0.57856 0.0431443 2.34489e-19)
(0.741261 0.0329705 2.91459e-19)
(0.89195 0.0200397 -2.94114e-19)
(1.02243 0.00665193 2.21135e-19)
(1.12786 -0.00590041 3.20999e-19)
(1.20227 -0.00730906 5.66374e-20)
(0.0125302 0.00297303 4.25423e-19)
(0.0794336 0.0233632 8.97622e-20)
(0.184649 0.0368003 1.33531e-19)
(0.313045 0.0458425 3.28309e-20)
(0.45565 0.0501792 6.42083e-19)
(0.604193 0.0498164 1.09046e-18)
(0.750259 0.0456698 -2.86249e-20)
(0.885996 0.0388308 2.14818e-19)
(1.00574 0.0284208 3.225e-19)
(1.09645 0.0210317 -3.26152e-19)
(0.00217964 -0.00422555 -2.82214e-19)
(0.0454165 0.00908129 1.26897e-20)
(0.123737 0.0229001 5.88119e-19)
(0.225023 0.0362976 4.69769e-20)
(0.342704 0.0474929 -8.64098e-20)
(0.470911 0.0554321 2.92905e-19)
(0.603386 0.0600176 2.66034e-19)
(0.733432 0.0617229 2.3311e-19)
(0.85463 0.0597606 1.31719e-19)
(0.965223 0.0427991 -3.17971e-19)
(-0.00435144 -0.0105298 2.12709e-19)
(0.0206957 -0.00451271 3.17279e-19)
(0.075648 0.00792474 1.96464e-20)
(0.15148 0.0231834 1.28606e-19)
(0.243635 0.0385475 2.21676e-19)
(0.348225 0.0524006 -1.0179e-19)
(0.461076 0.064087 6.6052e-19)
(0.577313 0.0736287 -1.01993e-19)
(0.691575 0.0804912 1.23086e-19)
(0.811169 0.0683143 -3.40619e-19)
(-0.0077422 -0.0151712 -8.68085e-20)
(0.00399261 -0.0154593 -3.76014e-19)
(0.0392878 -0.0053032 1.00696e-19)
(0.0922884 0.00990658 2.44042e-19)
(0.160124 0.0269562 2.52481e-19)
(0.240416 0.0440184 -4.17805e-19)
(0.330648 0.0602111 5.57798e-20)
(0.427631 0.0751987 2.2608e-19)
(0.52779 0.0879001 -3.78233e-19)
(0.640365 0.0841145 -5.02374e-19)
(-0.00875657 -0.0175808 4.20473e-19)
(-0.00630216 -0.0223434 9.21557e-20)
(0.012914 -0.014686 -3.35404e-19)
(0.0462265 -0.000871176 1.15554e-19)
(0.0921726 0.0157893 1.70075e-20)
(0.149466 0.0334935 -4.14853e-19)
(0.21673 0.0513291 -4.83887e-21)
(0.292026 0.0687119 1.27137e-19)
(0.373578 0.0839129 -1.20482e-19)
(0.468365 0.0862576 3.03297e-19)
(-0.00820273 -0.0174343 -6.13022e-20)
(-0.0119094 -0.0244345 3.79573e-20)
(-0.00541054 -0.0190535 2.68755e-19)
(0.0116538 -0.00753412 4.62439e-19)
(0.0389833 0.00709887 1.92744e-19)
(0.0760592 0.0232494 2.82408e-19)
(0.122244 0.0400833 3.90188e-19)
(0.176475 0.056899 1.18245e-19)
(0.238212 0.0717509 1.72209e-19)
(0.311069 0.0768755 -2.04083e-20)
(-0.00689739 -0.0147261 -1.33073e-19)
(-0.0144559 -0.0217081 -1.04729e-19)
(-0.017467 -0.0182303 7.67186e-20)
(-0.0129701 -0.00960064 -1.39463e-19)
(-0.000321886 0.0017549 2.20481e-19)
(0.0204732 0.0145969 -6.54909e-22)
(0.0492371 0.0282444 -2.26192e-20)
(0.0854806 0.0420295 1.26171e-19)
(0.129177 0.0542293 8.63651e-20)
(0.181211 0.0594003 5.07852e-22)
(-0.00555952 -0.00982907 1.94472e-20)
(-0.0153145 -0.0148696 -4.05232e-20)
(-0.0246954 -0.0129466 -3.55605e-20)
(-0.0288023 -0.0076064 -4.01829e-20)
(-0.0263288 -0.00042457 1.99968e-20)
(-0.0169621 0.00781323 -1.23916e-19)
(-0.000616493 0.0166635 2.74437e-22)
(0.0225317 0.0256431 8.20349e-20)
(0.0525044 0.0335404 8.21825e-20)
(0.0885755 0.037121 2.65138e-20)
(-0.00473981 -0.00345109 7.51139e-21)
(-0.0154824 -0.00527905 -5.47407e-20)
(-0.0280667 -0.00466656 -6.98741e-20)
(-0.036554 -0.00285878 -7.43632e-20)
(-0.0392987 -0.0004016 3.1443e-21)
(-0.0358303 0.00243338 3.39138e-20)
(-0.0259415 0.00549582 -2.01883e-20)
(-0.0097204 0.00860943 -1.78298e-20)
(0.0128305 0.0113215 9.15016e-21)
(0.0403017 0.0125793 -3.83467e-20)
(0.0712235 -0.00927956 -2.14243e-21)
(0.101845 -0.0119517 -7.267e-21)
(0.150905 -0.0146309 -1.61318e-21)
(0.20781 -0.0169839 -3.47575e-21)
(0.272669 -0.0188843 -3.03095e-21)
(0.343688 -0.0200037 -3.41728e-21)
(0.417692 -0.0202638 5.43747e-22)
(0.491682 -0.0197632 1.08316e-21)
(0.563162 -0.0186685 7.16528e-23)
(0.630213 -0.0171554 1.41686e-22)
(0.691497 -0.0153817 3.81101e-22)
(0.746191 -0.0134804 -1.99755e-22)
(0.793918 -0.011562 -2.30898e-22)
(0.834674 -0.00971561 1.72297e-22)
(0.868766 -0.00800837 3.70851e-22)
(0.896751 -0.00648547 2.85905e-22)
(0.919318 -0.0051716 6.31582e-23)
(0.937294 -0.00407044 7.64946e-23)
(0.951368 -0.0031741 6.08731e-23)
(0.962473 -0.00245644 1.54809e-23)
(0.970823 -0.00190354 -6.07593e-25)
(0.977891 -0.00146085 3.44462e-23)
(0.982151 -0.00116575 -2.83099e-24)
(0.988257 -0.000845292 2.35945e-24)
(0.123295 -0.0277081 -2.00547e-20)
(0.151261 -0.0352762 2.23146e-20)
(0.199076 -0.0430927 3.30041e-20)
(0.254013 -0.0499496 5.85099e-21)
(0.315784 -0.0554472 4.33567e-21)
(0.382842 -0.0586699 3.81463e-21)
(0.452274 -0.0593987 2.40948e-21)
(0.521411 -0.0579241 2.74431e-21)
(0.588074 -0.05473 1.40845e-21)
(0.650594 -0.0503231 6.27688e-24)
(0.707797 -0.0451571 -5.14655e-22)
(0.758953 -0.0396146 -7.33175e-22)
(0.803708 -0.0340137 4.25406e-22)
(0.842045 -0.028614 1.05283e-21)
(0.87422 -0.0236131 1.27214e-21)
(0.900726 -0.0191447 2.5122e-22)
(0.92218 -0.0152836 -7.45748e-22)
(0.939334 -0.0120426 -2.40432e-22)
(0.952814 -0.00940074 -1.75024e-22)
(0.963495 -0.00728244 -1.40686e-22)
(0.97155 -0.00564882 -4.15878e-24)
(0.978402 -0.0043385 1.04402e-23)
(0.982534 -0.00346523 1.88738e-23)
(0.988497 -0.00251503 -3.55907e-24)
(0.221072 -0.0453789 -6.52757e-20)
(0.24415 -0.0568516 2.90236e-20)
(0.289012 -0.0692057 6.38219e-20)
(0.339996 -0.0800045 4.25316e-20)
(0.39582 -0.088544 9.85562e-22)
(0.455358 -0.0935041 -4.7194e-21)
(0.51622 -0.0945738 2.33426e-21)
(0.576337 -0.0922178 7.11698e-22)
(0.6341 -0.0871888 -7.6662e-22)
(0.688277 -0.0802671 -7.33116e-22)
(0.737981 -0.0721476 6.18853e-22)
(0.782632 -0.0634168 4.34912e-23)
(0.821921 -0.0545668 -1.35863e-21)
(0.855796 -0.0460053 -6.71063e-22)
(0.884429 -0.0380499 -6.43318e-22)
(0.908193 -0.0309186 -6.34805e-22)
(0.927575 -0.0247372 -2.06593e-22)
(0.943196 -0.019533 -2.33957e-22)
(0.955563 -0.0152793 -2.25399e-22)
(0.965446 -0.0118589 -4.29445e-22)
(0.972943 -0.00921586 -2.30521e-22)
(0.979387 -0.00708871 -4.23107e-24)
(0.983273 -0.00567166 1.86912e-23)
(0.988961 -0.00412377 2.63136e-24)
(0.353869 -0.060792 1.07417e-19)
(0.370424 -0.0754779 2.05006e-20)
(0.410012 -0.09152 -6.09084e-20)
(0.45494 -0.105469 -4.3534e-20)
(0.502273 -0.116305 -3.54644e-21)
(0.551378 -0.122522 -3.11006e-20)
(0.60062 -0.1238 -1.99327e-20)
(0.648708 -0.120746 -1.59281e-20)
(0.694732 -0.114304 -5.85228e-21)
(0.737979 -0.105443 -1.14983e-21)
(0.777888 -0.0950215 3.04939e-22)
(0.814045 -0.0837683 3.4448e-22)
(0.846184 -0.0723039 -1.69304e-22)
(0.874204 -0.0611546 -7.90807e-23)
(0.898168 -0.0507431 5.11129e-22)
(0.918301 -0.0413652 1.36522e-21)
(0.934923 -0.0331992 1.38242e-21)
(0.948489 -0.0262939 6.65811e-22)
(0.959358 -0.0206277 1.42653e-22)
(0.968157 -0.0160528 -2.70844e-22)
(0.974893 -0.0125079 -4.77245e-23)
(0.980773 -0.0096412 3.14144e-23)
(0.984319 -0.00773281 6.75842e-23)
(0.989622 -0.0056362 5.6716e-24)
(0.509169 -0.0716593 4.15542e-21)
(0.5183 -0.0898578 1.47964e-19)
(0.549952 -0.108649 3.40902e-20)
(0.58644 -0.124879 5.11412e-21)
(0.623017 -0.137286 -8.68146e-21)
(0.659504 -0.144332 -1.04347e-20)
(0.695174 -0.145789 -3.2344e-21)
(0.729567 -0.142355 9.60754e-21)
(0.762449 -0.135067 4.56868e-22)
(0.79358 -0.124983 -3.70219e-21)
(0.822683 -0.113044 -8.91277e-22)
(0.849473 -0.100055 -8.33499e-22)
(0.873707 -0.0867197 -1.99206e-21)
(0.895224 -0.0736512 -9.82203e-22)
(0.91397 -0.0613614 -3.52025e-22)
(0.930018 -0.0502212 -3.11295e-22)
(0.943513 -0.0404637 4.85575e-22)
(0.954733 -0.0321666 -3.41649e-22)
(0.963875 -0.025325 -1.1942e-21)
(0.971414 -0.0197725 -1.88457e-22)
(0.977258 -0.0154559 -9.96366e-23)
(0.982468 -0.0119439 1.05546e-22)
(0.98561 -0.00960923 -2.45875e-23)
(0.99044 -0.00702357 -2.80823e-23)
(0.674311 -0.0756784 -3.58891e-20)
(0.676233 -0.0985237 -1.03077e-19)
(0.697405 -0.119274 -1.1308e-19)
(0.722728 -0.137031 -5.17315e-20)
(0.746538 -0.150514 9.27428e-21)
(0.769011 -0.158228 -1.44295e-20)
(0.790295 -0.160072 5.19221e-22)
(0.810646 -0.156765 1.19688e-20)
(0.830341 -0.149332 -8.94271e-23)
(0.849463 -0.138823 -2.17017e-21)
(0.867907 -0.126189 2.39661e-22)
(0.88546 -0.112266 6.236e-22)
(0.901871 -0.0978024 1.37815e-21)
(0.916914 -0.0834751 8.43355e-22)
(0.930426 -0.0698731 -9.96906e-22)
(0.94234 -0.0574439 -8.94431e-22)
(0.952641 -0.0464826 2.73318e-22)
(0.961441 -0.0371027 4.84997e-22)
(0.968783 -0.0293258 -1.03995e-22)
(0.974992 -0.0229771 -7.26913e-22)
(0.979886 -0.0180245 -1.10172e-22)
(0.984368 -0.0139665 1.25051e-22)
(0.987072 -0.0112766 6.94649e-23)
(0.991373 -0.00826458 -2.98343e-23)
(0.838014 -0.0723982 -2.79072e-20)
(0.834089 -0.101306 -1.42151e-19)
(0.842314 -0.123286 -1.27186e-19)
(0.853608 -0.141972 -2.45164e-20)
(0.86311 -0.156377 1.32552e-19)
(0.871157 -0.164968 5.41095e-20)
(0.878429 -0.167664 9.00318e-21)
(0.885602 -0.165096 9.41668e-21)
(0.893197 -0.158191 -1.39871e-20)
(0.901419 -0.147939 5.25137e-21)
(0.910218 -0.135275 3.52086e-22)
(0.919393 -0.121046 -1.05861e-21)
(0.928669 -0.106037 -1.07731e-21)
(0.937762 -0.0909806 -5.73829e-22)
(0.946417 -0.0765331 -2.63898e-22)
(0.954453 -0.063211 -1.80511e-22)
(0.961724 -0.0513721 1.28171e-22)
(0.968198 -0.0411716 -6.08491e-22)
(0.973792 -0.0326667 -8.77816e-22)
(0.978689 -0.0256815 -4.05776e-22)
(0.982636 -0.0202149 -1.99488e-23)
(0.986374 -0.0157017 -8.73205e-24)
(0.988635 -0.0127251 -4.13979e-23)
(0.992375 -0.00934748 2.62242e-23)
(0.993696 -0.0631155 3.67109e-20)
(0.983449 -0.0957041 8.56391e-20)
(0.975767 -0.118594 -4.63411e-20)
(0.970605 -0.138551 -9.32452e-20)
(0.965312 -0.154408 2.91763e-20)
(0.959841 -0.164592 1.86332e-21)
(0.954722 -0.168913 -1.52302e-20)
(0.950621 -0.167825 1.90868e-20)
(0.948018 -0.162121 -2.59018e-21)
(0.947081 -0.15274 -4.9393e-21)
(0.947741 -0.140612 -1.25787e-21)
(0.949787 -0.126607 -2.00829e-21)
(0.952931 -0.111557 -5.39956e-22)
(0.956853 -0.0962535 -3.35842e-22)
(0.96124 -0.0814014 8.0723e-22)
(0.965826 -0.0675675 1.15556e-21)
(0.970367 -0.0551651 -6.8512e-23)
(0.974717 -0.0443964 -1.43639e-22)
(0.978692 -0.0353604 2.99313e-23)
(0.982351 -0.0278926 9.58676e-23)
(0.985398 -0.0220263 -1.06479e-22)
(0.988405 -0.0171505 -1.59779e-22)
(0.990237 -0.0139445 6.42517e-24)
(0.993404 -0.0102714 1.06406e-23)
(1.19426 -0.0312172 0)
(1.15765 -0.0646945 0)
(1.12608 -0.0910558 0)
(1.10072 -0.114371 0)
(1.07914 -0.133175 0)
(1.05962 -0.146561 -2.7686e-28)
(1.04185 -0.154457 -2.76865e-28)
(1.02617 -0.15711 0)
(1.01286 -0.155002 0)
(1.00204 -0.148794 0)
(0.993655 -0.139253 0)
(0.987566 -0.127209 0)
(0.983536 -0.113537 0)
(0.981282 -0.0990986 0)
(0.980486 -0.0846828 0)
(0.980813 -0.0709554 0)
(0.981928 -0.0584294 0)
(0.983562 -0.0473952 0)
(0.98543 -0.0380217 0)
(0.987445 -0.0301944 0)
(0.989279 -0.0239844 0)
(0.991272 -0.0187872 0)
(0.992516 -0.0153307 0)
(0.994855 -0.0113788 0)
(1.27071 -0.00494265 0)
(1.24808 -0.0406485 0)
(1.21949 -0.0707095 0)
(1.19189 -0.0958668 0)
(1.16577 -0.115587 0)
(1.14035 -0.129571 0)
(1.1158 -0.138058 0)
(1.09284 -0.141557 0)
(1.0721 -0.140674 0)
(1.0539 -0.136048 0)
(1.03834 -0.128351 0)
(1.02541 -0.118296 0)
(1.01505 -0.10661 0)
(1.0071 -0.0940256 0)
(1.00132 -0.081248 0)
(0.997395 -0.0688931 0)
(0.994983 -0.057449 0)
(0.993747 -0.0472151 0)
(0.993334 -0.0383833 0)
(0.993531 -0.0308962 0)
(0.993993 -0.024852 0)
(0.994816 -0.0197313 0)
(0.995362 -0.0162468 0)
(0.996675 -0.0122549 0)
(1.28287 0.00966006 0)
(1.27031 -0.0231978 0)
(1.24861 -0.0511076 0)
(1.2252 -0.074444 0)
(1.20138 -0.0932205 0)
(1.17686 -0.107268 7.49646e-28)
(1.15206 -0.116606 7.49646e-28)
(1.12795 -0.121505 0)
(1.10533 -0.122393 0)
(1.08471 -0.119794 0)
(1.06635 -0.114284 0)
(1.05041 -0.106464 0)
(1.03694 -0.0969686 0)
(1.02594 -0.0864537 0)
(1.01725 -0.0755543 0)
(1.01066 -0.0648272 0)
(1.00587 -0.0547251 0)
(1.00257 -0.0455433 0)
(1.00042 -0.0374903 0)
(0.999149 -0.0305519 0)
(0.998456 -0.0248625 0)
(0.998249 -0.0199656 0)
(0.998157 -0.0165914 0)
(0.998502 -0.0126649 0)
(1.269 0.0171212 0)
(1.2628 -0.0116452 0)
(1.24733 -0.0362812 0)
(1.22892 -0.0569512 0)
(1.20904 -0.0739542 0)
(1.18769 -0.0871906 0)
(1.16535 -0.0965345 0)
(1.14293 -0.10208 0)
(1.12129 -0.104116 0)
(1.10098 -0.103038 0)
(1.08239 -0.0992995 0)
(1.06578 -0.0934016 0)
(1.05133 -0.0858918 0)
(1.03908 -0.0773383 0)
(1.02901 -0.0682919 0)
(1.02097 -0.0592382 0)
(1.01474 -0.050579 0)
(1.01007 -0.0425865 0)
(1.00668 -0.035469 0)
(1.00428 -0.0292378 0)
(1.00264 -0.0240555 0)
(1.00154 -0.0195168 0)
(1.00089 -0.016365 0)
(1.00033 -0.0126156 0)
(1.24716 0.0195495 0)
(1.24495 -0.00452487 0)
(1.2344 -0.0255031 0)
(1.22034 -0.0432952 0)
(1.20428 -0.0581888 0)
(1.18641 -0.0701064 1.98775e-28)
(1.16717 -0.0788688 1.98775e-28)
(1.14734 -0.084468 0)
(1.1277 -0.0870825 0)
(1.10884 -0.0870025 0)
(1.09118 -0.0845833 0)
(1.07506 -0.0802341 0)
(1.0607 -0.0744101 0)
(1.04822 -0.0675877 0)
(1.03766 -0.0602318 0)
(1.02894 -0.0527542 0)
(1.02191 -0.0455009 0)
(1.01637 -0.0387114 7.77223e-30)
(1.0121 -0.0325818 7.77223e-30)
(1.00885 -0.0271353 0)
(1.00647 -0.0225488 0)
(1.00462 -0.0184634 0)
(1.00348 -0.0156104 0)
(1.00209 -0.0121394 0)
(1.22571 0.0192689 0)
(1.22578 -0.000182683 0)
(1.2188 -0.017603 0)
(1.2082 -0.0325932 0)
(1.19534 -0.0453161 0)
(1.18052 -0.0557058 0)
(1.16415 -0.0635788 0)
(1.14689 -0.0688687 0)
(1.12941 -0.071674 0)
(1.11228 -0.0722045 0)
(1.09594 -0.070737 0)
(1.08074 -0.0675988 0)
(1.06694 -0.0631589 0)
(1.05471 -0.0578077 0)
(1.04411 -0.0519288 0)
(1.03513 -0.045864 0)
(1.02767 -0.0399041 0)
(1.02158 -0.0342543 0)
(1.01672 -0.0290914 0)
(1.01284 -0.0244431 0)
(1.00988 -0.0204868 0)
(1.0074 -0.0169087 0)
(1.00586 -0.0143995 0)
(1.00374 -0.0112833 0)
(1.20737 0.0176056 0)
(1.2087 0.00225411 0)
(1.20421 -0.0118621 0)
(1.19626 -0.0242059 0)
(1.18594 -0.0348106 0)
(1.1736 -0.0436057 0)
(1.15963 -0.0504205 0)
(1.14458 -0.0551634 0)
(1.12905 -0.0578818 0)
(1.11356 -0.0587268 0)
(1.09854 -0.0579117 0)
(1.08434 -0.0556942 0)
(1.07124 -0.0523676 0)
(1.05942 -0.048244 0)
(1.04899 -0.0436322 0)
(1.03995 -0.0388089 0)
(1.03228 -0.0340133 0)
(1.02585 -0.0294157 0)
(1.02058 -0.0251703 0)
(1.01622 -0.0213043 0)
(1.01281 -0.0179846 0)
(1.00983 -0.0149425 0)
(1.00796 -0.0128025 0)
(1.00522 -0.010097 0)
(1.19253 0.0151376 0)
(1.19458 0.00331243 0)
(1.19189 -0.00777377 0)
(1.18594 -0.0176216 0)
(1.17757 -0.0261796 0)
(1.16717 -0.0333625 -1.64048e-28)
(1.1551 -0.039019 -1.64048e-28)
(1.14185 -0.0430554 0)
(1.12793 -0.04549 0)
(1.11383 -0.0464298 0)
(1.09997 -0.0460364 0)
(1.08669 -0.0445077 0)
(1.07426 -0.0420709 0)
(1.06288 -0.038968 0)
(1.05268 -0.0354403 0)
(1.04369 -0.0317053 0)
(1.03592 -0.0279532 0)
(1.02927 -0.0243212 0)
(1.02371 -0.0209378 0)
(1.019 -0.0178274 0)
(1.01526 -0.0151372 0)
(1.01187 -0.012645 0)
(1.00975 -0.0108876 0)
(1.00649 -0.00863283 0)
(1.18101 0.0121732 -4.02524e-28)
(1.18351 0.00343659 0)
(1.1821 -0.00489677 0)
(1.17763 -0.0123974 0)
(1.17074 -0.0189782 0)
(1.16181 -0.0245513 1.56295e-28)
(1.15119 -0.0289915 1.56295e-28)
(1.13932 -0.0322172 -5.12715e-12)
(1.12667 -0.0342314 -9.01141e-12)
(1.11369 -0.0351079 -7.78931e-12)
(1.10077 -0.0349643 -3.3173e-12)
(1.08824 -0.0339469 0)
(1.07638 -0.0322242 2.31689e-12)
(1.0654 -0.0299764 3.80984e-12)
(1.05542 -0.0273836 3.10294e-12)
(1.04652 -0.0246096 2.50504e-12)
(1.03871 -0.0217987 1.00209e-12)
(1.03193 -0.0190561 0)
(1.02616 -0.0164829 0)
(1.0212 -0.0140995 0)
(1.01721 -0.012026 0)
(1.01351 -0.0100889 0)
(1.0112 -0.00872014 0)
(1.00753 -0.00694399 -3.47943e-30)
(1.17257 0.00889237 4.02567e-28)
(1.17536 0.00289326 0)
(1.17483 -0.00290186 0)
(1.17141 -0.00817274 0)
(1.16559 -0.012832 0)
(1.15771 -0.0168037 0)
(1.14815 -0.0199941 0)
(1.13729 -0.0223408 5.12715e-12)
(1.12557 -0.0238408 9.01141e-12)
(1.11342 -0.0245417 7.78931e-12)
(1.1012 -0.0245233 3.3173e-12)
(1.08925 -0.0238862 0)
(1.07783 -0.0227461 -2.31689e-12)
(1.06716 -0.0212277 -3.80984e-12)
(1.05737 -0.0194557 -3.10294e-12)
(1.04855 -0.017544 -2.50504e-12)
(1.04073 -0.0155937 -1.00209e-12)
(1.03386 -0.0136792 0)
(1.02797 -0.0118731 0)
(1.02284 -0.0101911 0)
(1.01866 -0.00872089 0)
(1.01474 -0.00733972 0)
(1.01229 -0.00636069 0)
(1.00831 -0.00508289 3.47941e-30)
(1.16704 0.0054131 0)
(1.17001 0.00190159 0)
(1.17003 -0.00151306 0)
(1.16729 -0.00463829 0)
(1.16215 -0.00741527 0)
(1.15496 -0.00979345 0)
(1.14608 -0.0117141 0)
(1.13589 -0.0131381 0)
(1.12478 -0.0140616 0)
(1.11317 -0.0145112 0)
(1.10142 -0.0145332 0)
(1.08985 -0.0141861 0)
(1.07874 -0.0135378 0)
(1.06828 -0.0126613 0)
(1.05863 -0.0116298 0)
(1.04986 -0.0105106 0)
(1.04204 -0.00936342 0)
(1.03513 -0.00823282 0)
(1.02916 -0.00716191 0)
(1.02391 -0.00616161 0)
(1.01963 -0.00528305 0)
(1.01556 -0.00445742 0)
(1.01302 -0.00386609 0)
(1.00885 -0.00310044 0)
(1.1643 0.00184049 0)
(1.16736 0.000670253 0)
(1.16765 -0.000463654 0)
(1.16524 -0.00150099 0)
(1.16044 -0.0024241 0)
(1.15359 -0.00321626 0)
(1.14504 -0.00385764 0)
(1.13517 -0.00433493 0)
(1.12437 -0.00464659 0)
(1.11303 -0.00480124 0)
(1.10151 -0.00481402 0)
(1.09014 -0.00470418 0)
(1.07917 -0.00449404 0)
(1.06882 -0.00420762 0)
(1.05924 -0.00386911 0)
(1.05051 -0.00350069 0)
(1.04269 -0.00312213 0)
(1.03576 -0.00274834 0)
(1.02975 -0.00239344 0)
(1.02445 -0.00206169 0)
(1.02011 -0.00176909 0)
(1.01598 -0.00149508 0)
(1.01338 -0.00129597 0)
(1.00911 -0.00104256 0)
(1.2196 0.00413265 3.44259e-21)
(1.2751 0.0256661 -8.29231e-20)
(1.27835 0.035681 1.41252e-19)
(1.26141 0.0383837 -7.81107e-20)
(1.23935 0.0365903 2.61085e-20)
(1.21861 0.0325947 1.61166e-20)
(1.20118 0.0278642 -8.24563e-21)
(1.18715 0.0229066 -2.24063e-20)
(1.17624 0.0178627 1.48642e-20)
(1.16823 0.0127834 -4.12342e-21)
(1.16296 0.00769323 4.37924e-21)
(1.16033 0.00261373 2.16229e-22)
(1.28383 0.0356704 -1.60664e-20)
(1.30096 0.054076 -9.9478e-20)
(1.28143 0.0556072 1.05041e-20)
(1.25532 0.051216 -8.44995e-22)
(1.23154 0.0451891 3.72972e-20)
(1.21155 0.0387104 -5.66616e-21)
(1.19529 0.0323616 -1.67804e-20)
(1.18229 0.0262345 4.21078e-21)
(1.17219 0.0202688 -7.82363e-21)
(1.16475 0.0144181 4.33147e-21)
(1.15983 0.00865424 4.01912e-21)
(1.15736 0.00295039 -5.63114e-22)
(1.29996 0.066596 -1.21829e-20)
(1.2941 0.0731304 -8.9369e-20)
(1.27072 0.0680995 7.17963e-20)
(1.24549 0.0601219 3.62367e-21)
(1.22345 0.0520429 -5.9745e-20)
(1.20493 0.0441403 3.26935e-20)
(1.18972 0.0366047 1.06986e-20)
(1.1775 0.029469 -1.13644e-20)
(1.16798 0.0226447 2.78084e-21)
(1.16095 0.0160461 -1.11723e-21)
(1.1563 0.0096132 1.12798e-22)
(1.15394 0.00327658 2.07545e-21)
(1.30982 0.0940757 -1.69931e-19)
(1.28987 0.0910926 6.20419e-20)
(1.26229 0.0808099 -5.04308e-20)
(1.23645 0.0694162 3.93363e-20)
(1.21512 0.0589368 -3.60909e-20)
(1.19772 0.0493836 3.53638e-20)
(1.18353 0.0406078 1.05934e-20)
(1.17212 0.0324786 7.31866e-21)
(1.16322 0.0248344 -4.80921e-22)
(1.15665 0.0175354 -3.14734e-21)
(1.15229 0.0104827 -8.76937e-23)
(1.15006 0.00356224 1.12825e-21)
(1.30564 0.118585 2.00252e-20)
(1.27747 0.106613 -1.18389e-20)
(1.24952 0.0915117 1.28747e-21)
(1.22561 0.0774638 -4.54607e-20)
(1.20608 0.0651389 1.93341e-20)
(1.19008 0.054216 -1.59986e-20)
(1.17695 0.0443482 9.44641e-22)
(1.16634 0.0353075 4.99163e-21)
(1.15805 0.0268938 -6.57364e-21)
(1.15192 0.0189327 1.63095e-21)
(1.14783 0.0112926 5.91195e-22)
(1.14574 0.00381737 -3.01867e-23)
(1.29443 0.139731 4.82577e-20)
(1.26358 0.12054 2.97365e-20)
(1.23666 0.101482 -3.64801e-20)
(1.21467 0.0851283 9.05005e-21)
(1.19677 0.0710798 -6.37145e-21)
(1.18205 0.0588148 1.25402e-20)
(1.16993 0.0478852 2.20496e-22)
(1.16012 0.0379747 1.86188e-21)
(1.15243 0.0288311 1.65465e-21)
(1.14673 0.0202433 2.49005e-21)
(1.14294 0.0120462 -1.6426e-21)
(1.141 0.00404388 -2.83554e-22)
(1.2776 0.158089 -1.27795e-20)
(1.24713 0.133069 -4.01342e-21)
(1.22257 0.110615 4.86403e-21)
(1.20298 0.0922115 -5.08654e-21)
(1.18692 0.076623 6.74999e-21)
(1.17356 0.0631348 -3.99776e-21)
(1.16249 0.0512191 2.86515e-21)
(1.15348 0.0404946 -2.88739e-21)
(1.14639 0.0306634 2.44622e-21)
(1.14114 0.0214815 2.76066e-22)
(1.13764 0.0127533 -4.17242e-22)
(1.13586 0.00424716 2.49474e-22)
(1.25719 0.173813 -1.27987e-21)
(1.22925 0.144349 1.87348e-21)
(1.20791 0.119084 9.91624e-22)
(1.19084 0.0988545 -4.7775e-22)
(1.17664 0.0818438 -3.20627e-21)
(1.16466 0.0672167 1.28753e-21)
(1.15464 0.0543744 1.17033e-21)
(1.14644 0.0428836 -4.79857e-22)
(1.13997 0.0324029 8.44703e-23)
(1.13516 0.0226572 2.22236e-22)
(1.13197 0.0134217 -1.05776e-23)
(1.13034 0.00443319 3.15764e-22)
(1.2339 0.187107 1.52255e-21)
(1.20996 0.154491 1.87979e-21)
(1.1925 0.126855 -1.04448e-21)
(1.17815 0.10501 4.29811e-22)
(1.16591 0.0867077 -5.58075e-24)
(1.15537 0.0710466 -7.44349e-22)
(1.14644 0.0573516 -7.58165e-22)
(1.13906 0.0451475 1.7059e-22)
(1.13321 0.0340572 -1.53779e-23)
(1.12885 0.0237775 2.08478e-23)
(1.12595 0.0140584 1.65212e-23)
(1.1245 0.00460861 -2.2003e-23)
(1.20801 0.197932 5.31647e-21)
(1.18955 0.163377 1.51753e-21)
(1.17658 0.133839 3.65923e-21)
(1.16505 0.110653 -3.69412e-21)
(1.15481 0.0912123 -2.39498e-21)
(1.14576 0.0746241 1.11161e-21)
(1.13794 0.0601519 -7.89691e-22)
(1.13139 0.0472891 4.6248e-22)
(1.12616 0.0356298 -2.79434e-22)
(1.12225 0.0248472 -7.61455e-23)
(1.11965 0.0146676 -1.30349e-23)
(1.11838 0.0047782 -6.97189e-23)
(1.18029 0.20605 1.56573e-20)
(1.16846 0.170674 -5.87483e-21)
(1.16006 0.139928 6.73708e-21)
(1.15153 0.115781 -1.80292e-21)
(1.1434 0.0953613 4.36432e-22)
(1.13589 0.0779476 -3.1927e-22)
(1.12921 0.0627753 5.54874e-22)
(1.12351 0.0493095 -6.3917e-22)
(1.11889 0.0371227 4.00212e-22)
(1.11542 0.0258693 8.79559e-22)
(1.11312 0.0152512 -5.88191e-22)
(1.11201 0.00494589 -1.6225e-22)
(1.15152 0.211262 3.94355e-22)
(1.14694 0.176366 6.18565e-22)
(1.14311 0.145112 4.99867e-22)
(1.13775 0.120228 6.21102e-23)
(1.13183 0.0990724 -3.27438e-21)
(1.12589 0.0809795 1.24063e-21)
(1.12036 0.065202 2.07041e-22)
(1.11549 0.0511972 1.84407e-21)
(1.11148 0.0385286 -2.48726e-21)
(1.10843 0.0268384 6.10769e-22)
(1.10642 0.0158091 2.49861e-22)
(1.10546 0.00511703 5.13491e-23)
(1.12211 0.213734 -2.63274e-20)
(1.12516 0.180175 1.10752e-20)
(1.126 0.149244 -8.76689e-21)
(1.12382 0.124011 7.70461e-21)
(1.12013 0.102363 -9.17665e-21)
(1.1158 0.0837301 1.07063e-20)
(1.11143 0.0674342 3.56241e-21)
(1.10741 0.0529492 3.64963e-21)
(1.104 0.0398425 1.29844e-22)
(1.10136 0.02775 -1.75279e-21)
(1.09961 0.0163399 -1.07645e-23)
(1.0988 0.00529372 7.96352e-22)
(1.09189 0.213637 -4.04041e-21)
(1.1022 0.182018 -2.89238e-20)
(1.10772 0.152269 -3.88137e-20)
(1.109 0.127102 1.35884e-20)
(1.10784 0.105191 -2.36835e-20)
(1.10535 0.0861544 1.37026e-20)
(1.1023 0.0694323 6.06976e-21)
(1.09922 0.0545349 -6.22632e-21)
(1.09645 0.0410423 1.87318e-21)
(1.09425 0.0285893 2.1275e-21)
(1.09275 0.0168361 -2.84469e-21)
(1.09205 0.00547402 1.63435e-21)
(1.05955 0.212054 -5.42578e-21)
(1.07635 0.181998 -4.6399e-20)
(1.08707 0.153891 4.94731e-21)
(1.09255 0.129184 -4.84337e-22)
(1.0945 0.107287 2.00676e-20)
(1.09428 0.0880509 -1.89778e-21)
(1.09282 0.0710569 -9.84002e-21)
(1.09084 0.055862 3.25228e-21)
(1.08881 0.0420684 -5.80027e-21)
(1.08707 0.0293192 3.57379e-21)
(1.08585 0.0172782 3.45394e-21)
(1.08525 0.00564912 -4.95438e-22)
(1.02865 0.21068 1.95835e-21)
(1.0514 0.180189 -4.79588e-20)
(1.06704 0.153611 8.27351e-20)
(1.07648 0.129816 -4.757e-20)
(1.0814 0.108327 1.64374e-20)
(1.08333 0.089191 1.16397e-20)
(1.08341 0.0721486 -2.54369e-20)
(1.08249 0.0568197 1.99456e-20)
(1.08119 0.042844 -5.87011e-21)
(1.07991 0.0298883 4.59513e-21)
(1.07894 0.0176354 -8.59943e-23)
(1.07842 0.00580128 -3.88684e-21)
(0.995135 0.206997 0)
(1.02238 0.175263 0)
(1.04151 0.150817 0)
(1.05405 0.129242 0)
(1.06159 0.109006 0)
(1.06563 0.0903907 0)
(1.06736 0.0734845 0)
(1.0677 0.0580758 0)
(1.06732 0.0438954 -7.55789e-29)
(1.06668 0.0306712 7.5576e-29)
(1.0661 0.0181338 0)
(1.06576 0.00601041 0)
(0.988984 0.119053 0)
(1.00831 0.110709 0)
(1.02213 0.101191 0)
(1.03221 0.0908293 0)
(1.03915 0.0797643 0)
(1.04363 0.0684404 0)
(1.04636 0.0572032 0)
(1.04789 0.0462186 0)
(1.04867 0.0355362 0)
(1.049 0.0251406 0)
(1.0491 0.0149756 0)
(1.04912 0.00496886 0)
(0.982536 0.0916484 0)
(0.997297 0.0901746 0)
(1.00921 0.085306 0)
(1.01815 0.0782016 0)
(1.0245 0.0696751 0)
(1.02878 0.0604058 0)
(1.03152 0.050865 0)
(1.03318 0.0413201 0)
(1.03411 0.0318965 0)
(1.03459 0.022634 0)
(1.03481 0.0135198 0)
(1.03488 0.00449822 0)
(0.988975 0.0585122 0)
(0.997381 0.0589945 0)
(1.00433 0.0574335 0)
(1.00985 0.0540881 0)
(1.01407 0.0493839 0)
(1.01717 0.043761 0)
(1.01936 0.037548 0)
(1.02084 0.0309761 0)
(1.02181 0.0242021 0)
(1.02241 0.017325 0)
(1.02274 0.0104017 0)
(1.0229 0.00346666 0)
(0.991409 0.0415342 0)
(0.996525 0.0431157 0)
(1.00111 0.042926 0)
(1.00487 0.0410867 0)
(1.00775 0.0379666 0)
(1.00986 0.0339442 0)
(1.01134 0.0293167 0)
(1.01233 0.0243025 0)
(1.01297 0.0190551 0)
(1.01337 0.0136763 0)
(1.01359 0.00822881 0)
(1.01369 0.00274688 0)
(0.996298 0.0257135 -3.99411e-28)
(0.998562 0.0269503 0)
(1.00054 0.0271458 0)
(1.00219 0.0263109 1.08309e-11)
(1.00352 0.0246133 2.06476e-11)
(1.00454 0.02226 9.86398e-12)
(1.00532 0.0194247 -9.46024e-12)
(1.00587 0.0162452 -1.82368e-11)
(1.00626 0.0128286 -8.84219e-12)
(1.00651 0.00925566 3.89598e-28)
(1.00666 0.00558587 0)
(1.00674 0.00186652 -2.54732e-28)
(0.998302 0.0148501 -3.99437e-28)
(0.999178 0.0158237 0)
(0.999978 0.016126 0)
(1.00066 0.015765 -1.08309e-11)
(1.00119 0.0148468 -2.06476e-11)
(1.00159 0.0134935 -9.86398e-12)
(1.00187 0.0118156 9.46024e-12)
(1.00206 0.00990486 1.82368e-11)
(1.00219 0.00783422 8.84219e-12)
(1.00226 0.00565871 0)
(1.00231 0.00341849 0)
(1.00233 0.0011432 -2.54732e-28)
(1.00007 0.00463568 0)
(1.00008 0.00495716 0)
(1.00007 0.00506389 0)
(1.00005 0.00496148 0)
(1.00005 0.0046843 0)
(1.00005 0.00426952 0)
(1.00005 0.00374999 0)
(1.00006 0.00315295 0)
(1.00007 0.00250032 0)
(1.00008 0.00180918 0)
(1.00009 0.00109274 0)
(1.00009 0.000364827 0)
(0.966921 0.198929 -7.72814e-20)
(0.966638 0.116968 -1.3241e-19)
(0.970947 0.0868875 -7.6346e-20)
(0.982165 0.0547203 -4.26678e-20)
(0.987752 0.0384342 -5.6092e-20)
(0.99453 0.023501 -3.43686e-20)
(0.997629 0.0134809 1.44455e-20)
(1.00002 0.00417661 1.33325e-20)
(0.942359 0.182001 4.65694e-20)
(0.952107 0.105299 7.37655e-20)
(0.963988 0.0779488 6.48311e-20)
(0.978131 0.0484944 -4.80319e-20)
(0.985784 0.0342426 -6.37065e-21)
(0.993588 0.0208023 1.64468e-20)
(0.997316 0.012012 9.14903e-21)
(0.999998 0.00371735 -4.51759e-21)
(0.920303 0.159577 -1.25481e-20)
(0.940486 0.0914535 1.20002e-20)
(0.958372 0.0675581 2.06843e-20)
(0.974847 0.0416961 -8.66567e-21)
(0.984284 0.0295571 6.35347e-21)
(0.992869 0.017733 7.32553e-21)
(0.997131 0.0103968 3.21382e-21)
(0.999991 0.00319949 -1.54235e-21)
(0.90174 0.134748 1.22785e-19)
(0.931201 0.0768461 4.96331e-21)
(0.953722 0.0565545 -8.64437e-20)
(0.972145 0.0347349 -1.85676e-20)
(0.983059 0.0246764 4.52376e-20)
(0.992314 0.0147392 2.90502e-20)
(0.997059 0.00870077 2.32097e-20)
(0.999982 0.00265676 -1.70147e-20)
(0.886878 0.107396 1.95429e-20)
(0.923945 0.0610189 -5.11326e-20)
(0.949981 0.0447734 -2.67541e-20)
(0.970015 0.0274122 -6.17861e-21)
(0.982167 0.0195027 -1.36729e-20)
(0.99188 0.0117376 8.31894e-21)
(0.996977 0.00688926 4.50696e-22)
(0.999977 0.00209444 9.73385e-21)
(0.875746 0.0780803 3.00978e-21)
(0.918565 0.0442639 3.66365e-20)
(0.947148 0.032404 -5.33284e-20)
(0.968423 0.019799 8.02971e-21)
(0.981521 0.0140708 2.4216e-20)
(0.991576 0.00847101 1.61259e-20)
(0.996929 0.00498423 3.1617e-20)
(0.999975 0.00151226 1.17845e-20)
(0.86834 0.0473909 -4.38579e-20)
(0.914997 0.0268396 -1.19585e-20)
(0.94524 0.0196157 1.42179e-20)
(0.967361 0.0119676 -1.09863e-20)
(0.981098 0.00847988 -9.12812e-21)
(0.991382 0.00511788 -1.04659e-20)
(0.996904 0.00301407 -1.50354e-20)
(0.999976 0.000913865 -4.27322e-21)
(0.864643 0.0158864 7.13636e-21)
(0.913217 0.0089944 -5.53087e-21)
(0.944277 0.00656744 -5.4893e-21)
(0.966822 0.00400178 5.59925e-21)
(0.980892 0.00282282 -4.1492e-21)
(0.991296 0.00171186 -1.04398e-20)
(0.996893 0.00100848 5.9393e-21)
(0.999977 0.000305697 -4.0229e-21)
(0.864643 -0.0158864 -3.18081e-21)
(0.913217 -0.00899439 7.81092e-21)
(0.944277 -0.00656744 -6.12273e-21)
(0.966822 -0.00400177 -3.49754e-21)
(0.980892 -0.00282282 -3.41126e-21)
(0.991296 -0.00171186 -5.4443e-21)
(0.996893 -0.00100848 5.94491e-21)
(0.999977 -0.000305697 -3.16009e-21)
(0.86834 -0.0473909 2.2154e-20)
(0.914997 -0.0268396 -8.64354e-23)
(0.94524 -0.0196157 2.44046e-20)
(0.967361 -0.0119676 -3.6788e-21)
(0.981098 -0.00847988 8.81045e-21)
(0.991382 -0.00511787 9.92179e-21)
(0.996904 -0.00301407 -1.51419e-20)
(0.999976 -0.000913864 1.1403e-22)
(0.875746 -0.0780803 2.13581e-20)
(0.918565 -0.0442639 -4.59062e-20)
(0.947148 -0.032404 2.32278e-20)
(0.968423 -0.019799 1.55369e-20)
(0.981521 -0.0140708 -5.92049e-21)
(0.991576 -0.00847101 -7.7339e-21)
(0.996929 -0.00498423 -3.03446e-22)
(0.999975 -0.00151226 1.409e-22)
(0.886878 -0.107396 -2.61133e-20)
(0.923945 -0.0610188 4.65197e-20)
(0.949981 -0.0447734 4.64377e-20)
(0.970015 -0.0274122 1.85164e-20)
(0.982167 -0.0195027 2.08441e-21)
(0.99188 -0.0117376 1.78689e-20)
(0.996977 -0.00688926 -1.14061e-20)
(0.999977 -0.00209444 1.02188e-20)
(0.90174 -0.134748 -1.24181e-19)
(0.931201 -0.0768461 3.91092e-20)
(0.953722 -0.0565545 5.97534e-20)
(0.972145 -0.0347349 -5.95033e-21)
(0.983059 -0.0246764 -3.56434e-20)
(0.992314 -0.0147392 -2.71075e-20)
(0.997059 -0.00870077 -2.37935e-21)
(0.999982 -0.00265676 -1.59443e-20)
(0.920303 -0.159577 9.20137e-21)
(0.940486 -0.0914535 -3.22232e-20)
(0.958372 -0.0675581 -1.48797e-20)
(0.974847 -0.0416961 1.69509e-20)
(0.984284 -0.0295571 -2.80635e-20)
(0.992869 -0.017733 -2.66361e-20)
(0.997131 -0.0103968 -4.80364e-21)
(0.999991 -0.00319949 2.03711e-22)
(0.942359 -0.182001 -5.9029e-20)
(0.952107 -0.105299 -8.43529e-20)
(0.963988 -0.0779488 -7.04044e-20)
(0.978131 -0.0484944 3.20201e-20)
(0.985784 -0.0342426 1.04074e-20)
(0.993588 -0.0208023 -2.80195e-20)
(0.997316 -0.012012 -2.37683e-20)
(0.999998 -0.00371735 -6.82436e-22)
(0.966921 -0.198929 9.5309e-20)
(0.966638 -0.116968 1.43299e-19)
(0.970947 -0.0868875 8.63651e-20)
(0.982165 -0.0547203 5.15767e-20)
(0.987752 -0.0384342 6.53323e-20)
(0.99453 -0.023501 4.22693e-20)
(0.997629 -0.0134809 -6.05505e-21)
(1.00002 -0.00417661 -6.06994e-21)
(0.995135 -0.206997 0)
(0.988984 -0.119053 0)
(0.982536 -0.0916484 0)
(0.988975 -0.0585122 0)
(0.991409 -0.0415342 0)
(0.996298 -0.0257135 3.99411e-28)
(0.998302 -0.0148501 3.99437e-28)
(1.00007 -0.00463568 0)
(1.02238 -0.175263 0)
(1.00831 -0.110709 0)
(0.997297 -0.0901746 0)
(0.997381 -0.0589945 0)
(0.996525 -0.0431157 0)
(0.998562 -0.0269503 0)
(0.999178 -0.0158237 0)
(1.00008 -0.00495716 0)
(1.04151 -0.150817 0)
(1.02213 -0.101191 0)
(1.00921 -0.085306 0)
(1.00433 -0.0574335 0)
(1.00111 -0.042926 0)
(1.00054 -0.0271458 0)
(0.999978 -0.0161259 0)
(1.00007 -0.00506389 0)
(1.05405 -0.129242 0)
(1.03221 -0.0908293 0)
(1.01815 -0.0782016 0)
(1.00985 -0.0540881 0)
(1.00487 -0.0410867 0)
(1.00219 -0.0263109 0)
(1.00066 -0.015765 0)
(1.00005 -0.00496148 0)
(1.06159 -0.109006 0)
(1.03915 -0.0797643 0)
(1.0245 -0.0696751 0)
(1.01407 -0.0493839 0)
(1.00775 -0.0379666 0)
(1.00352 -0.0246133 0)
(1.00119 -0.0148468 0)
(1.00005 -0.0046843 0)
(1.06563 -0.0903907 0)
(1.04363 -0.0684404 0)
(1.02878 -0.0604058 0)
(1.01717 -0.043761 0)
(1.00986 -0.0339442 0)
(1.00454 -0.02226 0)
(1.00159 -0.0134935 0)
(1.00005 -0.00426952 0)
(1.06736 -0.0734845 0)
(1.04636 -0.0572032 0)
(1.03152 -0.050865 0)
(1.01936 -0.037548 0)
(1.01134 -0.0293167 0)
(1.00532 -0.0194247 0)
(1.00187 -0.0118156 0)
(1.00005 -0.00374999 0)
(1.0677 -0.0580758 0)
(1.04789 -0.0462186 0)
(1.03318 -0.0413201 0)
(1.02084 -0.0309761 0)
(1.01233 -0.0243025 0)
(1.00587 -0.0162452 2.7534e-28)
(1.00206 -0.00990486 2.7534e-28)
(1.00006 -0.00315295 0)
(1.06732 -0.0438954 7.55789e-29)
(1.04867 -0.0355362 0)
(1.03411 -0.0318965 1.01169e-11)
(1.02181 -0.0242021 1.13244e-11)
(1.01297 -0.0190551 -1.22572e-11)
(1.00626 -0.0128286 -1.29023e-11)
(1.00219 -0.00783422 0)
(1.00007 -0.00250032 4.03864e-28)
(1.06668 -0.0306712 -7.5576e-29)
(1.049 -0.0251406 0)
(1.03459 -0.022634 -1.01169e-11)
(1.02241 -0.017325 -1.13244e-11)
(1.01337 -0.0136763 1.22572e-11)
(1.00651 -0.00925566 1.29023e-11)
(1.00226 -0.00565871 0)
(1.00008 -0.00180918 -4.03864e-28)
(1.0661 -0.0181338 0)
(1.0491 -0.0149756 0)
(1.03481 -0.0135198 0)
(1.02274 -0.0104017 0)
(1.01359 -0.00822881 0)
(1.00666 -0.00558587 0)
(1.00231 -0.00341849 0)
(1.00009 -0.00109274 0)
(1.06576 -0.00601041 0)
(1.04912 -0.00496886 0)
(1.03488 -0.00449822 0)
(1.0229 -0.00346666 0)
(1.01369 -0.00274688 0)
(1.00674 -0.00186652 0)
(1.00233 -0.0011432 0)
(1.00009 -0.000364827 0)
(1.02865 -0.21068 4.79152e-21)
(1.0514 -0.180189 4.79588e-20)
(1.06704 -0.153611 -8.27351e-20)
(1.07648 -0.129816 4.757e-20)
(1.0814 -0.108327 -1.64374e-20)
(1.08333 -0.089191 -1.16397e-20)
(1.08341 -0.0721486 5.46068e-21)
(1.08249 -0.0568197 1.84025e-20)
(1.08119 -0.042844 -1.25271e-20)
(1.07991 -0.0298883 3.94777e-21)
(1.07894 -0.0176354 -4.17606e-21)
(1.07842 -0.00580128 -2.09137e-22)
(1.05955 -0.212054 5.42578e-21)
(1.07635 -0.181998 4.6399e-20)
(1.08707 -0.153891 -4.94731e-21)
(1.09255 -0.129184 4.84337e-22)
(1.0945 -0.107287 -2.00676e-20)
(1.09428 -0.0880509 1.89778e-21)
(1.09282 -0.0710569 9.84002e-21)
(1.09084 -0.055862 -3.25228e-21)
(1.08881 -0.0420684 -3.86651e-21)
(1.08707 -0.0293192 -3.57379e-21)
(1.08585 -0.0172782 3.34277e-22)
(1.08525 -0.00564912 4.95438e-22)
(1.09189 -0.213637 4.04041e-21)
(1.1022 -0.182018 2.47577e-20)
(1.10772 -0.152269 -2.11959e-20)
(1.109 -0.127102 -1.35884e-20)
(1.10784 -0.105191 2.36835e-20)
(1.10535 -0.0861544 -1.37026e-20)
(1.1023 -0.0694323 -6.06976e-21)
(1.09922 -0.0545349 6.22632e-21)
(1.09645 -0.0410423 -1.87318e-21)
(1.09425 -0.0285893 7.93754e-22)
(1.09275 -0.0168361 -6.35414e-23)
(1.09205 -0.00547402 -1.63435e-21)
(1.12211 -0.213734 2.63274e-20)
(1.12516 -0.180175 -9.39225e-21)
(1.126 -0.149244 8.76689e-21)
(1.12382 -0.124011 -7.70461e-21)
(1.12013 -0.102363 1.37704e-21)
(1.1158 -0.0837301 -1.07063e-20)
(1.11143 -0.0674342 4.42909e-21)
(1.10741 -0.0529492 -3.64964e-21)
(1.104 -0.0398425 -1.29844e-22)
(1.10136 -0.02775 1.75279e-21)
(1.09961 -0.0163399 1.07645e-23)
(1.0988 -0.00529372 -7.96352e-22)
(1.15152 -0.211262 -3.94356e-22)
(1.14694 -0.176366 -6.18565e-22)
(1.14311 -0.145112 -4.99867e-22)
(1.13775 -0.120228 7.53416e-22)
(1.13183 -0.0990724 -1.95859e-21)
(1.12589 -0.0809795 -1.64854e-23)
(1.12036 -0.065202 -2.07042e-22)
(1.11549 -0.0511972 -1.84407e-21)
(1.11148 -0.0385286 2.48726e-21)
(1.10843 -0.0268384 -6.10769e-22)
(1.10642 -0.0158091 -2.49862e-22)
(1.10546 -0.00511703 -5.13491e-23)
(1.18029 -0.20605 -1.56572e-20)
(1.16846 -0.170674 5.87483e-21)
(1.16006 -0.139928 -6.73708e-21)
(1.15153 -0.115781 1.80292e-21)
(1.1434 -0.0953613 -4.54754e-22)
(1.13589 -0.0779476 3.19269e-22)
(1.12921 -0.0627753 -4.95884e-22)
(1.12351 -0.0493095 6.3917e-22)
(1.11889 -0.0371227 -4.00213e-22)
(1.11542 -0.0258693 -8.7956e-22)
(1.11312 -0.0152512 5.88192e-22)
(1.11201 -0.00494589 1.62251e-22)
(1.20801 -0.197932 -5.31647e-21)
(1.18955 -0.163377 -1.51753e-21)
(1.17658 -0.133839 1.91697e-21)
(1.16505 -0.110653 -1.92225e-21)
(1.15481 -0.0912123 2.39498e-21)
(1.14576 -0.0746241 -1.11161e-21)
(1.13794 -0.0601519 7.89691e-22)
(1.13139 -0.0472891 -4.6248e-22)
(1.12616 -0.0356298 -1.88394e-22)
(1.12225 -0.0248472 7.61454e-23)
(1.11965 -0.0146676 1.3035e-23)
(1.11838 -0.0047782 6.97188e-23)
(1.2339 -0.187107 7.97257e-21)
(1.20996 -0.154491 -1.87979e-21)
(1.1925 -0.126855 1.04448e-21)
(1.17815 -0.10501 -4.29811e-22)
(1.16591 -0.0867077 -2.25124e-21)
(1.15537 -0.0710466 7.44349e-22)
(1.14644 -0.0573516 7.58165e-22)
(1.13906 -0.0451475 -1.7059e-22)
(1.13321 -0.0340572 1.53779e-23)
(1.12885 -0.0237775 -2.08478e-23)
(1.12595 -0.0140584 -1.65212e-23)
(1.1245 -0.00460861 2.2003e-23)
(1.25719 -0.173813 -1.07198e-20)
(1.22925 -0.144349 2.36731e-21)
(1.20791 -0.119084 -9.91624e-22)
(1.19084 -0.0988545 4.7775e-22)
(1.17664 -0.0818438 3.20627e-21)
(1.16466 -0.0672167 -1.28753e-21)
(1.15464 -0.0543744 -1.17033e-21)
(1.14644 -0.0428836 4.79857e-22)
(1.13997 -0.0324029 -8.44703e-23)
(1.13516 -0.0226572 -2.22236e-22)
(1.13197 -0.0134217 -1.17597e-22)
(1.13034 -0.00443319 -3.15764e-22)
(1.2776 -0.158089 1.27795e-20)
(1.24713 -0.133069 4.01342e-21)
(1.22257 -0.110615 8.71703e-21)
(1.20298 -0.0922115 -8.59164e-21)
(1.18692 -0.076623 -6.74999e-21)
(1.17356 -0.0631348 3.99776e-21)
(1.16249 -0.0512191 -2.86515e-21)
(1.15348 -0.0404946 2.88739e-21)
(1.14639 -0.0306634 -2.44622e-21)
(1.14114 -0.0214815 -2.76066e-22)
(1.13764 -0.0127533 4.17242e-22)
(1.13586 -0.00424716 -2.49474e-22)
(1.29443 -0.139731 -4.82577e-20)
(1.26358 -0.12054 -2.97365e-20)
(1.23666 -0.101482 3.64801e-20)
(1.21467 -0.0851283 -9.05005e-21)
(1.19677 -0.0710798 9.5029e-21)
(1.18205 -0.0588148 -1.25402e-20)
(1.16993 -0.0478852 -2.20496e-22)
(1.16012 -0.0379747 5.23091e-21)
(1.15243 -0.0288311 -1.65465e-21)
(1.14673 -0.0202433 -1.41727e-21)
(1.14294 -0.0120462 1.6426e-21)
(1.141 -0.00404388 2.83554e-22)
(1.30564 -0.118585 -2.00252e-20)
(1.27747 -0.106613 1.18389e-20)
(1.24952 -0.0915117 -1.28747e-21)
(1.22561 -0.0774638 1.56301e-20)
(1.20608 -0.0651389 3.19989e-20)
(1.19008 -0.054216 -2.37325e-20)
(1.17695 -0.0443482 -9.4464e-22)
(1.16634 -0.0353075 -5.52396e-21)
(1.15805 -0.0268938 6.57364e-21)
(1.15192 -0.0189327 -1.63095e-21)
(1.14783 -0.0112926 -5.91195e-22)
(1.14574 -0.00381737 3.01867e-23)
(1.30982 -0.0940757 1.69931e-19)
(1.28987 -0.0910926 -6.94689e-20)
(1.26229 -0.0808099 5.04308e-20)
(1.23645 -0.0694162 -3.93363e-20)
(1.21512 -0.0589368 3.60909e-20)
(1.19772 -0.0493836 -3.53638e-20)
(1.18353 -0.0406078 1.23876e-20)
(1.17212 -0.0324786 -7.31866e-21)
(1.16322 -0.0248344 -1.08946e-20)
(1.15665 -0.0175354 3.14734e-21)
(1.15229 -0.0104827 8.76937e-23)
(1.15006 -0.00356224 -1.12825e-21)
(1.29996 -0.066596 1.21829e-20)
(1.2941 -0.0731304 9.69459e-20)
(1.27072 -0.0680995 -7.17963e-20)
(1.24549 -0.0601219 -3.88587e-20)
(1.22345 -0.0520429 1.69066e-21)
(1.20493 -0.0441403 -3.26935e-20)
(1.18972 -0.0366047 -1.06986e-20)
(1.1775 -0.029469 1.13644e-20)
(1.16798 -0.0226447 -2.78084e-21)
(1.16095 -0.0160461 -2.7708e-21)
(1.1563 -0.0096132 3.75714e-21)
(1.15394 -0.00327658 -2.07545e-21)
(1.28383 -0.0356704 1.60663e-20)
(1.30096 -0.054076 9.9478e-20)
(1.28143 -0.0556072 -1.05041e-20)
(1.25532 -0.051216 8.44995e-22)
(1.23154 -0.0451891 -3.72972e-20)
(1.21155 -0.0387104 5.66616e-21)
(1.19529 -0.0323616 1.67804e-20)
(1.18229 -0.0262345 -4.21078e-21)
(1.17219 -0.0202688 7.82363e-21)
(1.16475 -0.0144181 -4.33147e-21)
(1.15983 -0.00865424 4.45896e-22)
(1.15736 -0.00295039 5.63114e-22)
(1.2196 -0.00413265 8.27636e-21)
(1.2751 -0.0256661 8.96602e-20)
(1.27835 -0.035681 -1.41252e-19)
(1.26141 -0.0383837 7.81107e-20)
(1.23935 -0.0365903 -2.61085e-20)
(1.21861 -0.0325947 -1.61166e-20)
(1.20118 -0.0278642 3.38715e-20)
(1.18715 -0.0229066 -2.49991e-20)
(1.17624 -0.0178627 6.97286e-21)
(1.16823 -0.0127834 -4.81522e-21)
(1.16296 -0.00769323 2.37705e-22)
(1.16033 -0.00261373 3.92043e-21)
(1.19426 0.0312172 0)
(1.27071 0.00494265 0)
(1.28287 -0.00966006 0)
(1.269 -0.0171212 0)
(1.24716 -0.0195495 0)
(1.22571 -0.0192689 0)
(1.20737 -0.0176056 0)
(1.19253 -0.0151376 0)
(1.18101 -0.0121732 4.02524e-28)
(1.17257 -0.00889237 -4.02567e-28)
(1.16704 -0.0054131 0)
(1.1643 -0.00184049 0)
(1.15765 0.0646945 0)
(1.24808 0.0406485 0)
(1.27031 0.0231978 0)
(1.2628 0.0116452 0)
(1.24495 0.00452486 0)
(1.22578 0.000182679 0)
(1.2087 -0.00225411 0)
(1.19458 -0.00331243 0)
(1.18351 -0.00343659 0)
(1.17536 -0.00289326 0)
(1.17001 -0.0019016 0)
(1.16736 -0.000670253 0)
(1.12608 0.0910558 0)
(1.21949 0.0707095 0)
(1.24861 0.0511076 0)
(1.24733 0.0362812 0)
(1.2344 0.0255031 0)
(1.2188 0.0176029 0)
(1.20421 0.0118621 0)
(1.19189 0.00777376 0)
(1.1821 0.00489677 0)
(1.17483 0.00290186 0)
(1.17003 0.00151306 0)
(1.16765 0.000463654 0)
(1.10072 0.114371 0)
(1.19189 0.0958668 0)
(1.2252 0.074444 0)
(1.22892 0.0569512 0)
(1.22034 0.0432952 0)
(1.2082 0.0325932 0)
(1.19626 0.0242059 0)
(1.18594 0.0176216 0)
(1.17763 0.0123974 0)
(1.17141 0.00817274 0)
(1.16729 0.00463829 0)
(1.16524 0.00150099 0)
(1.07914 0.133175 0)
(1.16577 0.115587 0)
(1.20138 0.0932205 0)
(1.20904 0.0739541 0)
(1.20428 0.0581888 0)
(1.19534 0.0453161 0)
(1.18594 0.0348106 0)
(1.17757 0.0261796 0)
(1.17074 0.0189782 0)
(1.16559 0.012832 0)
(1.16215 0.00741527 0)
(1.16044 0.0024241 0)
(1.05962 0.146561 2.7686e-28)
(1.14035 0.129571 -8.13447e-12)
(1.17686 0.107267 1.37873e-28)
(1.18769 0.0871906 7.08228e-12)
(1.18641 0.0701064 -6.58283e-12)
(1.18052 0.0557058 -6.1378e-12)
(1.1736 0.0436057 0)
(1.16717 0.0333625 1.64048e-28)
(1.16181 0.0245513 -5.176e-12)
(1.15771 0.0168037 -4.98367e-12)
(1.15496 0.00979345 0)
(1.15359 0.00321626 1.44889e-28)
(1.04185 0.154457 2.76865e-28)
(1.1158 0.138058 8.13447e-12)
(1.15206 0.116606 0)
(1.16535 0.0965344 -7.08228e-12)
(1.16717 0.0788688 6.58283e-12)
(1.16415 0.0635788 6.1378e-12)
(1.15963 0.0504205 0)
(1.1551 0.039019 1.64048e-28)
(1.15119 0.0289915 5.176e-12)
(1.14815 0.0199941 4.98367e-12)
(1.14608 0.0117141 0)
(1.14504 0.00385764 1.44889e-28)
(1.02617 0.15711 0)
(1.09284 0.141557 0)
(1.12795 0.121505 0)
(1.14293 0.10208 0)
(1.14734 0.084468 0)
(1.14689 0.0688687 0)
(1.14458 0.0551634 0)
(1.14185 0.0430554 0)
(1.13932 0.0322172 0)
(1.13729 0.0223408 0)
(1.13589 0.0131381 0)
(1.13517 0.00433493 0)
(1.01286 0.155002 0)
(1.0721 0.140674 0)
(1.10533 0.122393 0)
(1.12129 0.104116 0)
(1.1277 0.0870825 0)
(1.12941 0.071674 0)
(1.12905 0.0578818 0)
(1.12793 0.04549 0)
(1.12667 0.0342314 0)
(1.12557 0.0238408 0)
(1.12478 0.0140616 0)
(1.12437 0.00464659 0)
(1.00204 0.148794 0)
(1.0539 0.136048 0)
(1.08471 0.119794 0)
(1.10098 0.103038 0)
(1.10884 0.0870025 0)
(1.11228 0.0722045 0)
(1.11356 0.0587268 0)
(1.11383 0.0464298 0)
(1.11369 0.0351079 0)
(1.11342 0.0245417 0)
(1.11317 0.0145112 0)
(1.11303 0.00480124 0)
(0.993655 0.139253 0)
(1.03834 0.128351 0)
(1.06635 0.114284 0)
(1.08239 0.0992995 0)
(1.09118 0.0845833 0)
(1.09594 0.070737 0)
(1.09854 0.0579117 0)
(1.09997 0.0460364 0)
(1.10077 0.0349643 0)
(1.1012 0.0245233 0)
(1.10142 0.0145332 0)
(1.10151 0.00481402 0)
(0.987566 0.127209 0)
(1.02541 0.118296 0)
(1.05041 0.106464 0)
(1.06578 0.0934016 0)
(1.07506 0.0802341 0)
(1.08074 0.0675988 0)
(1.08434 0.0556942 0)
(1.08669 0.0445077 0)
(1.08824 0.0339469 0)
(1.08925 0.0238862 0)
(1.08985 0.0141861 0)
(1.09014 0.00470418 0)
(0.983536 0.113537 0)
(1.01505 0.10661 0)
(1.03694 0.0969686 0)
(1.05133 0.0858918 0)
(1.0607 0.0744101 0)
(1.06694 0.0631589 0)
(1.07124 0.0523676 0)
(1.07426 0.0420709 0)
(1.07638 0.0322242 0)
(1.07783 0.0227461 0)
(1.07874 0.0135378 0)
(1.07917 0.00449404 0)
(0.981282 0.0990986 0)
(1.0071 0.0940256 0)
(1.02594 0.0864537 0)
(1.03908 0.0773383 0)
(1.04822 0.0675877 0)
(1.05471 0.0578077 0)
(1.05942 0.048244 0)
(1.06288 0.038968 0)
(1.0654 0.0299764 0)
(1.06716 0.0212277 0)
(1.06828 0.0126613 0)
(1.06882 0.00420762 0)
(0.980486 0.0846828 0)
(1.00132 0.081248 0)
(1.01725 0.0755543 0)
(1.02901 0.0682919 0)
(1.03766 0.0602318 0)
(1.04411 0.0519288 0)
(1.04899 0.0436322 0)
(1.05268 0.0354403 0)
(1.05542 0.0273837 0)
(1.05737 0.0194557 0)
(1.05863 0.0116298 0)
(1.05924 0.00386911 0)
(0.980813 0.0709554 0)
(0.997395 0.0688931 0)
(1.01066 0.0648272 0)
(1.02097 0.0592382 0)
(1.02894 0.0527542 0)
(1.03513 0.045864 0)
(1.03995 0.038809 0)
(1.04369 0.0317053 0)
(1.04652 0.0246096 -5.78202e-29)
(1.04855 0.017544 5.78202e-29)
(1.04986 0.0105106 0)
(1.05051 0.00350069 0)
(0.981928 0.0584294 0)
(0.994983 0.057449 0)
(1.00587 0.0547251 0)
(1.01474 0.050579 0)
(1.02191 0.0455009 0)
(1.02767 0.0399041 0)
(1.03228 0.0340133 0)
(1.03592 0.0279532 0)
(1.03871 0.0217987 0)
(1.04073 0.0155937 0)
(1.04204 0.00936342 0)
(1.04269 0.00312213 0)
(0.983562 0.0473952 0)
(0.993747 0.0472151 0)
(1.00257 0.0455433 0)
(1.01007 0.0425865 4.52337e-30)
(1.01637 0.0387114 0)
(1.02158 0.0342543 0)
(1.02585 0.0294157 0)
(1.02927 0.0243212 1.57048e-29)
(1.03193 0.0190561 0)
(1.03386 0.0136792 0)
(1.03513 0.00823282 0)
(1.03576 0.00274834 0)
(0.98543 0.0380217 0)
(0.993334 0.0383833 0)
(1.00042 0.0374903 0)
(1.00668 0.0354691 4.52337e-30)
(1.0121 0.0325818 0)
(1.01672 0.0290914 0)
(1.02058 0.0251703 0)
(1.02371 0.0209378 1.57048e-29)
(1.02616 0.0164829 0)
(1.02797 0.0118731 0)
(1.02916 0.00716191 0)
(1.02975 0.00239344 0)
(0.987445 0.0301944 0)
(0.993531 0.0308962 0)
(0.999149 0.0305519 0)
(1.00428 0.0292378 0)
(1.00885 0.0271353 0)
(1.01284 0.0244431 0)
(1.01622 0.0213043 0)
(1.019 0.0178274 0)
(1.0212 0.0140995 0)
(1.02284 0.0101911 0)
(1.02391 0.00616161 0)
(1.02445 0.00206169 0)
(0.989279 0.0239844 0)
(0.993993 0.024852 0)
(0.998456 0.0248625 0)
(1.00264 0.0240555 0)
(1.00647 0.0225488 0)
(1.00988 0.0204868 0)
(1.01281 0.0179846 0)
(1.01526 0.0151372 0)
(1.01721 0.012026 0)
(1.01866 0.00872089 0)
(1.01963 0.00528305 0)
(1.02011 0.00176909 0)
(0.991272 0.0187872 0)
(0.994816 0.0197313 0)
(0.998249 0.0199656 0)
(1.00154 0.0195168 0)
(1.00462 0.0184634 0)
(1.0074 0.0169087 0)
(1.00983 0.0149425 0)
(1.01187 0.012645 0)
(1.01351 0.0100889 0)
(1.01474 0.00733973 0)
(1.01556 0.00445742 0)
(1.01598 0.00149508 0)
(0.992516 0.0153307 0)
(0.995362 0.0162468 0)
(0.998157 0.0165915 0)
(1.00089 0.016365 0)
(1.00348 0.0156104 0)
(1.00586 0.0143995 0)
(1.00796 0.0128025 0)
(1.00975 0.0108876 0)
(1.0112 0.00872014 0)
(1.01229 0.00636069 0)
(1.01302 0.00386609 0)
(1.01338 0.00129597 0)
(0.994855 0.0113788 0)
(0.996675 0.0122549 0)
(0.998502 0.0126649 0)
(1.00033 0.0126156 0)
(1.00209 0.0121394 0)
(1.00374 0.0112833 0)
(1.00522 0.010097 0)
(1.00649 0.00863283 0)
(1.00753 0.00694399 0)
(1.00831 0.00508289 0)
(1.00885 0.00310045 0)
(1.00911 0.00104256 0)
(0.993696 0.0631155 -3.36418e-20)
(0.983449 0.0957041 -8.56391e-20)
(0.975767 0.118594 4.85595e-20)
(0.970605 0.138551 9.52863e-20)
(0.965312 0.154408 -2.75205e-20)
(0.959841 0.164592 -5.73709e-22)
(0.954722 0.168913 1.61896e-20)
(0.950621 0.167825 -1.85293e-20)
(0.948018 0.162121 3.03696e-21)
(0.947081 0.15274 5.20884e-21)
(0.947741 0.140612 1.39784e-21)
(0.949787 0.126607 2.05909e-21)
(0.952931 0.111557 5.3381e-22)
(0.956853 0.0962535 2.97e-22)
(0.96124 0.0814014 -8.61755e-22)
(0.965826 0.0675675 -1.21467e-21)
(0.970367 0.0551651 1.15529e-23)
(0.974717 0.0443964 1.10434e-22)
(0.978692 0.0353604 -7.36641e-23)
(0.982351 0.0278926 -1.31883e-22)
(0.985398 0.0220263 7.86151e-23)
(0.988405 0.0171505 1.38583e-22)
(0.990237 0.0139445 -1.90199e-23)
(0.993404 0.0102714 -1.90306e-23)
(0.838014 0.0723982 2.50285e-20)
(0.834089 0.101306 1.42318e-19)
(0.842314 0.123286 1.2111e-19)
(0.853608 0.141972 2.65887e-20)
(0.86311 0.156377 -1.36788e-19)
(0.871157 0.164968 -5.34956e-20)
(0.878429 0.167664 -1.09561e-20)
(0.885602 0.165096 -9.03769e-21)
(0.893197 0.158191 4.91954e-21)
(0.901419 0.147939 2.87815e-21)
(0.910218 0.135275 -5.04548e-22)
(0.919393 0.121046 1.0029e-21)
(0.928669 0.106037 1.04845e-21)
(0.937762 0.0909806 7.26865e-22)
(0.946417 0.0765331 1.98409e-22)
(0.954453 0.063211 3.69778e-22)
(0.961724 0.0513721 -2.53717e-22)
(0.968198 0.0411716 6.41382e-22)
(0.973792 0.0326667 8.41115e-22)
(0.978689 0.0256815 4.46643e-22)
(0.982636 0.0202149 4.92563e-23)
(0.986374 0.0157017 6.96806e-23)
(0.988635 0.0127251 -3.02036e-23)
(0.992375 0.00934748 -5.46292e-25)
(0.674311 0.0756784 5.15738e-20)
(0.676233 0.0985237 9.49545e-20)
(0.697405 0.119274 1.16207e-19)
(0.722728 0.137031 4.41024e-20)
(0.746538 0.150514 -8.07042e-21)
(0.769011 0.158228 1.098e-20)
(0.790295 0.160072 -1.3722e-21)
(0.810646 0.156765 -1.35961e-20)
(0.830341 0.149332 -3.64475e-22)
(0.849463 0.138823 2.08019e-21)
(0.867907 0.126189 -2.67106e-22)
(0.88546 0.112266 -5.63402e-22)
(0.901871 0.0978024 -1.18625e-21)
(0.916914 0.0834751 -7.61895e-22)
(0.930426 0.0698731 1.08882e-21)
(0.94234 0.0574439 9.56585e-22)
(0.952641 0.0464826 7.91032e-23)
(0.961441 0.0371027 -3.80173e-22)
(0.968783 0.0293258 2.63964e-22)
(0.974992 0.0229771 8.20542e-22)
(0.979886 0.0180245 1.62224e-22)
(0.984368 0.0139665 -7.47373e-23)
(0.987072 0.0112766 1.58027e-23)
(0.991373 0.00826458 1.28164e-23)
(0.509169 0.0716593 -1.32175e-20)
(0.5183 0.0898578 -1.40295e-19)
(0.549952 0.108649 -3.34303e-20)
(0.58644 0.124879 -1.4529e-21)
(0.623017 0.137286 1.66735e-20)
(0.659504 0.144332 1.62471e-20)
(0.695174 0.145789 8.79666e-21)
(0.729567 0.142355 -8.88517e-21)
(0.762449 0.135067 1.20085e-21)
(0.79358 0.124983 4.21952e-21)
(0.822683 0.113044 8.72086e-22)
(0.849473 0.100055 4.24801e-22)
(0.873707 0.0867197 1.36807e-21)
(0.895224 0.0736512 2.26854e-22)
(0.91397 0.0613614 4.84884e-22)
(0.930018 0.0502212 -5.93136e-23)
(0.943513 0.0404637 -6.5645e-22)
(0.954733 0.0321666 7.901e-22)
(0.963875 0.025325 -1.43581e-22)
(0.971414 0.0197725 1.76858e-22)
(0.977258 0.0154559 -1.30558e-22)
(0.982468 0.0119439 -2.17726e-22)
(0.98561 0.00960924 -1.23693e-22)
(0.99044 0.00702358 -4.29844e-23)
(0.353869 0.060792 -1.13249e-19)
(0.370424 0.0754779 -1.37122e-20)
(0.410012 0.09152 6.57505e-20)
(0.45494 0.105469 4.21035e-20)
(0.502273 0.116305 -2.96765e-21)
(0.551378 0.122522 2.70051e-20)
(0.60062 0.1238 1.62547e-20)
(0.648708 0.120746 1.58299e-20)
(0.694732 0.114304 4.60642e-21)
(0.737979 0.105443 9.09465e-22)
(0.777888 0.0950215 -2.43571e-22)
(0.814045 0.0837683 -2.07802e-22)
(0.846184 0.0723039 5.58319e-22)
(0.874204 0.0611546 4.42527e-22)
(0.898168 0.0507431 -6.97328e-22)
(0.918301 0.0413652 -1.37854e-21)
(0.934923 0.0331992 -1.44075e-21)
(0.948489 0.0262939 -4.44708e-22)
(0.959358 0.0206277 1.74928e-22)
(0.968157 0.0160528 2.51174e-22)
(0.974893 0.012508 2.24629e-22)
(0.980773 0.0096412 -1.12017e-23)
(0.984319 0.00773281 6.47493e-24)
(0.989622 0.0056362 4.24182e-23)
(0.221072 0.0453789 6.26102e-20)
(0.24415 0.0568516 -3.61629e-20)
(0.289012 0.0692057 -7.42068e-20)
(0.339996 0.0800045 -4.14313e-20)
(0.39582 0.088544 -3.52605e-21)
(0.455358 0.0935041 -2.44272e-21)
(0.51622 0.0945738 5.47274e-21)
(0.576337 0.0922178 -6.74502e-22)
(0.6341 0.0871888 5.51193e-22)
(0.688277 0.0802671 7.46919e-22)
(0.737981 0.0721476 -6.35713e-22)
(0.782632 0.0634168 1.42796e-22)
(0.821921 0.0545668 1.22876e-21)
(0.855796 0.0460053 9.54552e-22)
(0.884429 0.0380499 7.50517e-22)
(0.908193 0.0309187 8.26174e-22)
(0.927575 0.0247372 2.86239e-22)
(0.943196 0.019533 2.68545e-22)
(0.955563 0.0152793 6.96629e-22)
(0.965446 0.0118589 -6.49861e-23)
(0.972943 0.00921586 2.39443e-22)
(0.979387 0.00708871 1.43647e-22)
(0.983273 0.00567166 -1.10387e-23)
(0.988961 0.00412378 2.36103e-23)
(0.123295 0.0277081 2.37177e-20)
(0.151261 0.0352762 -2.16107e-20)
(0.199076 0.0430927 -2.59909e-20)
(0.254013 0.0499496 -7.22791e-21)
(0.315784 0.0554472 -2.20685e-21)
(0.382842 0.0586699 -5.10326e-21)
(0.452274 0.0593987 -1.2029e-21)
(0.521411 0.0579241 -2.63831e-21)
(0.588074 0.05473 -1.02838e-21)
(0.650594 0.0503231 -1.18095e-23)
(0.707797 0.0451571 4.6767e-22)
(0.758953 0.0396146 9.85237e-22)
(0.803708 0.0340137 -3.22296e-22)
(0.842045 0.028614 -1.15875e-21)
(0.87422 0.0236131 -1.39184e-21)
(0.900726 0.0191447 -2.05404e-22)
(0.92218 0.0152836 8.12769e-22)
(0.939334 0.0120426 2.69678e-22)
(0.952814 0.00940075 1.52935e-22)
(0.963495 0.00728245 1.25968e-22)
(0.97155 0.00564882 1.13519e-23)
(0.978402 0.0043385 -1.31255e-22)
(0.982534 0.00346524 -1.68336e-23)
(0.988497 0.00251503 -9.15165e-24)
(0.0712235 0.00927956 1.11355e-21)
(0.101845 0.0119517 7.0537e-21)
(0.150905 0.0146309 1.74961e-22)
(0.20781 0.0169838 5.14134e-21)
(0.272669 0.0188843 3.41046e-21)
(0.343688 0.0200037 2.93823e-21)
(0.417692 0.0202638 -5.91736e-22)
(0.491682 0.0197632 -1.12997e-21)
(0.563162 0.0186685 -1.85571e-22)
(0.630213 0.0171554 -1.39067e-22)
(0.691497 0.0153817 -3.17531e-22)
(0.746191 0.0134804 -2.56339e-23)
(0.793918 0.011562 3.30124e-22)
(0.834674 0.00971561 -1.56735e-22)
(0.868766 0.00800838 -2.79219e-22)
(0.896751 0.00648547 -3.31655e-22)
(0.919318 0.00517161 -1.51544e-22)
(0.937294 0.00407044 -1.83899e-23)
(0.951368 0.0031741 -5.34246e-23)
(0.962473 0.00245644 1.11594e-23)
(0.970823 0.00190355 -1.54759e-23)
(0.977891 0.00146086 1.14277e-23)
(0.982151 0.00116575 4.85204e-24)
(0.988257 0.000845294 7.37034e-24)
)
;

boundaryField
{
    inlet
    {
        type            uniformFixedValue;
        uniformValue    constant (1 0 0);
        value           uniform (1 0 0);
    }
    outlet
    {
        type            pressureInletOutletVelocity;
        value           nonuniform List<vector> 
40
(
(0.994855 -0.0113788 0)
(0.996675 -0.0122549 0)
(0.998502 -0.0126649 0)
(1.00033 -0.0126156 0)
(1.00209 -0.0121394 0)
(1.00374 -0.0112833 0)
(1.00522 -0.010097 0)
(1.00649 -0.00863283 0)
(1.00753 -0.00694399 -3.47943e-30)
(1.00831 -0.00508289 3.47941e-30)
(1.00885 -0.00310044 0)
(1.00911 -0.00104256 0)
(0.988257 -0.000845292 2.35945e-24)
(0.988497 -0.00251503 -3.55907e-24)
(0.988961 -0.00412377 2.63136e-24)
(0.989622 -0.0056362 5.6716e-24)
(0.99044 -0.00702357 -2.80823e-23)
(0.991373 -0.00826458 -2.98343e-23)
(0.992375 -0.00934748 2.62242e-23)
(0.993404 -0.0102714 1.06406e-23)
(0.993404 0.0102714 -1.90306e-23)
(0.992375 0.00934748 -5.46292e-25)
(0.991373 0.00826458 1.28164e-23)
(0.99044 0.00702358 -4.29844e-23)
(0.989622 0.0056362 4.24182e-23)
(0.988961 0.00412378 2.36103e-23)
(0.988497 0.00251503 -9.15165e-24)
(0.988257 0.000845294 7.37034e-24)
(0.994855 0.0113788 0)
(0.996675 0.0122549 0)
(0.998502 0.0126649 0)
(1.00033 0.0126156 0)
(1.00209 0.0121394 0)
(1.00374 0.0112833 0)
(1.00522 0.010097 0)
(1.00649 0.00863283 0)
(1.00753 0.00694399 0)
(1.00831 0.00508289 0)
(1.00885 0.00310045 0)
(1.00911 0.00104256 0)
)
;
    }
    cylinder
    {
        type            fixedValue;
        value           uniform (0 0 0);
    }
    top
    {
        type            symmetryPlane;
    }
    bottom
    {
        type            symmetryPlane;
    }
    defaultFaces
    {
        type            empty;
    }
}


// ************************************************************************* //
